,y,D,ite
0,0.0,0,0.0
1,31.0,1,0.0
2,0.0,0,0.0
3,12.0,0,3.0
4,17.0,0,-0.0
5,24.0,0,1.0
6,2.0,0,0.0
7,19.0,0,-1.0
8,3.0,0,-1.0
9,13.0,0,-0.0
10,2.0,1,2.0
11,0.0,0,3.0
12,8.0,0,-0.0
13,0.0,0,0.0
14,0.0,0,2.0
15,31.0,1,0.0
16,24.0,1,1.0
17,15.0,0,4.0
18,20.0,0,3.0
19,24.0,0,1.0
20,30.0,0,1.0
21,14.0,0,-1.0
22,6.0,0,0.0
23,0.0,0,2.0
24,0.0,0,0.0
25,0.0,0,1.0
26,0.0,0,0.0
27,31.0,0,0.0
28,11.0,0,-2.0
29,0.0,0,0.0
30,17.0,0,3.0
31,25.0,0,5.0
32,2.0,0,-2.0
33,0.0,0,2.0
34,22.0,0,2.0
35,0.0,0,2.0
36,0.0,0,1.0
37,0.0,0,0.0
38,0.0,0,1.0
39,1.0,1,1.0
40,0.0,1,0.0
41,11.0,0,0.0
42,19.0,1,-0.0
43,0.0,0,2.0
44,0.0,0,0.0
45,0.0,0,0.0
46,11.0,0,1.0
47,1.0,1,1.0
48,0.0,0,0.0
49,28.0,1,1.0
50,21.0,0,1.0
51,1.0,0,-1.0
52,30.0,0,0.0
53,0.0,1,0.0
54,3.0,0,2.0
55,16.0,0,2.0
56,22.0,0,1.0
57,10.0,0,2.0
58,27.0,1,2.0
59,0.0,1,0.0
60,31.0,1,0.0
61,23.0,0,2.0
62,25.0,1,-1.0
63,20.0,0,1.0
64,0.0,0,0.0
65,31.0,0,-0.0
66,0.0,0,4.0
67,12.0,0,-1.0
68,1.0,1,1.0
69,18.0,0,1.0
70,0.0,0,2.0
71,0.0,0,2.0
72,0.0,0,0.0
73,19.0,0,3.0
74,27.0,0,1.0
75,5.0,1,5.0
76,7.0,0,-2.0
77,0.0,0,0.0
78,17.0,1,2.0
79,13.0,0,-1.0
80,24.0,0,-0.0
81,2.0,0,0.0
82,1.0,1,1.0
83,17.0,0,3.0
84,20.0,0,1.0
85,1.0,1,1.0
86,0.0,0,1.0
87,17.0,0,1.0
88,26.0,1,2.0
89,26.0,0,1.0
90,0.0,0,0.0
91,31.0,0,0.0
92,31.0,1,1.0
93,0.0,0,2.0
94,0.0,0,1.0
95,29.0,0,1.0
96,0.0,0,1.0
97,1.0,1,1.0
98,0.0,0,2.0
99,0.0,1,0.0
100,14.0,0,1.0
101,29.0,0,2.0
102,0.0,1,0.0
103,0.0,0,2.0
104,19.0,1,-1.0
105,8.0,0,3.0
106,0.0,0,5.0
107,0.0,1,0.0
108,0.0,0,0.0
109,11.0,0,2.0
110,31.0,0,-1.0
111,31.0,0,0.0
112,0.0,0,0.0
113,1.0,0,-0.0
114,0.0,0,1.0
115,27.0,1,2.0
116,0.0,0,0.0
117,26.0,0,-2.0
118,13.0,0,4.0
119,29.0,0,0.0
120,17.0,0,1.0
121,0.0,0,1.0
122,27.0,0,0.0
123,17.0,0,0.0
124,25.0,0,0.0
125,0.0,0,2.0
126,18.0,0,0.0
127,13.0,0,2.0
128,31.0,0,0.0
129,9.0,0,-1.0
130,0.0,0,0.0
131,0.0,0,0.0
132,14.0,0,-0.0
133,29.0,0,2.0
134,15.0,0,-1.0
135,0.0,0,2.0
136,3.0,1,-1.0
137,0.0,1,0.0
138,0.0,0,0.0
139,31.0,0,0.0
140,3.0,0,-1.0
141,31.0,0,0.0
142,28.0,1,-3.0
143,0.0,0,0.0
144,17.0,0,4.0
145,31.0,0,0.0
146,4.0,0,1.0
147,0.0,0,0.0
148,30.0,0,1.0
149,0.0,0,0.0
150,0.0,0,1.0
151,7.0,0,1.0
152,0.0,0,0.0
153,11.0,0,-2.0
154,0.0,0,0.0
155,0.0,0,1.0
156,0.0,0,1.0
157,31.0,0,0.0
158,31.0,0,0.0
159,0.0,0,0.0
160,0.0,1,0.0
161,0.0,0,1.0
162,0.0,0,0.0
163,30.0,0,-1.0
164,4.0,0,3.0
165,1.0,1,1.0
166,0.0,0,2.0
167,31.0,0,0.0
168,0.0,0,3.0
169,28.0,0,3.0
170,31.0,0,0.0
171,0.0,0,0.0
172,23.0,0,4.0
173,30.0,0,1.0
174,16.0,0,-0.0
175,30.0,0,-0.0
176,31.0,1,0.0
177,0.0,0,0.0
178,19.0,0,-0.0
179,0.0,1,0.0
180,4.0,0,2.0
181,4.0,0,2.0
182,23.0,1,0.0
183,31.0,1,3.0
184,0.0,0,4.0
185,0.0,1,0.0
186,0.0,0,0.0
187,0.0,0,2.0
188,31.0,0,0.0
189,20.0,1,4.0
190,27.0,1,1.0
191,0.0,0,0.0
192,30.0,1,0.0
193,0.0,0,0.0
194,22.0,0,1.0
195,0.0,0,3.0
196,18.0,1,0.0
197,0.0,0,2.0
198,1.0,1,1.0
199,12.0,0,1.0
200,31.0,1,0.0
201,0.0,0,1.0
202,0.0,0,2.0
203,0.0,0,0.0
204,0.0,0,0.0
205,13.0,0,1.0
206,0.0,0,1.0
207,17.0,0,2.0
208,31.0,1,-0.0
209,31.0,1,0.0
210,14.0,1,-0.0
211,1.0,1,1.0
212,0.0,0,0.0
213,0.0,0,0.0
214,0.0,0,2.0
215,31.0,0,0.0
216,22.0,0,2.0
217,25.0,0,1.0
218,0.0,0,1.0
219,0.0,0,0.0
220,0.0,0,0.0
221,21.0,0,3.0
222,14.0,0,1.0
223,26.0,0,-0.0
224,16.0,0,1.0
225,26.0,0,-1.0
226,14.0,0,1.0
227,29.0,0,0.0
228,31.0,1,0.0
229,0.0,0,1.0
230,31.0,0,0.0
231,0.0,0,2.0
232,21.0,0,0.0
233,0.0,0,0.0
234,0.0,0,1.0
235,0.0,0,0.0
236,0.0,1,0.0
237,28.0,0,1.0
238,24.0,0,0.0
239,4.0,0,-0.0
240,0.0,0,0.0
241,0.0,0,0.0
242,13.0,0,-1.0
243,0.0,0,1.0
244,0.0,0,0.0
245,28.0,0,1.0
246,17.0,1,0.0
247,27.0,0,4.0
248,24.0,0,0.0
249,0.0,0,0.0
250,19.0,0,-0.0
251,1.0,0,1.0
252,31.0,0,0.0
253,7.0,0,1.0
254,0.0,0,3.0
255,0.0,0,2.0
256,11.0,0,1.0
257,0.0,0,1.0
258,31.0,0,0.0
259,7.0,0,3.0
260,0.0,0,1.0
261,25.0,0,-0.0
262,27.0,0,3.0
263,0.0,0,0.0
264,19.0,0,2.0
265,0.0,0,0.0
266,3.0,1,2.0
267,28.0,1,-1.0
268,0.0,0,0.0
269,31.0,0,-1.0
270,31.0,0,-1.0
271,16.0,0,-1.0
272,23.0,0,-0.0
273,19.0,0,-1.0
274,16.0,0,-0.0
275,0.0,0,0.0
276,16.0,0,1.0
277,13.0,1,2.0
278,4.0,1,-0.0
279,28.0,0,0.0
280,0.0,0,3.0
281,25.0,0,1.0
282,31.0,0,-1.0
283,1.0,1,1.0
284,4.0,0,2.0
285,17.0,0,2.0
286,24.0,0,5.0
287,21.0,0,-1.0
288,0.0,0,1.0
289,0.0,0,0.0
290,2.0,1,2.0
291,13.0,0,-1.0
292,2.0,0,4.0
293,0.0,0,0.0
294,17.0,0,2.0
295,16.0,0,-0.0
296,0.0,0,1.0
297,19.0,0,-2.0
298,29.0,0,1.0
299,0.0,0,0.0
300,22.0,0,3.0
301,4.0,0,-0.0
302,10.0,0,-0.0
303,30.0,0,-0.0
304,0.0,1,0.0
305,0.0,0,1.0
306,0.0,0,0.0
307,23.0,0,0.0
308,9.0,0,1.0
309,0.0,0,0.0
310,29.0,0,2.0
311,15.0,0,-0.0
312,14.0,1,-1.0
313,0.0,0,1.0
314,1.0,0,-0.0
315,19.0,0,2.0
316,15.0,0,1.0
317,6.0,1,-1.0
318,0.0,0,0.0
319,7.0,0,-0.0
320,25.0,0,-1.0
321,12.0,0,2.0
322,11.0,1,-1.0
323,0.0,0,0.0
324,31.0,0,0.0
325,15.0,0,4.0
326,22.0,0,3.0
327,0.0,0,3.0
328,14.0,0,-3.0
329,13.0,0,2.0
330,6.0,0,1.0
331,17.0,0,-3.0
332,15.0,0,2.0
333,0.0,0,0.0
334,14.0,0,2.0
335,27.0,1,3.0
336,3.0,0,3.0
337,15.0,0,1.0
338,12.0,0,-0.0
339,5.0,0,0.0
340,31.0,0,0.0
341,3.0,0,-2.0
342,27.0,0,2.0
343,0.0,0,2.0
344,14.0,0,1.0
345,0.0,0,0.0
346,24.0,0,1.0
347,28.0,0,1.0
348,0.0,0,2.0
349,0.0,0,0.0
350,9.0,0,-1.0
351,0.0,0,0.0
352,13.0,1,3.0
353,21.0,0,2.0
354,0.0,0,1.0
355,31.0,1,-0.0
356,0.0,0,0.0
357,0.0,0,5.0
358,0.0,1,0.0
359,0.0,0,3.0
360,0.0,0,3.0
361,0.0,0,1.0
362,26.0,0,-2.0
363,26.0,0,2.0
364,17.0,0,5.0
365,11.0,0,-1.0
366,4.0,0,3.0
367,0.0,0,5.0
368,11.0,0,-0.0
369,0.0,0,0.0
370,26.0,0,1.0
371,21.0,0,2.0
372,2.0,1,2.0
373,28.0,0,1.0
374,22.0,0,2.0
375,27.0,0,1.0
376,31.0,0,0.0
377,28.0,0,3.0
378,7.0,0,2.0
379,0.0,0,2.0
380,24.0,0,3.0
381,3.0,0,3.0
382,28.0,0,1.0
383,7.0,1,1.0
384,0.0,0,0.0
385,7.0,0,-0.0
386,24.0,0,2.0
387,12.0,0,-0.0
388,0.0,0,0.0
389,0.0,0,0.0
390,0.0,0,2.0
391,0.0,0,2.0
392,5.0,0,3.0
393,30.0,0,1.0
394,22.0,0,3.0
395,30.0,0,1.0
396,0.0,0,1.0
397,0.0,0,2.0
398,23.0,0,1.0
399,0.0,0,0.0
400,24.0,0,-2.0
401,0.0,0,2.0
402,18.0,0,2.0
403,31.0,0,0.0
404,4.0,0,4.0
405,27.0,0,-1.0
406,16.0,0,2.0
407,0.0,0,0.0
408,31.0,0,0.0
409,31.0,0,0.0
410,0.0,0,5.0
411,0.0,0,0.0
412,0.0,0,0.0
413,19.0,0,-1.0
414,0.0,0,1.0
415,0.0,0,0.0
416,0.0,0,0.0
417,0.0,0,1.0
418,7.0,0,2.0
419,25.0,1,0.0
420,0.0,0,5.0
421,0.0,1,0.0
422,28.0,0,1.0
423,31.0,1,0.0
424,31.0,0,0.0
425,0.0,0,0.0
426,22.0,0,1.0
427,0.0,0,1.0
428,25.0,0,-0.0
429,5.0,1,3.0
430,13.0,0,1.0
431,8.0,0,-0.0
432,25.0,0,1.0
433,0.0,1,0.0
434,20.0,0,3.0
435,4.0,0,-1.0
436,2.0,1,-1.0
437,0.0,0,0.0
438,13.0,0,3.0
439,18.0,0,-0.0
440,0.0,0,0.0
441,0.0,0,0.0
442,7.0,0,-1.0
443,31.0,0,0.0
444,15.0,0,1.0
445,0.0,0,0.0
446,14.0,0,-0.0
447,6.0,0,-0.0
448,27.0,0,0.0
449,0.0,0,3.0
450,0.0,0,6.0
451,0.0,0,0.0
452,0.0,0,2.0
453,12.0,1,0.0
454,7.0,0,3.0
455,27.0,0,1.0
456,0.0,0,0.0
457,13.0,0,-0.0
458,0.0,0,0.0
459,31.0,1,0.0
460,19.0,0,2.0
461,14.0,1,0.0
462,16.0,0,3.0
463,0.0,1,0.0
464,25.0,0,4.0
465,31.0,1,0.0
466,30.0,1,-1.0
467,29.0,0,-1.0
468,0.0,0,1.0
469,30.0,0,1.0
470,0.0,0,0.0
471,15.0,0,1.0
472,0.0,0,0.0
473,11.0,1,-1.0
474,0.0,0,3.0
475,7.0,1,7.0
476,4.0,0,4.0
477,1.0,0,-1.0
478,29.0,1,2.0
479,0.0,1,0.0
480,17.0,0,-0.0
481,31.0,0,-1.0
482,0.0,0,0.0
483,26.0,0,1.0
484,3.0,0,-2.0
485,1.0,0,0.0
486,0.0,0,0.0
487,27.0,0,-1.0
488,1.0,0,-1.0
489,0.0,0,2.0
490,0.0,0,0.0
491,0.0,0,0.0
492,0.0,1,-2.0
493,0.0,0,1.0
494,26.0,0,0.0
495,0.0,0,2.0
496,26.0,0,0.0
497,0.0,0,1.0
498,0.0,0,0.0
499,27.0,0,2.0
500,24.0,0,-2.0
501,17.0,0,-1.0
502,26.0,0,2.0
503,0.0,0,0.0
504,0.0,0,0.0
505,1.0,1,1.0
506,0.0,0,0.0
507,14.0,0,1.0
508,0.0,0,1.0
509,0.0,0,0.0
510,0.0,0,1.0
511,0.0,0,0.0
512,0.0,0,1.0
513,0.0,0,0.0
514,24.0,0,-2.0
515,0.0,1,0.0
516,0.0,0,0.0
517,0.0,0,0.0
518,0.0,0,0.0
519,0.0,0,0.0
520,31.0,0,0.0
521,31.0,0,0.0
522,20.0,0,-1.0
523,0.0,0,0.0
524,0.0,0,3.0
525,0.0,0,1.0
526,12.0,0,3.0
527,5.0,0,1.0
528,15.0,0,0.0
529,31.0,0,-0.0
530,0.0,0,1.0
531,26.0,0,-1.0
532,20.0,0,0.0
533,19.0,0,-0.0
534,0.0,0,0.0
535,0.0,0,3.0
536,18.0,0,3.0
537,31.0,0,-0.0
538,29.0,0,1.0
539,4.0,1,-0.0
540,10.0,0,-3.0
541,31.0,0,0.0
542,0.0,0,2.0
543,0.0,0,0.0
544,29.0,1,3.0
545,8.0,0,4.0
546,0.0,0,1.0
547,22.0,0,3.0
548,24.0,0,-1.0
549,19.0,0,-1.0
550,0.0,0,0.0
551,24.0,0,0.0
552,0.0,0,0.0
553,22.0,0,1.0
554,19.0,0,1.0
555,2.0,0,1.0
556,26.0,0,-0.0
557,0.0,0,0.0
558,2.0,1,2.0
559,22.0,0,-1.0
560,13.0,0,2.0
561,31.0,0,0.0
562,0.0,0,0.0
563,31.0,0,-1.0
564,0.0,0,0.0
565,15.0,0,1.0
566,0.0,0,2.0
567,20.0,0,-2.0
568,11.0,0,-1.0
569,5.0,0,-1.0
570,0.0,0,0.0
571,12.0,0,-1.0
572,16.0,0,1.0
573,13.0,0,-1.0
574,3.0,1,3.0
575,30.0,0,1.0
576,12.0,0,-1.0
577,29.0,0,1.0
578,6.0,0,-1.0
579,29.0,0,1.0
580,0.0,0,0.0
581,0.0,0,1.0
582,10.0,0,-0.0
583,26.0,0,0.0
584,5.0,1,3.0
585,0.0,1,0.0
586,11.0,0,2.0
587,0.0,0,0.0
588,31.0,0,-2.0
589,13.0,0,1.0
590,4.0,0,0.0
591,19.0,1,0.0
592,31.0,1,0.0
593,0.0,1,0.0
594,30.0,0,1.0
595,3.0,0,-2.0
596,0.0,0,0.0
597,0.0,0,0.0
598,0.0,0,0.0
599,28.0,0,0.0
600,30.0,0,1.0
601,31.0,0,0.0
602,2.0,0,-0.0
603,20.0,0,-1.0
604,0.0,0,0.0
605,25.0,0,-1.0
606,19.0,0,-0.0
607,0.0,0,1.0
608,28.0,0,0.0
609,22.0,0,-1.0
610,31.0,0,-0.0
611,26.0,0,1.0
612,27.0,1,0.0
613,31.0,0,0.0
614,0.0,0,0.0
615,16.0,0,-0.0
616,14.0,0,2.0
617,5.0,0,1.0
618,1.0,0,3.0
619,12.0,0,-0.0
620,27.0,0,-1.0
621,31.0,0,0.0
622,0.0,0,0.0
623,0.0,0,0.0
624,17.0,0,4.0
625,25.0,0,2.0
626,0.0,1,0.0
627,31.0,0,0.0
628,0.0,0,2.0
629,3.0,0,-0.0
630,0.0,0,0.0
631,24.0,0,1.0
632,6.0,0,0.0
633,31.0,0,0.0
634,1.0,0,-1.0
635,15.0,0,0.0
636,0.0,0,0.0
637,8.0,1,1.0
638,0.0,0,2.0
639,18.0,0,-1.0
640,21.0,0,1.0
641,0.0,0,0.0
642,22.0,1,2.0
643,29.0,0,2.0
644,0.0,0,0.0
645,18.0,0,2.0
646,9.0,0,2.0
647,0.0,0,0.0
648,19.0,0,-0.0
649,0.0,0,1.0
650,13.0,0,3.0
651,22.0,0,0.0
652,28.0,0,-0.0
653,8.0,0,2.0
654,0.0,0,0.0
655,28.0,0,2.0
656,0.0,0,0.0
657,20.0,0,-0.0
658,25.0,0,4.0
659,23.0,0,1.0
660,7.0,0,2.0
661,4.0,0,2.0
662,0.0,0,0.0
663,0.0,0,0.0
664,0.0,0,0.0
665,13.0,0,1.0
666,0.0,0,0.0
667,0.0,0,0.0
668,8.0,0,-1.0
669,0.0,0,0.0
670,3.0,1,3.0
671,0.0,0,3.0
672,20.0,0,1.0
673,0.0,0,0.0
674,31.0,0,0.0
675,11.0,0,1.0
676,25.0,0,-2.0
677,28.0,1,3.0
678,27.0,1,1.0
679,20.0,0,1.0
680,16.0,0,-1.0
681,0.0,0,1.0
682,28.0,1,-1.0
683,0.0,0,0.0
684,19.0,0,-2.0
685,15.0,0,1.0
686,0.0,0,1.0
687,15.0,0,-1.0
688,30.0,0,1.0
689,21.0,0,2.0
690,30.0,0,-1.0
691,31.0,1,0.0
692,0.0,0,0.0
693,31.0,0,0.0
694,3.0,0,1.0
695,31.0,0,0.0
696,31.0,0,-0.0
697,15.0,0,2.0
698,0.0,0,0.0
699,31.0,0,0.0
700,18.0,0,2.0
701,0.0,0,0.0
702,0.0,0,1.0
703,15.0,0,1.0
704,15.0,0,-1.0
705,31.0,0,0.0
706,15.0,1,1.0
707,0.0,0,0.0
708,24.0,0,1.0
709,0.0,0,0.0
710,16.0,0,0.0
711,18.0,0,-2.0
712,0.0,0,0.0
713,27.0,0,-1.0
714,0.0,0,0.0
715,19.0,0,1.0
716,2.0,1,2.0
717,16.0,1,2.0
718,0.0,0,0.0
719,1.0,0,1.0
720,29.0,0,1.0
721,17.0,0,1.0
722,30.0,0,-3.0
723,0.0,0,2.0
724,11.0,0,0.0
725,0.0,0,0.0
726,7.0,0,-1.0
727,11.0,0,-0.0
728,15.0,1,0.0
729,0.0,0,0.0
730,25.0,1,3.0
731,9.0,0,-0.0
732,30.0,1,1.0
733,25.0,0,-2.0
734,26.0,0,5.0
735,3.0,1,1.0
736,2.0,0,1.0
737,0.0,0,0.0
738,28.0,0,2.0
739,18.0,0,-1.0
740,0.0,0,1.0
741,2.0,0,-1.0
742,24.0,0,-0.0
743,0.0,1,0.0
744,0.0,0,0.0
745,6.0,0,1.0
746,0.0,0,0.0
747,0.0,1,0.0
748,0.0,0,1.0
749,2.0,0,1.0
750,21.0,1,1.0
751,0.0,0,0.0
752,7.0,0,0.0
753,23.0,1,0.0
754,0.0,0,0.0
755,0.0,0,0.0
756,26.0,1,-0.0
757,30.0,0,1.0
758,28.0,0,1.0
759,0.0,1,0.0
760,0.0,0,0.0
761,0.0,1,0.0
762,9.0,0,-0.0
763,26.0,0,-1.0
764,25.0,1,1.0
765,0.0,0,0.0
766,25.0,0,2.0
767,0.0,1,0.0
768,0.0,0,3.0
769,0.0,1,0.0
770,15.0,0,-0.0
771,1.0,0,-0.0
772,0.0,0,0.0
773,31.0,1,1.0
774,28.0,1,1.0
775,17.0,0,4.0
776,29.0,0,2.0
777,2.0,1,2.0
778,3.0,1,1.0
779,11.0,0,1.0
780,29.0,0,1.0
781,20.0,1,1.0
782,0.0,0,0.0
783,0.0,0,1.0
784,28.0,0,-1.0
785,0.0,0,0.0
786,6.0,0,1.0
787,0.0,0,0.0
788,0.0,0,0.0
789,19.0,0,-1.0
790,0.0,0,3.0
791,6.0,0,1.0
792,0.0,0,0.0
793,13.0,0,2.0
794,0.0,0,1.0
795,0.0,0,0.0
796,6.0,0,2.0
797,10.0,0,5.0
798,0.0,0,1.0
799,20.0,0,-1.0
800,0.0,0,0.0
801,0.0,0,0.0
802,0.0,0,0.0
803,0.0,0,0.0
804,31.0,0,0.0
805,29.0,0,2.0
806,0.0,0,1.0
807,30.0,0,-1.0
808,24.0,0,3.0
809,0.0,0,0.0
810,31.0,0,-3.0
811,0.0,0,4.0
812,0.0,0,4.0
813,17.0,0,3.0
814,24.0,0,-1.0
815,3.0,0,0.0
816,0.0,0,0.0
817,19.0,1,4.0
818,0.0,1,0.0
819,7.0,0,-1.0
820,15.0,0,-2.0
821,0.0,0,0.0
822,0.0,0,0.0
823,27.0,0,-1.0
824,0.0,0,2.0
825,4.0,0,-2.0
826,0.0,0,0.0
827,0.0,0,3.0
828,0.0,1,0.0
829,0.0,0,2.0
830,25.0,0,-1.0
831,31.0,0,0.0
832,0.0,0,4.0
833,0.0,0,6.0
834,0.0,0,0.0
835,0.0,0,1.0
836,31.0,0,0.0
837,26.0,0,-1.0
838,0.0,0,0.0
839,1.0,0,2.0
840,0.0,0,1.0
841,0.0,0,0.0
842,0.0,0,2.0
843,31.0,0,0.0
844,23.0,0,1.0
845,0.0,0,0.0
846,5.0,0,-0.0
847,0.0,0,0.0
848,29.0,0,0.0
849,14.0,0,1.0
850,11.0,0,-0.0
851,29.0,1,2.0
852,0.0,0,0.0
853,0.0,0,5.0
854,29.0,0,1.0
855,0.0,0,1.0
856,31.0,0,0.0
857,0.0,0,0.0
858,31.0,0,-1.0
859,20.0,0,1.0
860,0.0,0,3.0
861,0.0,0,0.0
862,26.0,0,-3.0
863,27.0,0,0.0
864,25.0,1,0.0
865,1.0,1,1.0
866,0.0,0,2.0
867,0.0,1,0.0
868,16.0,0,0.0
869,19.0,0,3.0
870,22.0,0,0.0
871,5.0,0,4.0
872,31.0,0,0.0
873,0.0,0,4.0
874,0.0,0,1.0
875,31.0,0,0.0
876,31.0,0,0.0
877,0.0,0,0.0
878,0.0,0,0.0
879,19.0,0,3.0
880,0.0,0,0.0
881,20.0,0,1.0
882,7.0,0,-0.0
883,0.0,0,0.0
884,21.0,0,-0.0
885,0.0,0,1.0
886,27.0,0,0.0
887,0.0,0,2.0
888,0.0,0,1.0
889,0.0,0,1.0
890,4.0,0,-0.0
891,7.0,0,1.0
892,18.0,0,0.0
893,19.0,0,3.0
894,0.0,0,0.0
895,12.0,0,2.0
896,30.0,0,0.0
897,28.0,1,-1.0
898,0.0,0,2.0
899,5.0,0,1.0
900,0.0,0,1.0
901,3.0,1,3.0
902,0.0,0,0.0
903,24.0,0,-0.0
904,20.0,1,0.0
905,16.0,0,1.0
906,0.0,0,5.0
907,0.0,0,0.0
908,0.0,0,0.0
909,0.0,0,0.0
910,1.0,0,3.0
911,0.0,0,2.0
912,1.0,1,1.0
913,1.0,1,1.0
914,23.0,1,-2.0
915,0.0,0,0.0
916,0.0,0,3.0
917,11.0,0,-1.0
918,0.0,0,0.0
919,3.0,1,3.0
920,21.0,0,1.0
921,0.0,0,0.0
922,2.0,1,1.0
923,17.0,0,1.0
924,3.0,0,2.0
925,8.0,0,1.0
926,0.0,0,2.0
927,0.0,0,0.0
928,28.0,0,-0.0
929,0.0,0,0.0
930,0.0,0,5.0
931,0.0,0,4.0
932,18.0,0,-0.0
933,0.0,0,3.0
934,0.0,0,1.0
935,29.0,0,2.0
936,28.0,0,2.0
937,0.0,0,2.0
938,0.0,0,6.0
939,25.0,1,-2.0
940,0.0,0,3.0
941,8.0,0,-2.0
942,31.0,0,0.0
943,0.0,1,0.0
944,0.0,0,3.0
945,0.0,0,0.0
946,0.0,0,2.0
947,0.0,1,0.0
948,0.0,0,0.0
949,0.0,0,0.0
950,0.0,0,5.0
951,24.0,0,1.0
952,2.0,0,0.0
953,2.0,1,2.0
954,5.0,1,5.0
955,28.0,0,1.0
956,0.0,0,2.0
957,3.0,1,3.0
958,6.0,0,1.0
959,0.0,0,0.0
960,31.0,0,0.0
961,31.0,0,0.0
962,0.0,0,0.0
963,0.0,0,3.0
964,25.0,0,3.0
965,19.0,0,1.0
966,0.0,1,0.0
967,13.0,1,1.0
968,14.0,0,-1.0
969,31.0,0,0.0
970,13.0,0,2.0
971,23.0,0,-0.0
972,0.0,0,0.0
973,29.0,1,3.0
974,18.0,0,-1.0
975,31.0,0,0.0
976,0.0,0,1.0
977,0.0,0,5.0
978,21.0,0,3.0
979,0.0,0,1.0
980,0.0,0,2.0
981,0.0,0,3.0
982,0.0,0,0.0
983,0.0,0,3.0
984,0.0,0,0.0
985,0.0,0,1.0
986,0.0,0,2.0
987,9.0,0,2.0
988,0.0,0,2.0
989,0.0,0,0.0
990,31.0,0,-1.0
991,23.0,1,2.0
992,0.0,0,0.0
993,4.0,1,1.0
994,31.0,0,0.0
995,14.0,0,6.0
996,14.0,0,1.0
997,14.0,0,-2.0
998,0.0,0,0.0
999,0.0,0,3.0
1000,27.0,0,0.0
1001,0.0,0,0.0
1002,16.0,0,1.0
1003,0.0,0,3.0
1004,0.0,1,0.0
1005,19.0,0,3.0
1006,26.0,0,1.0
1007,11.0,0,2.0
1008,20.0,0,1.0
1009,17.0,0,-1.0
1010,0.0,0,1.0
1011,24.0,1,5.0
1012,3.0,1,2.0
1013,0.0,0,4.0
1014,31.0,0,0.0
1015,30.0,0,1.0
1016,0.0,0,2.0
1017,13.0,0,6.0
1018,0.0,0,5.0
1019,7.0,0,4.0
1020,0.0,0,8.0
1021,0.0,0,0.0
1022,31.0,0,-0.0
1023,0.0,0,0.0
1024,0.0,0,0.0
1025,13.0,0,5.0
1026,0.0,0,1.0
1027,0.0,0,1.0
1028,0.0,0,0.0
1029,27.0,0,2.0
1030,2.0,1,2.0
1031,0.0,0,0.0
1032,0.0,0,3.0
1033,30.0,0,-1.0
1034,27.0,0,2.0
1035,20.0,1,4.0
1036,5.0,0,0.0
1037,19.0,0,0.0
1038,0.0,0,1.0
1039,30.0,0,1.0
1040,20.0,0,2.0
1041,0.0,0,0.0
1042,24.0,0,-2.0
1043,5.0,0,3.0
1044,2.0,0,2.0
1045,31.0,0,-0.0
1046,3.0,0,1.0
1047,19.0,0,3.0
1048,9.0,0,-0.0
1049,14.0,0,3.0
1050,6.0,0,-2.0
1051,30.0,0,-3.0
1052,6.0,0,3.0
1053,0.0,1,0.0
1054,0.0,0,2.0
1055,15.0,0,-0.0
1056,3.0,0,-3.0
1057,16.0,0,4.0
1058,3.0,1,3.0
1059,31.0,0,0.0
1060,0.0,0,0.0
1061,0.0,0,1.0
1062,0.0,0,0.0
1063,7.0,0,3.0
1064,31.0,0,0.0
1065,31.0,0,-2.0
1066,6.0,0,2.0
1067,0.0,0,4.0
1068,12.0,0,-1.0
1069,4.0,0,3.0
1070,31.0,0,0.0
1071,18.0,1,4.0
1072,0.0,0,4.0
1073,30.0,1,0.0
1074,0.0,0,0.0
1075,23.0,0,2.0
1076,0.0,0,4.0
1077,0.0,0,1.0
1078,0.0,0,3.0
1079,31.0,0,0.0
1080,25.0,0,5.0
1081,10.0,0,3.0
1082,0.0,0,0.0
1083,0.0,0,3.0
1084,0.0,0,3.0
1085,2.0,1,2.0
1086,7.0,0,3.0
1087,0.0,1,0.0
1088,31.0,0,-0.0
1089,16.0,0,-3.0
1090,29.0,0,0.0
1091,18.0,0,2.0
1092,0.0,0,2.0
1093,0.0,0,1.0
1094,0.0,0,0.0
1095,0.0,0,0.0
1096,0.0,0,0.0
1097,19.0,0,3.0
1098,0.0,0,1.0
1099,3.0,1,3.0
1100,6.0,1,-1.0
1101,7.0,0,6.0
1102,26.0,0,5.0
1103,0.0,0,0.0
1104,0.0,0,0.0
1105,1.0,0,2.0
1106,0.0,0,3.0
1107,15.0,0,-0.0
1108,0.0,0,2.0
1109,21.0,1,2.0
1110,31.0,1,0.0
1111,0.0,0,2.0
1112,5.0,0,1.0
1113,0.0,0,0.0
1114,0.0,0,0.0
1115,2.0,1,2.0
1116,0.0,0,0.0
1117,0.0,0,0.0
1118,31.0,0,0.0
1119,19.0,0,2.0
1120,10.0,1,-1.0
1121,0.0,1,0.0
1122,0.0,0,1.0
1123,18.0,0,0.0
1124,8.0,0,1.0
1125,1.0,0,2.0
1126,0.0,0,3.0
1127,22.0,0,-1.0
1128,7.0,0,0.0
1129,7.0,0,1.0
1130,17.0,0,0.0
1131,24.0,0,1.0
1132,0.0,0,0.0
1133,31.0,0,0.0
1134,31.0,0,-2.0
1135,8.0,0,2.0
1136,0.0,0,0.0
1137,28.0,0,2.0
1138,31.0,0,-0.0
1139,31.0,0,0.0
1140,0.0,0,0.0
1141,29.0,0,-0.0
1142,0.0,0,0.0
1143,27.0,0,1.0
1144,0.0,0,0.0
1145,25.0,0,1.0
1146,12.0,0,-1.0
1147,0.0,0,0.0
1148,0.0,1,0.0
1149,0.0,0,1.0
1150,1.0,0,-1.0
1151,31.0,0,0.0
1152,31.0,0,-1.0
1153,0.0,0,0.0
1154,0.0,0,0.0
1155,12.0,1,1.0
1156,18.0,0,3.0
1157,31.0,0,-1.0
1158,0.0,0,5.0
1159,0.0,0,1.0
1160,6.0,0,1.0
1161,0.0,0,0.0
1162,0.0,0,1.0
1163,24.0,0,6.0
1164,14.0,0,-1.0
1165,31.0,0,0.0
1166,22.0,0,-2.0
1167,28.0,0,2.0
1168,0.0,0,0.0
1169,0.0,0,0.0
1170,0.0,0,0.0
1171,3.0,0,-2.0
1172,2.0,1,2.0
1173,0.0,0,0.0
1174,0.0,0,1.0
1175,20.0,0,3.0
1176,0.0,0,2.0
1177,0.0,0,1.0
1178,0.0,0,0.0
1179,0.0,0,2.0
1180,0.0,0,0.0
1181,0.0,0,1.0
1182,19.0,0,-1.0
1183,9.0,0,0.0
1184,29.0,0,-3.0
1185,0.0,0,0.0
1186,5.0,0,0.0
1187,31.0,0,0.0
1188,1.0,1,1.0
1189,31.0,0,0.0
1190,0.0,0,0.0
1191,7.0,1,2.0
1192,0.0,0,2.0
1193,15.0,1,-3.0
1194,0.0,0,0.0
1195,9.0,0,-3.0
1196,21.0,0,-2.0
1197,0.0,1,0.0
1198,0.0,0,0.0
1199,9.0,0,1.0
1200,22.0,0,-1.0
1201,11.0,0,2.0
1202,14.0,0,1.0
1203,12.0,0,1.0
1204,20.0,0,1.0
1205,6.0,0,1.0
1206,2.0,1,0.0
1207,8.0,0,-1.0
1208,0.0,0,0.0
1209,0.0,1,0.0
1210,0.0,0,0.0
1211,26.0,0,1.0
1212,29.0,0,2.0
1213,10.0,0,-0.0
1214,0.0,1,0.0
1215,0.0,0,1.0
1216,31.0,1,0.0
1217,30.0,0,1.0
1218,0.0,0,0.0
1219,21.0,0,1.0
1220,0.0,0,0.0
1221,29.0,0,2.0
1222,26.0,0,2.0
1223,16.0,0,0.0
1224,26.0,0,3.0
1225,16.0,0,2.0
1226,0.0,0,0.0
1227,9.0,0,1.0
1228,27.0,0,3.0
1229,7.0,0,-0.0
1230,22.0,0,0.0
1231,0.0,0,2.0
1232,14.0,0,3.0
1233,3.0,0,-0.0
1234,4.0,1,3.0
1235,26.0,0,-2.0
1236,5.0,0,2.0
1237,2.0,1,2.0
1238,31.0,0,0.0
1239,0.0,0,0.0
1240,19.0,0,1.0
1241,0.0,0,0.0
1242,0.0,0,4.0
1243,0.0,1,0.0
1244,0.0,0,2.0
1245,0.0,1,0.0
1246,15.0,1,1.0
1247,28.0,1,3.0
1248,13.0,1,3.0
1249,25.0,0,-0.0
1250,0.0,0,4.0
1251,0.0,0,0.0
1252,5.0,0,0.0
1253,24.0,0,1.0
1254,23.0,1,2.0
1255,17.0,1,-1.0
1256,2.0,1,2.0
1257,31.0,0,0.0
1258,18.0,1,1.0
1259,13.0,0,2.0
1260,7.0,0,2.0
1261,0.0,0,0.0
1262,22.0,1,0.0
1263,9.0,0,2.0
1264,0.0,0,3.0
1265,1.0,0,-0.0
1266,1.0,0,1.0
1267,0.0,1,0.0
1268,1.0,1,1.0
1269,23.0,0,1.0
1270,26.0,0,2.0
1271,0.0,0,0.0
1272,0.0,0,4.0
1273,24.0,1,-3.0
1274,0.0,1,0.0
1275,0.0,0,0.0
1276,0.0,0,0.0
1277,0.0,0,0.0
1278,13.0,0,2.0
1279,0.0,0,0.0
1280,10.0,0,-1.0
1281,0.0,0,4.0
1282,0.0,0,0.0
1283,0.0,0,1.0
1284,31.0,1,0.0
1285,19.0,0,0.0
1286,26.0,0,-0.0
1287,0.0,1,0.0
1288,0.0,0,0.0
1289,9.0,0,3.0
1290,12.0,0,-0.0
1291,4.0,0,3.0
1292,23.0,1,2.0
1293,31.0,0,-1.0
1294,29.0,0,2.0
1295,20.0,0,4.0
1296,0.0,1,-1.0
1297,29.0,0,-0.0
1298,0.0,0,0.0
1299,31.0,0,0.0
1300,19.0,1,0.0
1301,0.0,1,0.0
1302,0.0,0,1.0
1303,31.0,0,0.0
1304,6.0,0,3.0
1305,0.0,0,0.0
1306,0.0,0,1.0
1307,6.0,1,3.0
1308,1.0,1,1.0
1309,28.0,1,1.0
1310,0.0,0,0.0
1311,31.0,0,0.0
1312,31.0,1,3.0
1313,27.0,0,2.0
1314,1.0,1,1.0
1315,1.0,1,1.0
1316,0.0,0,4.0
1317,17.0,0,-0.0
1318,0.0,1,0.0
1319,0.0,1,0.0
1320,23.0,1,5.0
1321,2.0,1,2.0
1322,0.0,0,1.0
1323,20.0,0,1.0
1324,0.0,0,3.0
1325,31.0,0,0.0
1326,0.0,0,0.0
1327,31.0,0,0.0
1328,28.0,0,-0.0
1329,0.0,0,0.0
1330,26.0,0,1.0
1331,5.0,0,-2.0
1332,25.0,0,4.0
1333,0.0,0,0.0
1334,0.0,0,0.0
1335,1.0,1,-0.0
1336,0.0,0,2.0
1337,3.0,1,3.0
1338,5.0,0,1.0
1339,0.0,0,0.0
1340,0.0,0,2.0
1341,18.0,0,3.0
1342,30.0,1,3.0
1343,30.0,0,-1.0
1344,9.0,0,3.0
1345,11.0,1,1.0
1346,0.0,0,4.0
1347,26.0,0,0.0
1348,0.0,0,0.0
1349,1.0,1,1.0
1350,0.0,0,0.0
1351,5.0,0,1.0
1352,31.0,0,0.0
1353,31.0,1,0.0
1354,25.0,1,4.0
1355,2.0,0,1.0
1356,23.0,0,0.0
1357,28.0,0,2.0
1358,12.0,1,-1.0
1359,0.0,0,0.0
1360,16.0,0,-2.0
1361,2.0,0,2.0
1362,0.0,0,0.0
1363,0.0,0,0.0
1364,27.0,1,-2.0
1365,30.0,0,-1.0
1366,24.0,1,4.0
1367,23.0,0,2.0
1368,31.0,1,0.0
1369,0.0,0,0.0
1370,0.0,0,0.0
1371,13.0,0,2.0
1372,6.0,0,2.0
1373,0.0,0,2.0
1374,31.0,1,0.0
1375,29.0,0,0.0
1376,31.0,1,0.0
1377,30.0,0,0.0
1378,15.0,0,1.0
1379,28.0,1,1.0
1380,4.0,1,1.0
1381,0.0,0,0.0
1382,0.0,0,0.0
1383,23.0,0,6.0
1384,24.0,1,1.0
1385,8.0,0,0.0
1386,0.0,0,0.0
1387,7.0,1,-1.0
1388,4.0,1,2.0
1389,0.0,1,-1.0
1390,0.0,0,2.0
1391,22.0,0,-1.0
1392,31.0,0,0.0
1393,2.0,1,2.0
1394,0.0,0,4.0
1395,17.0,0,3.0
1396,30.0,0,-0.0
1397,0.0,0,0.0
1398,0.0,0,1.0
1399,31.0,1,0.0
1400,25.0,0,0.0
1401,28.0,0,-1.0
1402,28.0,1,-0.0
1403,0.0,1,0.0
1404,31.0,1,0.0
1405,3.0,0,2.0
1406,8.0,0,-2.0
1407,0.0,0,3.0
1408,29.0,0,1.0
1409,0.0,0,0.0
1410,3.0,0,4.0
1411,0.0,0,0.0
1412,0.0,0,0.0
1413,5.0,0,-1.0
1414,0.0,0,1.0
1415,30.0,0,-1.0
1416,29.0,0,2.0
1417,27.0,0,2.0
1418,26.0,1,-0.0
1419,0.0,0,1.0
1420,3.0,0,0.0
1421,0.0,0,0.0
1422,0.0,0,0.0
1423,23.0,0,3.0
1424,16.0,0,1.0
1425,0.0,0,4.0
1426,20.0,0,-0.0
1427,31.0,0,-0.0
1428,30.0,0,1.0
1429,16.0,0,2.0
1430,12.0,0,2.0
1431,0.0,0,0.0
1432,16.0,0,-0.0
1433,28.0,0,2.0
1434,1.0,1,1.0
1435,0.0,0,0.0
1436,7.0,1,0.0
1437,16.0,0,1.0
1438,0.0,0,3.0
1439,20.0,0,-1.0
1440,0.0,0,0.0
1441,17.0,0,0.0
1442,0.0,0,2.0
1443,18.0,0,2.0
1444,0.0,0,2.0
1445,25.0,0,4.0
1446,30.0,1,1.0
1447,28.0,1,-1.0
1448,21.0,0,1.0
1449,31.0,0,0.0
1450,23.0,1,3.0
1451,22.0,0,-2.0
1452,0.0,0,0.0
1453,0.0,0,3.0
1454,22.0,0,3.0
1455,19.0,0,0.0
1456,16.0,1,-0.0
1457,0.0,0,1.0
1458,0.0,1,0.0
1459,0.0,0,0.0
1460,9.0,0,-1.0
1461,0.0,0,2.0
1462,21.0,0,3.0
1463,0.0,0,2.0
1464,0.0,0,0.0
1465,27.0,0,-0.0
1466,0.0,0,0.0
1467,31.0,0,0.0
1468,18.0,0,3.0
1469,19.0,0,2.0
1470,9.0,0,-0.0
1471,0.0,1,0.0
1472,0.0,0,1.0
1473,0.0,1,0.0
1474,0.0,0,1.0
1475,0.0,0,0.0
1476,0.0,0,0.0
1477,19.0,0,-1.0
1478,18.0,0,1.0
1479,8.0,1,-1.0
1480,0.0,0,0.0
1481,31.0,0,0.0
1482,31.0,0,-2.0
1483,0.0,0,0.0
1484,0.0,0,2.0
1485,4.0,0,-1.0
1486,31.0,0,0.0
1487,1.0,1,1.0
1488,22.0,0,1.0
1489,18.0,0,1.0
1490,0.0,1,0.0
1491,0.0,0,1.0
1492,15.0,0,3.0
1493,0.0,0,3.0
1494,0.0,0,1.0
1495,23.0,0,-1.0
1496,20.0,0,-1.0
1497,0.0,0,0.0
1498,0.0,0,0.0
1499,0.0,0,0.0
1500,0.0,0,2.0
1501,0.0,0,2.0
1502,9.0,0,-1.0
1503,31.0,0,0.0
1504,2.0,0,-1.0
1505,15.0,0,1.0
1506,20.0,0,-1.0
1507,0.0,0,2.0
1508,27.0,0,0.0
1509,0.0,0,0.0
1510,31.0,0,0.0
1511,0.0,0,1.0
1512,21.0,0,-0.0
1513,31.0,0,0.0
1514,0.0,0,1.0
1515,17.0,0,-2.0
1516,8.0,0,3.0
1517,17.0,0,2.0
1518,0.0,0,2.0
1519,0.0,0,0.0
1520,0.0,0,4.0
1521,1.0,1,-1.0
1522,1.0,1,1.0
1523,17.0,0,-1.0
1524,24.0,0,-1.0
1525,0.0,0,1.0
1526,0.0,0,1.0
1527,3.0,0,-2.0
1528,0.0,0,0.0
1529,14.0,0,-2.0
1530,0.0,1,0.0
1531,31.0,0,0.0
1532,0.0,0,0.0
1533,31.0,0,0.0
1534,3.0,0,-2.0
1535,0.0,0,0.0
1536,3.0,0,2.0
1537,0.0,0,0.0
1538,17.0,1,-1.0
1539,27.0,0,2.0
1540,3.0,0,0.0
1541,0.0,0,0.0
1542,0.0,0,1.0
1543,23.0,0,1.0
1544,0.0,1,0.0
1545,27.0,0,1.0
1546,26.0,0,2.0
1547,5.0,0,1.0
1548,0.0,0,4.0
1549,0.0,1,0.0
1550,28.0,0,-0.0
1551,0.0,0,0.0
1552,24.0,0,1.0
1553,19.0,0,1.0
1554,31.0,1,1.0
1555,31.0,0,-1.0
1556,16.0,1,0.0
1557,9.0,0,1.0
1558,20.0,0,1.0
1559,31.0,0,-1.0
1560,29.0,0,-2.0
1561,0.0,0,0.0
1562,26.0,0,1.0
1563,4.0,0,-0.0
1564,0.0,0,0.0
1565,29.0,0,-1.0
1566,30.0,0,1.0
1567,0.0,0,3.0
1568,8.0,1,2.0
1569,21.0,0,-1.0
1570,0.0,0,0.0
1571,0.0,0,0.0
1572,0.0,0,4.0
1573,0.0,0,0.0
1574,0.0,0,0.0
1575,7.0,0,2.0
1576,30.0,0,1.0
1577,0.0,0,1.0
1578,0.0,0,3.0
1579,0.0,0,0.0
1580,1.0,0,2.0
1581,19.0,0,1.0
1582,14.0,1,0.0
1583,10.0,1,3.0
1584,0.0,0,0.0
1585,0.0,0,1.0
1586,0.0,0,0.0
1587,0.0,0,5.0
1588,0.0,0,0.0
1589,20.0,0,1.0
1590,0.0,0,5.0
1591,0.0,0,1.0
1592,0.0,0,1.0
1593,15.0,0,1.0
1594,0.0,0,0.0
1595,3.0,0,-0.0
1596,0.0,0,0.0
1597,0.0,0,0.0
1598,0.0,0,4.0
1599,31.0,1,0.0
1600,0.0,0,1.0
1601,0.0,0,0.0
1602,0.0,0,0.0
1603,0.0,0,3.0
1604,0.0,0,0.0
1605,10.0,0,2.0
1606,15.0,0,0.0
1607,30.0,1,1.0
1608,31.0,0,0.0
1609,0.0,0,0.0
1610,24.0,0,1.0
1611,31.0,0,0.0
1612,31.0,0,-0.0
1613,13.0,0,1.0
1614,31.0,1,0.0
1615,29.0,0,2.0
1616,31.0,0,0.0
1617,22.0,1,-1.0
1618,17.0,0,-1.0
1619,0.0,0,0.0
1620,31.0,1,0.0
1621,0.0,0,0.0
1622,0.0,0,1.0
1623,18.0,0,-1.0
1624,0.0,0,4.0
1625,16.0,0,1.0
1626,0.0,0,4.0
1627,0.0,0,0.0
1628,3.0,0,2.0
1629,31.0,1,0.0
1630,29.0,0,2.0
1631,0.0,0,1.0
1632,18.0,0,1.0
1633,0.0,0,1.0
1634,0.0,0,0.0
1635,0.0,0,0.0
1636,0.0,1,0.0
1637,19.0,0,-1.0
1638,0.0,1,-1.0
1639,27.0,0,1.0
1640,16.0,0,2.0
1641,0.0,0,6.0
1642,0.0,0,0.0
1643,0.0,0,0.0
1644,11.0,1,1.0
1645,12.0,1,-0.0
1646,31.0,0,0.0
1647,29.0,0,1.0
1648,7.0,1,-3.0
1649,2.0,1,2.0
1650,27.0,0,2.0
1651,31.0,0,0.0
1652,14.0,0,0.0
1653,11.0,0,-0.0
1654,0.0,0,1.0
1655,24.0,1,-1.0
1656,0.0,0,0.0
1657,31.0,1,0.0
1658,8.0,0,-1.0
1659,20.0,1,-2.0
1660,27.0,0,1.0
1661,2.0,1,-0.0
1662,0.0,0,4.0
1663,0.0,0,0.0
1664,0.0,0,0.0
1665,0.0,0,1.0
1666,0.0,0,1.0
1667,0.0,0,0.0
1668,27.0,0,1.0
1669,17.0,1,2.0
1670,1.0,1,1.0
1671,17.0,0,1.0
1672,0.0,0,1.0
1673,26.0,0,-3.0
1674,2.0,1,2.0
1675,28.0,0,2.0
1676,0.0,1,0.0
1677,9.0,0,1.0
1678,21.0,0,1.0
1679,25.0,0,0.0
1680,0.0,0,1.0
1681,0.0,0,0.0
1682,0.0,0,0.0
1683,0.0,1,0.0
1684,16.0,0,2.0
1685,0.0,0,1.0
1686,0.0,0,0.0
1687,31.0,1,0.0
1688,0.0,0,0.0
1689,14.0,0,2.0
1690,24.0,0,3.0
1691,9.0,0,3.0
1692,24.0,0,-1.0
1693,0.0,0,0.0
1694,0.0,0,1.0
1695,6.0,1,2.0
1696,0.0,0,2.0
1697,0.0,0,2.0
1698,25.0,0,3.0
1699,28.0,0,-0.0
1700,14.0,0,3.0
1701,0.0,0,0.0
1702,9.0,0,0.0
1703,0.0,0,0.0
1704,2.0,0,1.0
1705,0.0,0,0.0
1706,0.0,0,0.0
1707,0.0,1,0.0
1708,0.0,0,2.0
1709,26.0,0,1.0
1710,0.0,0,0.0
1711,26.0,0,1.0
1712,29.0,0,-4.0
1713,19.0,1,3.0
1714,4.0,1,1.0
1715,0.0,0,2.0
1716,0.0,1,0.0
1717,0.0,0,1.0
1718,3.0,0,-2.0
1719,25.0,1,3.0
1720,0.0,0,0.0
1721,1.0,0,-0.0
1722,0.0,0,0.0
1723,31.0,0,0.0
1724,10.0,0,1.0
1725,9.0,0,1.0
1726,0.0,0,2.0
1727,29.0,0,-1.0
1728,4.0,0,0.0
1729,2.0,1,-1.0
1730,13.0,0,1.0
1731,1.0,1,1.0
1732,31.0,0,0.0
1733,0.0,0,4.0
1734,0.0,1,0.0
1735,0.0,0,2.0
1736,18.0,0,-2.0
1737,10.0,0,-0.0
1738,22.0,0,-0.0
1739,0.0,0,2.0
1740,18.0,0,3.0
1741,0.0,0,0.0
1742,29.0,0,2.0
1743,16.0,1,-1.0
1744,13.0,1,0.0
1745,0.0,0,0.0
1746,14.0,0,2.0
1747,0.0,0,2.0
1748,0.0,0,2.0
1749,0.0,0,0.0
1750,26.0,1,1.0
1751,0.0,0,0.0
1752,26.0,1,2.0
1753,29.0,0,2.0
1754,0.0,0,0.0
1755,10.0,0,3.0
1756,0.0,0,2.0
1757,6.0,0,-1.0
1758,0.0,0,0.0
1759,31.0,0,0.0
1760,28.0,0,0.0
1761,0.0,0,0.0
1762,1.0,1,1.0
1763,0.0,0,2.0
1764,3.0,0,-0.0
1765,0.0,0,0.0
1766,21.0,0,2.0
1767,0.0,0,0.0
1768,13.0,0,-0.0
1769,31.0,1,0.0
1770,0.0,0,0.0
1771,31.0,1,0.0
1772,31.0,0,0.0
1773,0.0,0,0.0
1774,0.0,1,0.0
1775,1.0,1,1.0
1776,0.0,0,0.0
1777,31.0,1,0.0
1778,31.0,1,1.0
1779,7.0,0,1.0
1780,29.0,0,-0.0
1781,0.0,0,0.0
1782,25.0,0,1.0
1783,14.0,0,5.0
1784,0.0,0,1.0
1785,0.0,0,0.0
1786,0.0,0,3.0
1787,22.0,0,5.0
1788,2.0,1,2.0
1789,0.0,0,1.0
1790,0.0,0,1.0
1791,0.0,0,3.0
1792,15.0,1,2.0
1793,19.0,0,2.0
1794,31.0,0,0.0
1795,0.0,0,4.0
1796,0.0,0,0.0
1797,0.0,0,0.0
1798,0.0,0,3.0
1799,0.0,0,0.0
1800,0.0,0,3.0
1801,19.0,1,3.0
1802,0.0,0,2.0
1803,31.0,0,0.0
1804,20.0,0,1.0
1805,19.0,0,1.0
1806,25.0,0,-1.0
1807,29.0,1,2.0
1808,0.0,0,1.0
1809,31.0,0,0.0
1810,4.0,0,1.0
1811,21.0,0,2.0
1812,4.0,0,-1.0
1813,31.0,0,0.0
1814,0.0,0,1.0
1815,0.0,0,0.0
1816,0.0,0,0.0
1817,17.0,0,2.0
1818,0.0,0,3.0
1819,0.0,0,0.0
1820,0.0,0,3.0
1821,24.0,0,2.0
1822,0.0,0,0.0
1823,0.0,0,0.0
1824,26.0,0,0.0
1825,16.0,1,0.0
1826,24.0,0,-2.0
1827,0.0,0,1.0
1828,0.0,0,0.0
1829,31.0,0,0.0
1830,5.0,0,0.0
1831,4.0,1,4.0
1832,9.0,0,1.0
1833,21.0,0,-1.0
1834,31.0,0,0.0
1835,0.0,1,0.0
1836,31.0,1,0.0
1837,8.0,0,3.0
1838,14.0,0,-3.0
1839,13.0,0,2.0
1840,0.0,0,0.0
1841,25.0,0,2.0
1842,27.0,0,3.0
1843,16.0,0,-0.0
1844,0.0,0,0.0
1845,0.0,0,0.0
1846,25.0,0,2.0
1847,29.0,0,2.0
1848,25.0,0,1.0
1849,9.0,1,1.0
1850,11.0,0,2.0
1851,31.0,1,1.0
1852,25.0,0,-0.0
1853,31.0,0,0.0
1854,0.0,0,0.0
1855,0.0,0,0.0
1856,0.0,0,0.0
1857,0.0,0,3.0
1858,2.0,0,3.0
1859,30.0,0,0.0
1860,23.0,0,-2.0
1861,6.0,0,-3.0
1862,0.0,0,2.0
1863,13.0,0,1.0
1864,9.0,0,4.0
1865,29.0,0,-1.0
1866,14.0,0,0.0
1867,31.0,0,0.0
1868,28.0,1,2.0
1869,21.0,0,0.0
1870,28.0,0,1.0
1871,31.0,0,0.0
1872,0.0,0,2.0
1873,26.0,1,2.0
1874,0.0,0,2.0
1875,0.0,1,0.0
1876,27.0,0,1.0
1877,0.0,0,0.0
1878,12.0,0,0.0
1879,0.0,0,0.0
1880,0.0,0,1.0
1881,8.0,0,-0.0
1882,0.0,0,2.0
1883,14.0,0,-0.0
1884,13.0,0,-0.0
1885,4.0,0,-1.0
1886,31.0,0,0.0
1887,26.0,1,2.0
1888,13.0,0,-0.0
1889,0.0,0,0.0
1890,22.0,0,2.0
1891,12.0,0,2.0
1892,0.0,0,2.0
1893,13.0,0,1.0
1894,0.0,0,1.0
1895,0.0,0,0.0
1896,2.0,0,3.0
1897,20.0,0,1.0
1898,31.0,0,0.0
1899,31.0,1,0.0
1900,12.0,0,2.0
1901,16.0,0,2.0
1902,6.0,0,1.0
1903,30.0,0,0.0
1904,0.0,0,1.0
1905,0.0,0,1.0
1906,29.0,0,-2.0
1907,0.0,1,0.0
1908,31.0,0,0.0
1909,0.0,1,0.0
1910,5.0,0,-1.0
1911,22.0,0,-1.0
1912,0.0,0,0.0
1913,31.0,0,-0.0
1914,0.0,0,1.0
1915,0.0,0,1.0
1916,0.0,0,0.0
1917,0.0,0,1.0
1918,0.0,0,0.0
1919,14.0,0,0.0
1920,15.0,1,4.0
1921,0.0,0,3.0
1922,21.0,0,0.0
1923,0.0,0,1.0
1924,31.0,0,0.0
1925,0.0,0,4.0
1926,2.0,0,-2.0
1927,0.0,0,0.0
1928,31.0,0,-2.0
1929,28.0,0,-0.0
1930,1.0,0,2.0
1931,18.0,0,1.0
1932,0.0,0,2.0
1933,0.0,0,1.0
1934,12.0,0,1.0
1935,24.0,0,2.0
1936,31.0,0,0.0
1937,9.0,1,0.0
1938,0.0,0,0.0
1939,26.0,0,-1.0
1940,19.0,0,1.0
1941,14.0,0,3.0
1942,31.0,0,0.0
1943,0.0,1,0.0
1944,12.0,1,1.0
1945,10.0,0,2.0
1946,0.0,0,3.0
1947,0.0,0,1.0
1948,0.0,0,1.0
1949,8.0,1,2.0
1950,15.0,0,1.0
1951,20.0,1,1.0
1952,0.0,0,3.0
1953,0.0,0,1.0
1954,28.0,0,0.0
1955,0.0,0,0.0
1956,0.0,0,0.0
1957,0.0,0,1.0
1958,0.0,1,0.0
1959,10.0,0,-3.0
1960,1.0,0,1.0
1961,0.0,0,0.0
1962,21.0,0,-3.0
1963,31.0,0,0.0
1964,19.0,0,2.0
1965,0.0,0,2.0
1966,3.0,0,-0.0
1967,11.0,0,1.0
1968,29.0,0,0.0
1969,0.0,0,0.0
1970,0.0,0,1.0
1971,29.0,0,2.0
1972,27.0,0,-1.0
1973,0.0,0,3.0
1974,0.0,0,1.0
1975,0.0,0,0.0
1976,0.0,0,0.0
1977,0.0,0,0.0
1978,0.0,0,0.0
1979,30.0,0,0.0
1980,3.0,0,2.0
1981,28.0,0,1.0
1982,0.0,0,1.0
1983,0.0,0,0.0
1984,20.0,0,1.0
1985,11.0,0,0.0
1986,0.0,0,0.0
1987,29.0,0,0.0
1988,31.0,0,0.0
1989,11.0,0,0.0
1990,0.0,0,2.0
1991,25.0,0,3.0
1992,0.0,0,4.0
1993,1.0,1,1.0
1994,2.0,1,2.0
1995,0.0,0,2.0
1996,14.0,1,0.0
1997,1.0,1,1.0
1998,31.0,0,0.0
1999,21.0,0,0.0
2000,23.0,0,1.0
2001,0.0,0,3.0
2002,0.0,0,1.0
2003,16.0,1,2.0
2004,3.0,1,3.0
2005,31.0,0,0.0
2006,0.0,0,1.0
2007,1.0,0,4.0
2008,21.0,0,1.0
2009,31.0,0,-0.0
2010,21.0,0,-0.0
2011,6.0,0,-0.0
2012,20.0,0,1.0
2013,31.0,0,-1.0
2014,4.0,0,2.0
2015,29.0,0,2.0
2016,26.0,1,1.0
2017,0.0,0,0.0
2018,0.0,0,1.0
2019,0.0,0,4.0
2020,4.0,1,4.0
2021,1.0,0,3.0
2022,26.0,0,2.0
2023,26.0,0,1.0
2024,26.0,0,2.0
2025,15.0,0,3.0
2026,4.0,0,3.0
2027,18.0,0,3.0
2028,0.0,0,5.0
2029,0.0,0,4.0
2030,30.0,0,1.0
2031,19.0,0,0.0
2032,0.0,0,1.0
2033,12.0,0,-1.0
2034,31.0,0,0.0
2035,0.0,0,0.0
2036,30.0,0,-0.0
2037,31.0,0,-1.0
2038,25.0,0,6.0
2039,3.0,0,1.0
2040,6.0,0,1.0
2041,8.0,1,-1.0
2042,6.0,0,2.0
2043,1.0,0,0.0
2044,29.0,0,1.0
2045,20.0,0,-1.0
2046,0.0,0,1.0
2047,18.0,0,-0.0
2048,16.0,1,-1.0
2049,29.0,0,-1.0
2050,18.0,0,1.0
2051,31.0,0,0.0
2052,30.0,0,0.0
2053,8.0,0,2.0
2054,20.0,0,2.0
2055,24.0,0,2.0
2056,24.0,1,1.0
2057,18.0,0,1.0
2058,23.0,0,-1.0
2059,26.0,0,-1.0
2060,16.0,0,0.0
2061,1.0,0,2.0
2062,26.0,0,3.0
2063,9.0,0,-2.0
2064,25.0,0,1.0
2065,23.0,0,-0.0
2066,6.0,0,1.0
2067,2.0,0,-0.0
2068,6.0,0,1.0
2069,19.0,0,0.0
2070,23.0,0,2.0
2071,23.0,0,0.0
2072,8.0,0,1.0
2073,7.0,0,3.0
2074,24.0,0,2.0
2075,26.0,0,-1.0
2076,16.0,0,-2.0
2077,22.0,0,-0.0
2078,22.0,0,0.0
2079,23.0,0,1.0
2080,23.0,0,4.0
2081,28.0,0,1.0
2082,9.0,0,1.0
2083,15.0,0,-1.0
2084,19.0,0,-0.0
2085,17.0,0,2.0
2086,11.0,0,-1.0
2087,22.0,0,-1.0
2088,31.0,0,0.0
2089,14.0,0,1.0
2090,25.0,0,1.0
2091,27.0,0,-0.0
2092,13.0,0,2.0
2093,31.0,0,0.0
2094,23.0,0,1.0
2095,0.0,0,0.0
2096,17.0,0,3.0
2097,0.0,0,2.0
2098,28.0,0,-0.0
2099,14.0,0,-1.0
2100,23.0,0,-1.0
2101,22.0,0,1.0
2102,6.0,0,2.0
2103,0.0,0,0.0
2104,26.0,0,-0.0
2105,21.0,0,-2.0
2106,0.0,0,0.0
2107,15.0,0,-1.0
2108,0.0,0,1.0
2109,27.0,1,-1.0
2110,31.0,0,0.0
2111,0.0,0,0.0
2112,31.0,0,-1.0
2113,26.0,0,-1.0
2114,18.0,0,0.0
2115,0.0,0,3.0
2116,23.0,0,2.0
2117,24.0,1,3.0
2118,25.0,0,1.0
2119,15.0,1,-1.0
2120,5.0,0,1.0
2121,23.0,0,2.0
2122,0.0,0,2.0
2123,26.0,0,2.0
2124,5.0,0,-2.0
2125,16.0,0,-1.0
2126,27.0,0,2.0
2127,24.0,0,1.0
2128,17.0,0,-1.0
2129,28.0,0,1.0
2130,13.0,0,5.0
2131,0.0,1,0.0
2132,0.0,0,0.0
2133,14.0,0,0.0
2134,16.0,0,-1.0
2135,23.0,0,1.0
2136,1.0,1,1.0
2137,0.0,0,1.0
2138,31.0,0,-2.0
2139,21.0,0,2.0
2140,29.0,0,-0.0
2141,12.0,0,1.0
2142,17.0,0,0.0
2143,27.0,0,0.0
2144,0.0,0,0.0
2145,13.0,0,0.0
2146,17.0,0,2.0
2147,12.0,0,2.0
2148,20.0,0,-0.0
2149,10.0,0,-1.0
2150,0.0,0,3.0
2151,6.0,0,2.0
2152,7.0,0,2.0
2153,25.0,0,1.0
2154,26.0,0,3.0
2155,31.0,1,0.0
2156,31.0,0,0.0
2157,9.0,0,1.0
2158,0.0,1,0.0
2159,0.0,0,2.0
2160,23.0,1,1.0
2161,31.0,1,0.0
2162,26.0,0,1.0
2163,9.0,0,2.0
2164,1.0,0,1.0
2165,0.0,0,3.0
2166,14.0,0,-0.0
2167,0.0,0,2.0
2168,29.0,0,2.0
2169,19.0,0,0.0
2170,20.0,0,3.0
2171,2.0,1,2.0
2172,17.0,0,3.0
2173,0.0,0,0.0
2174,6.0,1,6.0
2175,7.0,1,1.0
2176,30.0,0,0.0
2177,17.0,0,-2.0
2178,25.0,1,1.0
2179,0.0,0,0.0
2180,0.0,0,0.0
2181,30.0,1,-0.0
2182,17.0,0,1.0
2183,0.0,0,0.0
2184,31.0,0,0.0
2185,28.0,0,3.0
2186,31.0,0,0.0
2187,9.0,1,5.0
2188,0.0,0,0.0
2189,3.0,0,-0.0
2190,7.0,0,-1.0
2191,19.0,0,2.0
2192,25.0,1,3.0
2193,31.0,0,0.0
2194,0.0,0,0.0
2195,4.0,0,2.0
2196,0.0,0,1.0
2197,5.0,1,3.0
2198,2.0,0,2.0
2199,0.0,1,0.0
2200,4.0,0,2.0
2201,1.0,0,2.0
2202,1.0,1,1.0
2203,17.0,0,2.0
2204,30.0,1,-0.0
2205,0.0,0,0.0
2206,17.0,1,0.0
2207,0.0,0,2.0
2208,31.0,0,0.0
2209,0.0,0,3.0
2210,31.0,0,0.0
2211,31.0,0,0.0
2212,0.0,0,1.0
2213,23.0,0,5.0
2214,0.0,0,0.0
2215,0.0,0,2.0
2216,0.0,0,1.0
2217,0.0,0,0.0
2218,28.0,0,1.0
2219,1.0,1,1.0
2220,22.0,0,2.0
2221,27.0,0,1.0
2222,23.0,0,-1.0
2223,31.0,1,1.0
2224,14.0,0,1.0
2225,13.0,1,1.0
2226,16.0,0,1.0
2227,26.0,0,-1.0
2228,0.0,0,0.0
2229,0.0,0,0.0
2230,0.0,0,0.0
2231,28.0,0,3.0
2232,0.0,0,1.0
2233,0.0,1,0.0
2234,27.0,0,1.0
2235,31.0,0,0.0
2236,14.0,0,2.0
2237,0.0,0,1.0
2238,30.0,0,1.0
2239,14.0,0,1.0
2240,1.0,1,1.0
2241,23.0,0,-1.0
2242,0.0,0,3.0
2243,17.0,0,3.0
2244,16.0,0,3.0
2245,3.0,1,2.0
2246,0.0,0,2.0
2247,0.0,0,0.0
2248,22.0,0,2.0
2249,9.0,0,4.0
2250,5.0,1,-1.0
2251,22.0,0,1.0
2252,2.0,1,2.0
2253,18.0,0,0.0
2254,0.0,0,1.0
2255,12.0,1,1.0
2256,17.0,1,2.0
2257,31.0,0,0.0
2258,16.0,0,-1.0
2259,0.0,0,0.0
2260,27.0,0,0.0
2261,0.0,0,0.0
2262,0.0,0,2.0
2263,0.0,0,7.0
2264,3.0,0,-1.0
2265,0.0,0,0.0
2266,0.0,1,0.0
2267,0.0,0,1.0
2268,0.0,0,0.0
2269,11.0,0,-2.0
2270,7.0,1,7.0
2271,31.0,0,0.0
2272,29.0,0,1.0
2273,30.0,0,1.0
2274,29.0,0,0.0
2275,0.0,0,2.0
2276,0.0,0,0.0
2277,21.0,0,1.0
2278,0.0,0,1.0
2279,29.0,1,-0.0
2280,19.0,1,3.0
2281,6.0,0,1.0
2282,19.0,0,-0.0
2283,31.0,0,0.0
2284,0.0,0,1.0
2285,19.0,0,2.0
2286,0.0,0,0.0
2287,0.0,1,0.0
2288,25.0,0,3.0
2289,0.0,0,1.0
2290,26.0,0,-2.0
2291,20.0,0,-1.0
2292,18.0,0,1.0
2293,0.0,0,4.0
2294,29.0,1,2.0
2295,0.0,0,1.0
2296,0.0,0,0.0
2297,25.0,0,1.0
2298,23.0,0,1.0
2299,21.0,0,2.0
2300,0.0,0,2.0
2301,0.0,0,6.0
2302,16.0,0,1.0
2303,1.0,1,1.0
2304,2.0,0,0.0
2305,19.0,0,-1.0
2306,28.0,0,-1.0
2307,18.0,0,4.0
2308,30.0,1,2.0
2309,13.0,0,1.0
2310,23.0,0,0.0
2311,0.0,0,2.0
2312,9.0,0,4.0
2313,0.0,0,1.0
2314,4.0,0,0.0
2315,5.0,0,1.0
2316,0.0,0,0.0
2317,5.0,0,-1.0
2318,11.0,0,3.0
2319,0.0,0,0.0
2320,0.0,0,0.0
2321,0.0,0,1.0
2322,0.0,0,2.0
2323,4.0,1,0.0
2324,0.0,0,0.0
2325,24.0,0,0.0
2326,29.0,0,1.0
2327,5.0,0,-2.0
2328,14.0,1,0.0
2329,0.0,0,2.0
2330,0.0,0,0.0
2331,27.0,0,1.0
2332,30.0,0,-1.0
2333,12.0,0,-0.0
2334,0.0,0,2.0
2335,23.0,1,1.0
2336,31.0,0,0.0
2337,0.0,0,1.0
2338,13.0,0,1.0
2339,0.0,0,0.0
2340,16.0,0,1.0
2341,23.0,0,1.0
2342,0.0,0,0.0
2343,23.0,0,2.0
2344,0.0,0,2.0
2345,31.0,0,0.0
2346,24.0,0,-1.0
2347,8.0,1,-2.0
2348,0.0,0,2.0
2349,0.0,0,0.0
2350,22.0,0,1.0
2351,0.0,0,1.0
2352,0.0,0,0.0
2353,12.0,0,-0.0
2354,0.0,0,4.0
2355,30.0,0,-2.0
2356,31.0,0,-1.0
2357,13.0,0,1.0
2358,28.0,0,3.0
2359,31.0,0,0.0
2360,0.0,0,4.0
2361,21.0,0,1.0
2362,31.0,0,0.0
2363,25.0,0,3.0
2364,28.0,1,1.0
2365,0.0,0,0.0
2366,19.0,0,4.0
2367,0.0,0,2.0
2368,31.0,1,1.0
2369,31.0,0,0.0
2370,14.0,1,2.0
2371,24.0,0,1.0
2372,0.0,0,1.0
2373,0.0,0,0.0
2374,13.0,0,-0.0
2375,0.0,0,5.0
2376,13.0,0,-1.0
2377,0.0,1,0.0
2378,0.0,0,0.0
2379,31.0,0,0.0
2380,28.0,0,2.0
2381,0.0,0,0.0
2382,27.0,0,3.0
2383,0.0,0,4.0
2384,5.0,0,1.0
2385,6.0,0,3.0
2386,22.0,0,2.0
2387,1.0,1,1.0
2388,0.0,0,0.0
2389,21.0,1,-0.0
2390,14.0,1,1.0
2391,12.0,0,1.0
2392,1.0,1,1.0
2393,4.0,1,-1.0
2394,0.0,0,3.0
2395,0.0,0,0.0
2396,0.0,0,0.0
2397,31.0,0,0.0
2398,27.0,0,0.0
2399,0.0,0,3.0
2400,0.0,0,1.0
2401,1.0,0,1.0
2402,24.0,0,3.0
2403,10.0,1,-1.0
2404,15.0,0,1.0
2405,5.0,0,1.0
2406,6.0,1,1.0
2407,0.0,0,0.0
2408,0.0,0,1.0
2409,0.0,0,1.0
2410,0.0,0,0.0
2411,0.0,0,1.0
2412,0.0,0,0.0
2413,23.0,1,1.0
2414,0.0,0,0.0
2415,31.0,1,0.0
2416,0.0,1,0.0
2417,17.0,0,1.0
2418,29.0,0,-0.0
2419,15.0,0,3.0
2420,3.0,1,1.0
2421,21.0,0,2.0
2422,0.0,0,5.0
2423,0.0,0,2.0
2424,17.0,0,1.0
2425,0.0,0,2.0
2426,0.0,0,1.0
2427,26.0,0,1.0
2428,25.0,0,2.0
2429,3.0,0,1.0
2430,9.0,0,-1.0
2431,0.0,0,0.0
2432,16.0,1,2.0
2433,0.0,0,1.0
2434,0.0,0,0.0
2435,0.0,0,2.0
2436,16.0,1,-1.0
2437,26.0,1,1.0
2438,24.0,0,-0.0
2439,0.0,0,2.0
2440,3.0,0,1.0
2441,16.0,0,0.0
2442,27.0,0,1.0
2443,14.0,0,1.0
2444,31.0,0,-0.0
2445,11.0,0,2.0
2446,20.0,1,1.0
2447,0.0,0,0.0
2448,0.0,0,1.0
2449,0.0,0,3.0
2450,25.0,1,1.0
2451,22.0,0,2.0
2452,12.0,0,1.0
2453,1.0,1,0.0
2454,1.0,0,-1.0
2455,0.0,0,0.0
2456,15.0,0,0.0
2457,21.0,0,2.0
2458,28.0,0,3.0
2459,3.0,0,3.0
2460,1.0,1,1.0
2461,15.0,1,3.0
2462,0.0,0,0.0
2463,10.0,0,2.0
2464,17.0,1,3.0
2465,14.0,0,1.0
2466,5.0,0,-2.0
2467,0.0,0,4.0
2468,24.0,0,2.0
2469,31.0,1,0.0
2470,25.0,0,-1.0
2471,14.0,1,1.0
2472,0.0,0,3.0
2473,0.0,0,1.0
2474,4.0,0,2.0
2475,16.0,0,5.0
2476,1.0,1,1.0
2477,0.0,0,0.0
2478,0.0,0,1.0
2479,31.0,1,3.0
2480,13.0,0,2.0
2481,0.0,0,2.0
2482,0.0,0,1.0
2483,29.0,0,1.0
2484,16.0,0,6.0
2485,0.0,0,0.0
2486,0.0,0,3.0
2487,29.0,0,1.0
2488,0.0,0,0.0
2489,28.0,0,-0.0
2490,19.0,0,5.0
2491,0.0,0,3.0
2492,6.0,0,2.0
2493,0.0,0,0.0
2494,0.0,0,1.0
2495,0.0,0,0.0
2496,0.0,0,2.0
2497,0.0,0,0.0
2498,0.0,0,0.0
2499,0.0,0,0.0
2500,0.0,0,0.0
2501,11.0,1,1.0
2502,17.0,0,-1.0
2503,0.0,0,0.0
2504,9.0,0,4.0
2505,0.0,1,0.0
2506,10.0,0,1.0
2507,8.0,0,-1.0
2508,1.0,0,-0.0
2509,12.0,0,2.0
2510,0.0,1,0.0
2511,2.0,1,1.0
2512,0.0,0,0.0
2513,0.0,0,4.0
2514,17.0,0,2.0
2515,29.0,1,-0.0
2516,18.0,0,0.0
2517,31.0,1,4.0
2518,26.0,0,-1.0
2519,23.0,0,-1.0
2520,18.0,0,-1.0
2521,0.0,1,0.0
2522,0.0,0,2.0
2523,0.0,0,0.0
2524,28.0,0,-2.0
2525,19.0,0,3.0
2526,7.0,0,-0.0
2527,26.0,1,1.0
2528,22.0,1,1.0
2529,20.0,0,1.0
2530,28.0,0,1.0
2531,16.0,1,1.0
2532,0.0,0,0.0
2533,21.0,0,3.0
2534,0.0,0,1.0
2535,0.0,0,2.0
2536,0.0,0,0.0
2537,26.0,0,0.0
2538,0.0,0,2.0
2539,6.0,0,-2.0
2540,0.0,0,0.0
2541,22.0,1,-1.0
2542,28.0,1,5.0
2543,24.0,0,4.0
2544,16.0,1,1.0
2545,0.0,0,0.0
2546,5.0,0,-0.0
2547,10.0,0,3.0
2548,4.0,1,4.0
2549,0.0,0,1.0
2550,19.0,0,2.0
2551,19.0,0,1.0
2552,0.0,0,2.0
2553,2.0,1,2.0
2554,0.0,0,0.0
2555,12.0,1,1.0
2556,4.0,0,0.0
2557,24.0,1,3.0
2558,31.0,1,0.0
2559,8.0,0,2.0
2560,0.0,0,2.0
2561,2.0,1,2.0
2562,10.0,0,0.0
2563,12.0,0,-0.0
2564,24.0,0,2.0
2565,1.0,0,1.0
2566,29.0,0,1.0
2567,0.0,0,1.0
2568,15.0,0,-0.0
2569,0.0,0,1.0
2570,0.0,0,5.0
2571,28.0,0,3.0
2572,24.0,0,1.0
2573,16.0,0,2.0
2574,28.0,1,3.0
2575,25.0,0,2.0
2576,0.0,0,2.0
2577,20.0,0,-1.0
2578,0.0,1,0.0
2579,24.0,0,1.0
2580,26.0,0,-2.0
2581,3.0,1,1.0
2582,25.0,1,1.0
2583,10.0,0,-4.0
2584,17.0,0,-0.0
2585,0.0,0,1.0
2586,0.0,1,0.0
2587,0.0,0,3.0
2588,31.0,0,-1.0
2589,31.0,1,1.0
2590,0.0,0,0.0
2591,13.0,0,0.0
2592,0.0,0,1.0
2593,0.0,0,1.0
2594,17.0,0,4.0
2595,28.0,1,2.0
2596,0.0,0,1.0
2597,31.0,0,0.0
2598,0.0,0,0.0
2599,5.0,0,1.0
2600,27.0,1,2.0
2601,23.0,0,1.0
2602,0.0,0,0.0
2603,21.0,0,-0.0
2604,31.0,0,0.0
2605,19.0,0,1.0
2606,23.0,1,3.0
2607,6.0,0,-3.0
2608,25.0,0,1.0
2609,10.0,0,2.0
2610,23.0,1,2.0
2611,22.0,0,-1.0
2612,0.0,0,2.0
2613,24.0,0,3.0
2614,9.0,0,1.0
2615,27.0,0,-1.0
2616,0.0,0,4.0
2617,31.0,0,0.0
2618,0.0,0,0.0
2619,0.0,1,0.0
2620,21.0,0,0.0
2621,30.0,0,0.0
2622,25.0,0,1.0
2623,14.0,0,2.0
2624,0.0,0,0.0
2625,0.0,0,0.0
2626,21.0,0,1.0
2627,15.0,0,2.0
2628,29.0,0,2.0
2629,0.0,0,1.0
2630,0.0,0,4.0
2631,24.0,1,2.0
2632,19.0,0,4.0
2633,0.0,0,0.0
2634,0.0,0,0.0
2635,22.0,0,3.0
2636,0.0,0,0.0
2637,31.0,0,0.0
2638,0.0,0,3.0
2639,0.0,0,0.0
2640,3.0,1,3.0
2641,0.0,0,1.0
2642,5.0,0,-1.0
2643,0.0,0,2.0
2644,28.0,0,2.0
2645,1.0,1,1.0
2646,27.0,0,2.0
2647,24.0,0,5.0
2648,17.0,1,3.0
2649,0.0,1,0.0
2650,13.0,0,5.0
2651,0.0,0,5.0
2652,0.0,0,3.0
2653,0.0,0,2.0
2654,0.0,0,2.0
2655,3.0,1,3.0
2656,17.0,0,-1.0
2657,3.0,1,3.0
2658,0.0,0,0.0
2659,0.0,0,0.0
2660,24.0,0,5.0
2661,0.0,0,0.0
2662,31.0,0,0.0
2663,7.0,1,7.0
2664,19.0,0,3.0
2665,0.0,0,0.0
2666,27.0,0,0.0
2667,27.0,1,1.0
2668,0.0,0,2.0
2669,4.0,1,2.0
2670,16.0,1,-1.0
2671,0.0,0,0.0
2672,11.0,0,1.0
2673,18.0,0,1.0
2674,29.0,1,4.0
2675,1.0,1,1.0
2676,3.0,1,3.0
2677,0.0,0,0.0
2678,23.0,1,3.0
2679,3.0,0,2.0
2680,17.0,0,-0.0
2681,17.0,0,0.0
2682,23.0,0,4.0
2683,5.0,1,5.0
2684,20.0,0,-1.0
2685,29.0,0,1.0
2686,30.0,0,1.0
2687,13.0,0,2.0
2688,18.0,0,2.0
2689,27.0,1,0.0
2690,11.0,0,-0.0
2691,0.0,0,5.0
2692,4.0,0,-2.0
2693,0.0,0,4.0
2694,0.0,0,1.0
2695,31.0,1,5.0
2696,0.0,0,6.0
2697,0.0,0,0.0
2698,4.0,0,-4.0
2699,0.0,0,5.0
2700,25.0,0,-1.0
2701,0.0,0,4.0
2702,21.0,1,2.0
2703,14.0,0,4.0
2704,16.0,0,-2.0
2705,31.0,0,0.0
2706,20.0,0,2.0
2707,31.0,0,0.0
2708,0.0,0,5.0
2709,17.0,0,-1.0
2710,6.0,0,0.0
2711,23.0,0,0.0
2712,27.0,1,4.0
2713,0.0,1,0.0
2714,0.0,1,0.0
2715,29.0,0,-1.0
2716,28.0,1,2.0
2717,0.0,0,0.0
2718,0.0,0,1.0
2719,14.0,0,-1.0
2720,10.0,0,4.0
2721,0.0,0,5.0
2722,0.0,0,0.0
2723,0.0,0,5.0
2724,28.0,0,3.0
2725,0.0,0,2.0
2726,0.0,0,2.0
2727,0.0,0,2.0
2728,30.0,0,-1.0
2729,23.0,1,-1.0
2730,31.0,0,0.0
2731,3.0,0,-2.0
2732,0.0,0,2.0
2733,30.0,0,1.0
2734,0.0,0,0.0
2735,0.0,0,2.0
2736,22.0,0,2.0
2737,20.0,0,-1.0
2738,0.0,0,1.0
2739,31.0,1,1.0
2740,0.0,0,0.0
2741,0.0,0,1.0
2742,23.0,0,0.0
2743,17.0,0,1.0
2744,31.0,0,-1.0
2745,13.0,0,1.0
2746,22.0,0,2.0
2747,0.0,0,4.0
2748,0.0,0,1.0
2749,31.0,0,0.0
2750,21.0,0,3.0
2751,7.0,0,-0.0
2752,0.0,0,0.0
2753,0.0,1,0.0
2754,11.0,0,3.0
2755,0.0,0,4.0
2756,0.0,0,2.0
2757,1.0,0,2.0
2758,31.0,0,0.0
2759,8.0,1,-1.0
2760,11.0,0,1.0
2761,20.0,1,2.0
2762,0.0,0,2.0
2763,31.0,0,-2.0
2764,31.0,0,0.0
2765,0.0,0,2.0
2766,0.0,0,2.0
2767,1.0,0,-1.0
2768,31.0,0,0.0
2769,10.0,0,3.0
2770,0.0,0,0.0
2771,0.0,0,3.0
2772,2.0,0,1.0
2773,0.0,0,7.0
2774,26.0,0,2.0
2775,3.0,0,1.0
2776,0.0,0,7.0
2777,25.0,1,2.0
2778,0.0,0,0.0
2779,31.0,1,7.0
2780,13.0,0,3.0
2781,26.0,0,4.0
2782,0.0,0,4.0
2783,0.0,0,6.0
2784,0.0,0,5.0
2785,0.0,0,1.0
2786,0.0,0,1.0
2787,0.0,1,0.0
2788,0.0,0,2.0
2789,0.0,0,7.0
2790,2.0,1,2.0
2791,21.0,0,3.0
2792,0.0,0,1.0
2793,0.0,0,0.0
2794,9.0,0,1.0
2795,29.0,1,2.0
2796,4.0,1,4.0
2797,0.0,0,0.0
2798,0.0,0,1.0
2799,16.0,0,2.0
2800,28.0,1,-0.0
2801,14.0,1,2.0
2802,9.0,1,1.0
2803,0.0,0,0.0
2804,0.0,0,0.0
2805,0.0,1,0.0
2806,14.0,0,2.0
2807,28.0,0,-0.0
2808,1.0,1,1.0
2809,0.0,0,1.0
2810,0.0,0,0.0
2811,0.0,0,1.0
2812,2.0,1,2.0
2813,0.0,0,0.0
2814,11.0,0,2.0
2815,0.0,0,2.0
2816,0.0,0,3.0
2817,0.0,0,0.0
2818,0.0,0,1.0
2819,0.0,0,0.0
2820,0.0,0,4.0
2821,0.0,0,2.0
2822,0.0,0,0.0
2823,0.0,0,4.0
2824,0.0,0,0.0
2825,0.0,0,1.0
2826,28.0,0,2.0
2827,18.0,0,1.0
2828,17.0,1,2.0
2829,28.0,0,3.0
2830,29.0,0,2.0
2831,0.0,0,5.0
2832,0.0,0,2.0
2833,13.0,0,3.0
2834,2.0,1,2.0
2835,0.0,1,0.0
2836,27.0,0,-1.0
2837,0.0,0,1.0
2838,30.0,0,1.0
2839,0.0,0,4.0
2840,28.0,0,2.0
2841,1.0,0,3.0
2842,0.0,0,4.0
2843,0.0,0,0.0
2844,3.0,0,3.0
2845,31.0,0,0.0
2846,4.0,1,4.0
2847,24.0,0,-0.0
2848,21.0,0,5.0
2849,0.0,0,0.0
2850,27.0,0,-1.0
2851,27.0,0,-1.0
2852,3.0,0,-1.0
2853,0.0,1,0.0
2854,0.0,0,1.0
2855,25.0,1,1.0
2856,1.0,0,1.0
2857,18.0,0,4.0
2858,11.0,0,1.0
2859,31.0,0,0.0
2860,30.0,0,1.0
2861,31.0,0,0.0
2862,0.0,0,0.0
2863,31.0,0,-1.0
2864,0.0,0,3.0
2865,3.0,0,6.0
2866,12.0,0,3.0
2867,0.0,0,0.0
2868,20.0,0,2.0
2869,14.0,0,4.0
2870,0.0,0,0.0
2871,0.0,0,2.0
2872,18.0,0,2.0
2873,1.0,1,1.0
2874,31.0,0,0.0
2875,14.0,0,3.0
2876,0.0,0,5.0
2877,20.0,0,3.0
2878,3.0,1,3.0
2879,26.0,0,1.0
2880,2.0,1,-1.0
2881,0.0,0,0.0
2882,0.0,0,0.0
2883,30.0,1,3.0
2884,7.0,0,2.0
2885,0.0,0,6.0
2886,0.0,0,0.0
2887,12.0,0,2.0
2888,11.0,0,6.0
2889,0.0,0,2.0
2890,13.0,0,0.0
2891,0.0,0,2.0
2892,18.0,0,-2.0
2893,2.0,1,2.0
2894,28.0,1,3.0
2895,0.0,1,0.0
2896,0.0,0,1.0
2897,21.0,0,6.0
2898,0.0,0,2.0
2899,19.0,0,0.0
2900,14.0,0,1.0
2901,0.0,0,2.0
2902,8.0,1,4.0
2903,23.0,0,4.0
2904,6.0,0,-0.0
2905,1.0,0,-1.0
2906,0.0,0,3.0
2907,0.0,1,0.0
2908,8.0,0,-1.0
2909,15.0,0,4.0
2910,21.0,0,4.0
2911,0.0,0,3.0
2912,31.0,0,0.0
2913,0.0,0,0.0
2914,0.0,0,5.0
2915,0.0,0,0.0
2916,0.0,0,0.0
2917,12.0,0,6.0
2918,0.0,1,0.0
2919,27.0,1,1.0
2920,17.0,0,-1.0
2921,5.0,1,5.0
2922,15.0,1,2.0
2923,0.0,0,0.0
2924,0.0,1,0.0
2925,0.0,0,0.0
2926,31.0,1,1.0
2927,27.0,0,-1.0
2928,0.0,0,0.0
2929,4.0,0,-1.0
2930,19.0,0,0.0
2931,0.0,0,0.0
2932,0.0,0,3.0
2933,0.0,0,0.0
2934,3.0,0,5.0
2935,10.0,1,7.0
2936,30.0,0,1.0
2937,25.0,1,0.0
2938,7.0,0,-1.0
2939,0.0,0,1.0
2940,0.0,0,3.0
2941,0.0,0,0.0
2942,6.0,1,-1.0
2943,10.0,0,3.0
2944,2.0,0,0.0
2945,16.0,0,-2.0
2946,18.0,1,2.0
2947,3.0,0,3.0
2948,0.0,0,3.0
2949,2.0,1,2.0
2950,3.0,0,3.0
2951,0.0,0,0.0
2952,15.0,1,1.0
2953,2.0,0,1.0
2954,0.0,0,0.0
2955,0.0,0,3.0
2956,0.0,0,0.0
2957,25.0,0,3.0
2958,0.0,0,3.0
2959,11.0,0,0.0
2960,0.0,0,0.0
2961,0.0,0,1.0
2962,5.0,1,3.0
2963,0.0,0,2.0
2964,0.0,0,3.0
2965,4.0,1,4.0
2966,2.0,1,2.0
2967,0.0,0,1.0
2968,25.0,1,1.0
2969,0.0,0,2.0
2970,21.0,0,2.0
2971,19.0,0,-0.0
2972,30.0,0,1.0
2973,24.0,1,1.0
2974,0.0,0,3.0
2975,0.0,0,3.0
2976,31.0,0,-2.0
2977,12.0,1,-1.0
2978,9.0,1,1.0
2979,0.0,0,2.0
2980,0.0,0,4.0
2981,25.0,0,-0.0
2982,0.0,0,1.0
2983,31.0,0,0.0
2984,0.0,0,6.0
2985,6.0,0,-0.0
2986,0.0,0,8.0
2987,23.0,1,3.0
2988,28.0,0,3.0
2989,18.0,0,3.0
2990,6.0,0,1.0
2991,18.0,0,-2.0
2992,0.0,0,0.0
2993,4.0,0,-0.0
2994,0.0,0,3.0
2995,5.0,1,5.0
2996,13.0,0,-1.0
2997,0.0,0,0.0
2998,0.0,0,0.0
2999,0.0,0,0.0
3000,12.0,0,4.0
3001,19.0,0,-2.0
3002,30.0,1,6.0
3003,0.0,0,0.0
3004,0.0,0,0.0
3005,31.0,0,0.0
3006,0.0,0,1.0
3007,4.0,0,-1.0
3008,22.0,0,1.0
3009,0.0,0,0.0
3010,0.0,0,0.0
3011,7.0,0,2.0
3012,24.0,0,2.0
3013,29.0,0,1.0
3014,0.0,0,1.0
3015,0.0,0,0.0
3016,0.0,0,2.0
3017,5.0,0,-1.0
3018,0.0,0,2.0
3019,0.0,1,0.0
3020,0.0,0,0.0
3021,24.0,0,2.0
3022,15.0,0,3.0
3023,0.0,0,0.0
3024,31.0,0,-1.0
3025,0.0,0,1.0
3026,4.0,0,1.0
3027,6.0,1,0.0
3028,22.0,0,1.0
3029,16.0,0,3.0
3030,17.0,0,2.0
3031,29.0,0,1.0
3032,0.0,0,0.0
3033,7.0,0,2.0
3034,0.0,0,2.0
3035,1.0,1,1.0
3036,23.0,0,-1.0
3037,12.0,0,3.0
3038,1.0,1,1.0
3039,11.0,0,-0.0
3040,11.0,0,0.0
3041,9.0,0,0.0
3042,20.0,0,4.0
3043,17.0,0,3.0
3044,7.0,0,3.0
3045,0.0,0,0.0
3046,31.0,0,0.0
3047,0.0,0,1.0
3048,0.0,1,0.0
3049,0.0,0,1.0
3050,31.0,0,0.0
3051,30.0,0,0.0
3052,29.0,0,-0.0
3053,2.0,0,1.0
3054,0.0,0,0.0
3055,0.0,0,2.0
3056,0.0,0,2.0
3057,0.0,0,0.0
3058,0.0,0,0.0
3059,0.0,0,0.0
3060,12.0,0,-1.0
3061,8.0,1,-1.0
3062,0.0,0,1.0
3063,28.0,0,2.0
3064,23.0,0,1.0
3065,4.0,0,-1.0
3066,0.0,0,2.0
3067,26.0,1,5.0
3068,1.0,0,-1.0
3069,5.0,0,2.0
3070,21.0,0,3.0
3071,24.0,0,-1.0
3072,0.0,0,1.0
3073,16.0,0,0.0
3074,25.0,0,1.0
3075,0.0,0,0.0
3076,30.0,0,0.0
3077,0.0,0,0.0
3078,7.0,0,3.0
3079,1.0,1,1.0
3080,0.0,0,2.0
3081,12.0,0,5.0
3082,0.0,0,1.0
3083,0.0,0,2.0
3084,13.0,0,1.0
3085,26.0,0,2.0
3086,10.0,1,2.0
3087,17.0,0,-0.0
3088,0.0,0,0.0
3089,14.0,1,-0.0
3090,19.0,0,2.0
3091,26.0,0,-0.0
3092,0.0,0,0.0
3093,1.0,1,1.0
3094,17.0,1,0.0
3095,30.0,1,5.0
3096,13.0,0,3.0
3097,21.0,0,0.0
3098,0.0,0,6.0
3099,0.0,0,1.0
3100,3.0,0,1.0
3101,31.0,0,-0.0
3102,22.0,0,-0.0
3103,15.0,0,0.0
3104,20.0,1,1.0
3105,27.0,0,-1.0
3106,1.0,1,1.0
3107,30.0,0,1.0
3108,12.0,0,1.0
3109,29.0,0,2.0
3110,5.0,0,3.0
3111,0.0,0,1.0
3112,16.0,0,0.0
3113,22.0,0,5.0
3114,5.0,0,1.0
3115,20.0,0,2.0
3116,31.0,0,0.0
3117,31.0,0,0.0
3118,21.0,0,1.0
3119,23.0,0,-1.0
3120,23.0,1,2.0
3121,21.0,0,3.0
3122,0.0,1,0.0
3123,9.0,0,1.0
3124,17.0,0,1.0
3125,0.0,1,0.0
3126,17.0,0,-1.0
3127,17.0,0,1.0
3128,0.0,0,0.0
3129,17.0,0,0.0
3130,17.0,0,0.0
3131,0.0,0,0.0
3132,29.0,0,1.0
3133,0.0,0,0.0
3134,10.0,1,1.0
3135,31.0,0,0.0
3136,9.0,0,0.0
3137,0.0,0,4.0
3138,21.0,0,3.0
3139,0.0,0,0.0
3140,7.0,0,1.0
3141,19.0,0,-1.0
3142,0.0,0,0.0
3143,0.0,0,0.0
3144,30.0,0,1.0
3145,0.0,0,1.0
3146,0.0,0,1.0
3147,24.0,0,0.0
3148,31.0,0,0.0
3149,21.0,0,-1.0
3150,20.0,1,1.0
3151,31.0,0,0.0
3152,8.0,0,1.0
3153,28.0,0,-0.0
3154,30.0,0,0.0
3155,4.0,0,1.0
3156,11.0,0,-0.0
3157,0.0,1,0.0
3158,19.0,0,0.0
3159,0.0,0,0.0
3160,0.0,0,0.0
3161,23.0,0,-2.0
3162,0.0,0,0.0
3163,1.0,1,1.0
3164,28.0,0,2.0
3165,0.0,0,0.0
3166,1.0,0,-1.0
3167,21.0,0,-2.0
3168,18.0,0,2.0
3169,23.0,0,3.0
3170,15.0,0,0.0
3171,6.0,1,3.0
3172,0.0,0,0.0
3173,30.0,0,-3.0
3174,29.0,0,1.0
3175,0.0,0,2.0
3176,15.0,0,0.0
3177,25.0,0,1.0
3178,1.0,1,1.0
3179,16.0,0,3.0
3180,23.0,0,-3.0
3181,0.0,0,2.0
3182,8.0,0,-1.0
3183,0.0,0,1.0
3184,7.0,1,2.0
3185,19.0,0,3.0
3186,31.0,0,0.0
3187,1.0,0,3.0
3188,26.0,0,-1.0
3189,28.0,0,3.0
3190,13.0,0,2.0
3191,21.0,0,2.0
3192,0.0,0,0.0
3193,30.0,0,1.0
3194,0.0,0,2.0
3195,0.0,0,2.0
3196,4.0,0,3.0
3197,6.0,0,0.0
3198,17.0,1,-0.0
3199,10.0,0,1.0
3200,15.0,0,1.0
3201,14.0,1,1.0
3202,0.0,0,4.0
3203,2.0,0,1.0
3204,0.0,0,6.0
3205,0.0,0,0.0
3206,0.0,0,0.0
3207,0.0,0,1.0
3208,0.0,1,0.0
3209,0.0,0,6.0
3210,0.0,1,0.0
3211,17.0,0,5.0
3212,5.0,0,0.0
3213,13.0,0,4.0
3214,12.0,1,1.0
3215,29.0,0,1.0
3216,18.0,0,1.0
3217,0.0,0,0.0
3218,0.0,0,0.0
3219,0.0,0,1.0
3220,31.0,0,0.0
3221,9.0,0,1.0
3222,0.0,1,0.0
3223,16.0,0,0.0
3224,0.0,0,0.0
3225,30.0,0,1.0
3226,12.0,0,4.0
3227,0.0,0,1.0
3228,0.0,0,4.0
3229,28.0,1,3.0
3230,29.0,1,-1.0
3231,0.0,0,0.0
3232,22.0,0,1.0
3233,31.0,0,-0.0
3234,0.0,1,0.0
3235,10.0,0,-1.0
3236,12.0,0,-0.0
3237,25.0,0,2.0
3238,0.0,0,1.0
3239,3.0,1,3.0
3240,0.0,0,0.0
3241,26.0,1,-1.0
3242,0.0,0,0.0
3243,31.0,0,0.0
3244,31.0,0,0.0
3245,0.0,0,1.0
3246,24.0,0,5.0
3247,0.0,1,0.0
3248,0.0,0,0.0
3249,6.0,0,0.0
3250,8.0,0,1.0
3251,27.0,0,4.0
3252,29.0,1,-0.0
3253,13.0,0,-3.0
3254,0.0,0,0.0
3255,8.0,0,5.0
3256,16.0,0,-2.0
3257,12.0,0,-1.0
3258,20.0,0,2.0
3259,31.0,0,0.0
3260,0.0,0,0.0
3261,2.0,1,2.0
3262,0.0,0,4.0
3263,24.0,0,4.0
3264,0.0,0,3.0
3265,0.0,0,2.0
3266,15.0,0,-1.0
3267,0.0,0,4.0
3268,0.0,0,2.0
3269,0.0,0,0.0
3270,0.0,0,0.0
3271,19.0,0,-1.0
3272,0.0,0,0.0
3273,5.0,0,2.0
3274,18.0,0,2.0
3275,0.0,0,0.0
3276,0.0,0,5.0
3277,29.0,0,0.0
3278,11.0,0,2.0
3279,5.0,1,0.0
3280,31.0,0,0.0
3281,19.0,0,-0.0
3282,0.0,0,0.0
3283,0.0,0,1.0
3284,0.0,0,2.0
3285,0.0,0,0.0
3286,5.0,0,2.0
3287,0.0,0,0.0
3288,0.0,0,2.0
3289,7.0,0,1.0
3290,0.0,0,0.0
3291,0.0,0,0.0
3292,2.0,1,2.0
3293,17.0,0,4.0
3294,0.0,0,0.0
3295,9.0,1,-1.0
3296,30.0,0,0.0
3297,0.0,0,2.0
3298,19.0,0,-0.0
3299,2.0,1,2.0
3300,14.0,0,2.0
3301,0.0,0,1.0
3302,0.0,0,2.0
3303,28.0,1,-1.0
3304,0.0,0,0.0
3305,0.0,0,0.0
3306,21.0,0,-0.0
3307,25.0,1,2.0
3308,0.0,0,0.0
3309,0.0,0,0.0
3310,0.0,0,0.0
3311,0.0,0,1.0
3312,0.0,0,3.0
3313,0.0,0,0.0
3314,29.0,0,-1.0
3315,26.0,1,1.0
3316,29.0,1,2.0
3317,1.0,0,1.0
3318,0.0,1,0.0
3319,31.0,0,0.0
3320,0.0,0,2.0
3321,30.0,0,1.0
3322,18.0,0,2.0
3323,0.0,0,0.0
3324,0.0,1,0.0
3325,1.0,1,0.0
3326,23.0,0,4.0
3327,26.0,0,1.0
3328,10.0,0,-1.0
3329,31.0,0,-0.0
3330,0.0,0,0.0
3331,0.0,0,5.0
3332,0.0,0,0.0
3333,7.0,0,2.0
3334,31.0,0,0.0
3335,18.0,0,0.0
3336,0.0,0,0.0
3337,3.0,0,-0.0
3338,19.0,0,1.0
3339,25.0,0,5.0
3340,0.0,0,0.0
3341,26.0,0,3.0
3342,0.0,0,2.0
3343,30.0,0,-1.0
3344,0.0,0,1.0
3345,0.0,0,0.0
3346,0.0,0,2.0
3347,24.0,0,2.0
3348,9.0,0,-2.0
3349,24.0,0,1.0
3350,30.0,1,0.0
3351,0.0,0,1.0
3352,0.0,0,4.0
3353,21.0,0,2.0
3354,27.0,0,1.0
3355,31.0,1,0.0
3356,19.0,0,1.0
3357,0.0,0,2.0
3358,0.0,0,0.0
3359,28.0,1,-0.0
3360,0.0,0,0.0
3361,27.0,0,2.0
3362,13.0,1,3.0
3363,14.0,0,2.0
3364,14.0,0,0.0
3365,0.0,0,0.0
3366,15.0,1,1.0
3367,0.0,0,3.0
3368,28.0,0,3.0
3369,21.0,0,2.0
3370,11.0,0,-1.0
3371,0.0,0,2.0
3372,20.0,1,-1.0
3373,26.0,0,2.0
3374,0.0,0,6.0
3375,31.0,1,2.0
3376,22.0,0,-2.0
3377,6.0,1,6.0
3378,11.0,0,1.0
3379,0.0,1,0.0
3380,18.0,1,0.0
3381,0.0,0,0.0
3382,5.0,1,0.0
3383,6.0,0,3.0
3384,15.0,0,-1.0
3385,0.0,0,0.0
3386,1.0,0,-1.0
3387,4.0,0,-1.0
3388,0.0,0,1.0
3389,23.0,0,1.0
3390,26.0,1,2.0
3391,26.0,0,1.0
3392,18.0,0,-1.0
3393,28.0,0,1.0
3394,10.0,1,-2.0
3395,22.0,0,-0.0
3396,18.0,0,3.0
3397,0.0,0,1.0
3398,1.0,1,1.0
3399,0.0,0,1.0
3400,29.0,0,1.0
3401,0.0,0,2.0
3402,21.0,0,1.0
3403,0.0,0,2.0
3404,18.0,0,1.0
3405,31.0,0,-0.0
3406,4.0,1,-1.0
3407,15.0,1,3.0
3408,24.0,0,0.0
3409,25.0,1,1.0
3410,0.0,0,5.0
3411,0.0,1,0.0
3412,16.0,0,4.0
3413,3.0,0,-1.0
3414,13.0,0,0.0
3415,26.0,0,2.0
3416,17.0,0,2.0
3417,0.0,0,0.0
3418,23.0,0,0.0
3419,17.0,0,0.0
3420,7.0,0,2.0
3421,22.0,0,1.0
3422,18.0,0,-2.0
3423,0.0,0,0.0
3424,3.0,0,-1.0
3425,1.0,1,1.0
3426,29.0,1,5.0
3427,0.0,0,5.0
3428,0.0,0,2.0
3429,15.0,0,-0.0
3430,22.0,0,2.0
3431,5.0,0,1.0
3432,0.0,0,0.0
3433,31.0,0,0.0
3434,0.0,0,2.0
3435,5.0,0,1.0
3436,23.0,0,1.0
3437,3.0,1,3.0
3438,31.0,0,0.0
3439,0.0,0,3.0
3440,31.0,1,2.0
3441,29.0,0,-1.0
3442,19.0,0,2.0
3443,12.0,1,-1.0
3444,21.0,0,2.0
3445,0.0,0,0.0
3446,2.0,1,0.0
3447,8.0,0,0.0
3448,27.0,0,-1.0
3449,0.0,0,3.0
3450,0.0,0,1.0
3451,13.0,1,2.0
3452,10.0,0,1.0
3453,18.0,0,-1.0
3454,14.0,0,-0.0
3455,31.0,0,0.0
3456,0.0,0,0.0
3457,8.0,0,0.0
3458,0.0,0,2.0
3459,0.0,0,0.0
3460,23.0,0,2.0
3461,0.0,0,0.0
3462,29.0,0,1.0
3463,0.0,0,1.0
3464,26.0,0,-2.0
3465,12.0,0,0.0
3466,0.0,0,0.0
3467,26.0,0,3.0
3468,25.0,0,4.0
3469,3.0,0,1.0
3470,17.0,0,-0.0
3471,12.0,0,2.0
3472,0.0,0,0.0
3473,18.0,0,1.0
3474,31.0,0,0.0
3475,22.0,0,1.0
3476,8.0,0,-3.0
3477,0.0,0,0.0
3478,0.0,0,4.0
3479,31.0,0,-0.0
3480,0.0,0,2.0
3481,23.0,0,-2.0
3482,1.0,1,1.0
3483,10.0,1,-1.0
3484,15.0,0,-1.0
3485,23.0,0,-2.0
3486,0.0,0,0.0
3487,31.0,0,0.0
3488,22.0,0,6.0
3489,18.0,0,0.0
3490,0.0,0,2.0
3491,0.0,0,2.0
3492,27.0,0,-0.0
3493,9.0,0,-0.0
3494,15.0,0,5.0
3495,6.0,0,-1.0
3496,14.0,0,1.0
3497,0.0,0,0.0
3498,12.0,1,1.0
3499,31.0,0,0.0
3500,17.0,0,-1.0
3501,1.0,0,3.0
3502,0.0,0,2.0
3503,26.0,1,1.0
3504,0.0,0,1.0
3505,11.0,0,0.0
3506,16.0,1,0.0
3507,31.0,0,0.0
3508,11.0,0,-1.0
3509,1.0,1,1.0
3510,31.0,0,0.0
3511,6.0,0,-1.0
3512,3.0,1,3.0
3513,26.0,0,-1.0
3514,15.0,0,2.0
3515,4.0,0,-2.0
3516,13.0,0,0.0
3517,0.0,0,0.0
3518,0.0,1,0.0
3519,1.0,1,1.0
3520,11.0,0,-0.0
3521,31.0,0,-0.0
3522,5.0,0,1.0
3523,19.0,0,4.0
3524,0.0,0,0.0
3525,0.0,0,0.0
3526,14.0,0,4.0
3527,15.0,0,0.0
3528,16.0,0,4.0
3529,18.0,0,-1.0
3530,18.0,1,2.0
3531,17.0,0,-0.0
3532,31.0,0,-1.0
3533,30.0,0,-1.0
3534,31.0,0,0.0
3535,8.0,0,0.0
3536,11.0,0,2.0
3537,18.0,1,1.0
3538,1.0,0,-0.0
3539,17.0,0,-0.0
3540,14.0,1,2.0
3541,27.0,0,-0.0
3542,0.0,1,0.0
3543,30.0,1,3.0
3544,31.0,0,-1.0
3545,0.0,0,1.0
3546,22.0,0,1.0
3547,2.0,1,1.0
3548,26.0,0,2.0
3549,0.0,1,0.0
3550,22.0,0,-2.0
3551,24.0,0,3.0
3552,8.0,0,-0.0
3553,0.0,0,2.0
3554,18.0,0,0.0
3555,0.0,0,2.0
3556,0.0,0,5.0
3557,0.0,0,0.0
3558,31.0,0,0.0
3559,0.0,0,1.0
3560,29.0,1,3.0
3561,0.0,0,1.0
3562,0.0,0,1.0
3563,0.0,0,3.0
3564,15.0,0,2.0
3565,25.0,0,3.0
3566,27.0,0,-1.0
3567,27.0,0,2.0
3568,0.0,0,0.0
3569,0.0,0,2.0
3570,13.0,0,1.0
3571,30.0,0,1.0
3572,29.0,0,-0.0
3573,29.0,0,0.0
3574,28.0,0,-1.0
3575,8.0,0,-4.0
3576,28.0,0,0.0
3577,28.0,0,3.0
3578,0.0,0,8.0
3579,25.0,0,1.0
3580,0.0,0,1.0
3581,22.0,0,2.0
3582,28.0,0,1.0
3583,29.0,0,0.0
3584,2.0,1,2.0
3585,31.0,1,3.0
3586,19.0,0,1.0
3587,28.0,0,-1.0
3588,1.0,1,1.0
3589,0.0,0,2.0
3590,28.0,1,1.0
3591,1.0,0,-1.0
3592,30.0,1,-1.0
3593,4.0,0,0.0
3594,28.0,0,2.0
3595,21.0,1,0.0
3596,31.0,0,0.0
3597,31.0,0,0.0
3598,0.0,0,2.0
3599,1.0,1,1.0
3600,0.0,0,3.0
3601,17.0,1,1.0
3602,7.0,0,1.0
3603,0.0,0,3.0
3604,19.0,0,1.0
3605,29.0,0,-1.0
3606,9.0,0,5.0
3607,2.0,1,2.0
3608,9.0,0,-1.0
3609,24.0,0,3.0
3610,20.0,0,1.0
3611,0.0,1,0.0
3612,0.0,0,0.0
3613,0.0,0,7.0
3614,24.0,0,-2.0
3615,0.0,1,0.0
3616,3.0,0,1.0
3617,0.0,0,0.0
3618,0.0,0,1.0
3619,18.0,0,2.0
3620,23.0,0,-2.0
3621,0.0,0,3.0
3622,28.0,0,2.0
3623,30.0,1,1.0
3624,0.0,0,1.0
3625,21.0,0,-0.0
3626,3.0,1,3.0
3627,2.0,0,0.0
3628,17.0,0,2.0
3629,0.0,0,4.0
3630,9.0,0,-2.0
3631,31.0,0,0.0
3632,0.0,1,0.0
3633,0.0,0,0.0
3634,16.0,0,3.0
3635,19.0,0,-1.0
3636,0.0,0,5.0
3637,25.0,0,-2.0
3638,0.0,0,0.0
3639,0.0,0,0.0
3640,0.0,0,0.0
3641,0.0,0,1.0
3642,20.0,0,-2.0
3643,26.0,1,-2.0
3644,0.0,0,4.0
3645,24.0,0,1.0
3646,21.0,0,0.0
3647,0.0,0,2.0
3648,0.0,0,2.0
3649,30.0,1,0.0
3650,16.0,0,-3.0
3651,0.0,0,0.0
3652,31.0,1,2.0
3653,29.0,0,-3.0
3654,2.0,1,1.0
3655,0.0,0,0.0
3656,0.0,0,1.0
3657,0.0,0,0.0
3658,1.0,1,1.0
3659,31.0,0,0.0
3660,0.0,0,0.0
3661,20.0,0,0.0
3662,29.0,0,2.0
3663,13.0,0,1.0
3664,23.0,0,2.0
3665,15.0,0,-1.0
3666,27.0,0,0.0
3667,0.0,0,0.0
3668,11.0,0,0.0
3669,0.0,0,0.0
3670,0.0,1,0.0
3671,0.0,0,2.0
3672,1.0,0,-1.0
3673,18.0,0,2.0
3674,5.0,0,-1.0
3675,0.0,0,1.0
3676,6.0,0,2.0
3677,18.0,0,-2.0
3678,0.0,0,1.0
3679,0.0,0,4.0
3680,7.0,1,-1.0
3681,5.0,0,-2.0
3682,30.0,0,1.0
3683,0.0,0,3.0
3684,26.0,0,-1.0
3685,0.0,0,2.0
3686,8.0,0,1.0
3687,19.0,0,1.0
3688,21.0,0,-1.0
3689,18.0,0,-0.0
3690,31.0,0,0.0
3691,0.0,0,0.0
3692,11.0,0,1.0
3693,0.0,0,3.0
3694,28.0,0,0.0
3695,14.0,0,2.0
3696,17.0,1,2.0
3697,9.0,0,-2.0
3698,1.0,0,-1.0
3699,31.0,0,0.0
3700,0.0,0,0.0
3701,24.0,0,-1.0
3702,0.0,0,0.0
3703,2.0,0,1.0
3704,0.0,0,0.0
3705,0.0,0,0.0
3706,18.0,0,0.0
3707,31.0,0,0.0
3708,30.0,0,1.0
3709,15.0,1,1.0
3710,22.0,0,-2.0
3711,21.0,0,0.0
3712,27.0,0,0.0
3713,30.0,0,1.0
3714,18.0,0,1.0
3715,12.0,0,1.0
3716,0.0,0,1.0
3717,23.0,0,1.0
3718,23.0,1,-0.0
3719,9.0,0,-2.0
3720,0.0,0,0.0
3721,0.0,0,2.0
3722,15.0,1,2.0
3723,0.0,0,0.0
3724,7.0,0,2.0
3725,0.0,1,0.0
3726,2.0,1,2.0
3727,1.0,1,0.0
3728,21.0,0,2.0
3729,26.0,0,1.0
3730,0.0,0,3.0
3731,0.0,0,0.0
3732,8.0,0,1.0
3733,26.0,0,1.0
3734,17.0,0,5.0
3735,28.0,0,3.0
3736,23.0,0,1.0
3737,0.0,1,0.0
3738,0.0,0,0.0
3739,19.0,0,1.0
3740,0.0,0,0.0
3741,29.0,0,1.0
3742,28.0,0,1.0
3743,0.0,1,0.0
3744,29.0,0,-0.0
3745,25.0,1,-1.0
3746,5.0,0,1.0
3747,30.0,0,1.0
3748,31.0,0,-0.0
3749,0.0,0,3.0
3750,0.0,0,0.0
3751,0.0,0,2.0
3752,14.0,0,0.0
3753,28.0,0,1.0
3754,30.0,0,0.0
3755,10.0,0,2.0
3756,14.0,0,-0.0
3757,28.0,0,-0.0
3758,4.0,1,-2.0
3759,10.0,0,-1.0
3760,6.0,0,-3.0
3761,31.0,0,0.0
3762,26.0,1,0.0
3763,7.0,0,-1.0
3764,0.0,0,5.0
3765,28.0,0,1.0
3766,30.0,0,1.0
3767,27.0,0,1.0
3768,26.0,0,-0.0
3769,0.0,0,1.0
3770,2.0,0,2.0
3771,0.0,0,0.0
3772,0.0,0,1.0
3773,24.0,0,2.0
3774,2.0,0,-0.0
3775,0.0,0,0.0
3776,0.0,0,0.0
3777,0.0,0,1.0
3778,10.0,1,1.0
3779,28.0,0,3.0
3780,26.0,0,1.0
3781,16.0,0,3.0
3782,17.0,0,0.0
3783,3.0,1,3.0
3784,0.0,0,0.0
3785,0.0,0,0.0
3786,14.0,1,3.0
3787,10.0,0,-0.0
3788,19.0,0,-0.0
3789,0.0,0,1.0
3790,18.0,0,2.0
3791,0.0,0,0.0
3792,1.0,0,-0.0
3793,0.0,0,0.0
3794,4.0,1,4.0
3795,0.0,0,2.0
3796,31.0,1,0.0
3797,0.0,0,1.0
3798,18.0,0,-0.0
3799,17.0,0,1.0
3800,0.0,0,1.0
3801,24.0,0,1.0
3802,0.0,0,3.0
3803,31.0,0,-1.0
3804,16.0,0,1.0
3805,12.0,0,1.0
3806,0.0,0,1.0
3807,5.0,0,-0.0
3808,31.0,0,0.0
3809,29.0,0,1.0
3810,2.0,0,-2.0
3811,0.0,0,3.0
3812,2.0,1,2.0
3813,19.0,0,0.0
3814,0.0,0,0.0
3815,11.0,0,1.0
3816,26.0,0,3.0
3817,0.0,0,0.0
3818,0.0,0,3.0
3819,0.0,0,3.0
3820,10.0,0,0.0
3821,31.0,1,0.0
3822,30.0,0,1.0
3823,0.0,0,0.0
3824,0.0,0,0.0
3825,26.0,0,-1.0
3826,22.0,0,-0.0
3827,22.0,0,-1.0
3828,30.0,0,-1.0
3829,26.0,0,-2.0
3830,28.0,1,-1.0
3831,0.0,0,1.0
3832,24.0,0,-1.0
3833,23.0,0,1.0
3834,31.0,0,-5.0
3835,9.0,0,3.0
3836,2.0,1,2.0
3837,0.0,0,1.0
3838,0.0,0,1.0
3839,0.0,1,0.0
3840,0.0,1,0.0
3841,4.0,0,0.0
3842,23.0,0,-1.0
3843,14.0,0,2.0
3844,1.0,1,0.0
3845,15.0,1,-2.0
3846,0.0,0,1.0
3847,18.0,0,-0.0
3848,0.0,0,0.0
3849,7.0,1,1.0
3850,0.0,0,0.0
3851,0.0,0,1.0
3852,31.0,0,-1.0
3853,1.0,0,5.0
3854,2.0,0,3.0
3855,0.0,0,6.0
3856,1.0,0,2.0
3857,27.0,1,1.0
3858,0.0,0,2.0
3859,30.0,0,1.0
3860,15.0,0,-0.0
3861,0.0,0,0.0
3862,12.0,1,5.0
3863,0.0,0,1.0
3864,12.0,0,1.0
3865,0.0,0,1.0
3866,31.0,0,0.0
3867,31.0,0,0.0
3868,19.0,1,1.0
3869,3.0,0,0.0
3870,8.0,0,-0.0
3871,0.0,0,2.0
3872,19.0,0,4.0
3873,20.0,1,1.0
3874,5.0,0,3.0
3875,14.0,0,-1.0
3876,30.0,0,0.0
3877,20.0,0,-1.0
3878,9.0,1,1.0
3879,2.0,1,2.0
3880,0.0,0,1.0
3881,27.0,0,2.0
3882,0.0,0,2.0
3883,0.0,0,2.0
3884,0.0,1,0.0
3885,31.0,0,0.0
3886,0.0,0,0.0
3887,8.0,0,1.0
3888,15.0,0,-1.0
3889,0.0,0,3.0
3890,0.0,0,1.0
3891,0.0,0,0.0
3892,24.0,0,2.0
3893,0.0,0,2.0
3894,0.0,0,2.0
3895,18.0,0,0.0
3896,0.0,0,0.0
3897,0.0,0,0.0
3898,14.0,0,-1.0
3899,28.0,0,1.0
3900,0.0,0,1.0
3901,0.0,0,0.0
3902,7.0,0,1.0
3903,0.0,0,1.0
3904,0.0,0,0.0
3905,18.0,0,2.0
3906,0.0,0,0.0
3907,0.0,0,1.0
3908,31.0,0,-3.0
3909,0.0,0,2.0
3910,11.0,1,1.0
3911,18.0,0,0.0
3912,0.0,0,1.0
3913,25.0,0,2.0
3914,0.0,0,0.0
3915,16.0,0,-1.0
3916,20.0,1,-0.0
3917,1.0,0,5.0
3918,3.0,1,-2.0
3919,19.0,0,3.0
3920,0.0,0,0.0
3921,29.0,1,2.0
3922,19.0,0,-0.0
3923,30.0,0,-3.0
3924,31.0,1,0.0
3925,0.0,0,1.0
3926,2.0,0,1.0
3927,13.0,0,3.0
3928,17.0,0,5.0
3929,1.0,0,2.0
3930,14.0,0,1.0
3931,31.0,0,0.0
3932,3.0,0,-1.0
3933,1.0,1,1.0
3934,0.0,0,4.0
3935,7.0,0,1.0
3936,0.0,0,1.0
3937,24.0,0,-2.0
3938,14.0,1,2.0
3939,0.0,0,2.0
3940,0.0,0,2.0
3941,6.0,0,-1.0
3942,25.0,0,2.0
3943,31.0,0,-0.0
3944,31.0,0,-2.0
3945,26.0,1,-0.0
3946,0.0,0,5.0
3947,31.0,0,0.0
3948,21.0,0,-0.0
3949,0.0,0,0.0
3950,28.0,0,1.0
3951,7.0,0,0.0
3952,8.0,0,-1.0
3953,20.0,0,2.0
3954,17.0,0,0.0
3955,0.0,0,2.0
3956,10.0,0,1.0
3957,0.0,0,4.0
3958,21.0,0,1.0
3959,9.0,0,3.0
3960,0.0,0,1.0
3961,28.0,0,3.0
3962,0.0,0,0.0
3963,0.0,0,0.0
3964,31.0,0,0.0
3965,0.0,0,1.0
3966,0.0,0,1.0
3967,0.0,0,3.0
3968,0.0,0,6.0
3969,13.0,0,3.0
3970,0.0,0,0.0
3971,2.0,1,2.0
3972,29.0,0,2.0
3973,30.0,0,1.0
3974,0.0,0,3.0
3975,0.0,0,1.0
3976,0.0,0,0.0
3977,25.0,0,0.0
3978,28.0,0,3.0
3979,24.0,1,-0.0
3980,31.0,1,0.0
3981,3.0,0,1.0
3982,0.0,0,0.0
3983,16.0,0,1.0
3984,0.0,0,0.0
3985,13.0,0,-1.0
3986,25.0,0,1.0
3987,30.0,0,-2.0
3988,19.0,1,-0.0
3989,18.0,0,-0.0
3990,0.0,0,1.0
3991,22.0,0,0.0
3992,5.0,0,0.0
3993,0.0,0,0.0
3994,0.0,0,0.0
3995,0.0,0,1.0
3996,24.0,0,1.0
3997,26.0,1,5.0
3998,31.0,1,1.0
3999,2.0,0,-1.0
4000,29.0,0,1.0
4001,20.0,0,2.0
4002,27.0,0,2.0
4003,0.0,0,0.0
4004,31.0,0,0.0
4005,0.0,0,0.0
4006,0.0,0,1.0
4007,21.0,0,1.0
4008,0.0,0,1.0
4009,19.0,1,1.0
4010,10.0,0,0.0
4011,25.0,1,2.0
4012,22.0,0,2.0
4013,10.0,0,-4.0
4014,29.0,0,0.0
4015,10.0,0,2.0
4016,0.0,0,5.0
4017,1.0,0,2.0
4018,0.0,0,2.0
4019,23.0,0,1.0
4020,0.0,0,0.0
4021,16.0,0,-0.0
4022,31.0,0,-0.0
4023,14.0,0,-1.0
4024,22.0,0,1.0
4025,4.0,0,0.0
4026,14.0,1,-3.0
4027,30.0,0,0.0
4028,29.0,0,0.0
4029,15.0,0,3.0
4030,0.0,0,0.0
4031,0.0,0,3.0
4032,1.0,1,1.0
4033,0.0,1,0.0
4034,15.0,0,3.0
4035,0.0,1,0.0
4036,31.0,0,-1.0
4037,5.0,0,-1.0
4038,10.0,1,-1.0
4039,23.0,0,1.0
4040,0.0,0,0.0
4041,10.0,0,-0.0
4042,27.0,0,2.0
4043,1.0,1,1.0
4044,0.0,0,0.0
4045,1.0,1,1.0
4046,0.0,0,0.0
4047,20.0,1,-0.0
4048,22.0,0,2.0
4049,9.0,1,1.0
4050,0.0,0,1.0
4051,0.0,1,0.0
4052,14.0,1,-0.0
4053,9.0,0,0.0
4054,0.0,0,0.0
4055,18.0,0,5.0
4056,0.0,0,0.0
4057,0.0,0,0.0
4058,10.0,0,3.0
4059,0.0,0,0.0
4060,6.0,0,1.0
4061,9.0,1,2.0
4062,15.0,0,2.0
4063,14.0,0,-1.0
4064,0.0,0,1.0
4065,9.0,1,0.0
4066,0.0,0,3.0
4067,24.0,0,0.0
4068,0.0,0,1.0
4069,0.0,1,0.0
4070,31.0,0,-1.0
4071,19.0,0,4.0
4072,0.0,0,1.0
4073,30.0,0,1.0
4074,4.0,0,1.0
4075,6.0,0,-0.0
4076,7.0,0,3.0
4077,31.0,1,3.0
4078,31.0,0,0.0
4079,1.0,0,1.0
4080,20.0,0,-0.0
4081,0.0,0,1.0
4082,3.0,0,2.0
4083,0.0,0,0.0
4084,31.0,1,0.0
4085,6.0,0,1.0
4086,31.0,0,-0.0
4087,14.0,0,1.0
4088,1.0,1,-0.0
4089,1.0,1,1.0
4090,3.0,0,1.0
4091,0.0,0,2.0
4092,31.0,0,0.0
4093,0.0,0,0.0
4094,0.0,0,0.0
4095,31.0,1,2.0
4096,14.0,0,1.0
4097,7.0,1,-1.0
4098,8.0,0,3.0
4099,0.0,0,1.0
4100,24.0,0,1.0
4101,0.0,0,0.0
4102,23.0,0,0.0
4103,29.0,0,1.0
4104,0.0,0,0.0
4105,0.0,0,1.0
4106,30.0,0,-0.0
4107,11.0,0,3.0
4108,0.0,0,1.0
4109,18.0,1,1.0
4110,31.0,0,0.0
4111,21.0,0,-0.0
4112,20.0,0,0.0
4113,15.0,0,1.0
4114,8.0,0,3.0
4115,3.0,0,-2.0
4116,15.0,0,-2.0
4117,0.0,0,0.0
4118,19.0,1,-1.0
4119,0.0,0,1.0
4120,29.0,0,-0.0
4121,1.0,0,2.0
4122,0.0,0,2.0
4123,0.0,0,6.0
4124,26.0,1,-0.0
4125,6.0,0,1.0
4126,0.0,0,0.0
4127,7.0,0,-0.0
4128,12.0,1,2.0
4129,0.0,0,2.0
4130,0.0,0,0.0
4131,21.0,0,2.0
4132,0.0,0,0.0
4133,11.0,0,1.0
4134,24.0,0,1.0
4135,0.0,1,0.0
4136,0.0,0,2.0
4137,2.0,1,2.0
4138,24.0,0,1.0
4139,25.0,1,-0.0
4140,0.0,0,2.0
4141,14.0,0,-1.0
4142,13.0,0,4.0
4143,6.0,0,1.0
4144,3.0,1,-1.0
4145,0.0,0,0.0
4146,1.0,1,1.0
4147,0.0,0,0.0
4148,0.0,1,0.0
4149,14.0,0,1.0
4150,22.0,1,-1.0
4151,0.0,0,1.0
4152,14.0,0,5.0
4153,0.0,0,3.0
4154,0.0,0,0.0
4155,2.0,0,2.0
4156,0.0,0,2.0
4157,0.0,0,0.0
4158,29.0,0,2.0
4159,27.0,0,-0.0
4160,0.0,0,0.0
4161,0.0,0,0.0
4162,0.0,0,1.0
4163,23.0,0,0.0
4164,0.0,0,0.0
4165,0.0,1,0.0
4166,31.0,0,0.0
4167,27.0,0,0.0
4168,0.0,0,1.0
4169,3.0,1,3.0
4170,31.0,0,0.0
4171,22.0,0,5.0
4172,0.0,0,0.0
4173,0.0,0,0.0
4174,14.0,0,1.0
4175,24.0,0,1.0
4176,24.0,0,1.0
4177,0.0,0,0.0
4178,0.0,0,0.0
4179,26.0,0,2.0
4180,15.0,0,-0.0
4181,0.0,0,2.0
4182,8.0,0,1.0
4183,2.0,0,-2.0
4184,12.0,0,-2.0
4185,15.0,1,0.0
4186,0.0,0,4.0
4187,2.0,0,0.0
4188,31.0,0,0.0
4189,29.0,0,0.0
4190,23.0,0,2.0
4191,0.0,0,1.0
4192,0.0,0,2.0
4193,0.0,0,2.0
4194,2.0,1,-0.0
4195,9.0,0,-0.0
4196,0.0,0,0.0
4197,15.0,0,1.0
4198,0.0,0,3.0
4199,0.0,0,0.0
4200,0.0,0,3.0
4201,0.0,0,1.0
4202,0.0,0,1.0
4203,30.0,1,-1.0
4204,0.0,0,2.0
4205,10.0,0,-1.0
4206,30.0,0,1.0
4207,0.0,0,2.0
4208,16.0,0,0.0
4209,0.0,0,0.0
4210,12.0,0,0.0
4211,19.0,0,-0.0
4212,9.0,1,1.0
4213,14.0,0,1.0
4214,0.0,0,0.0
4215,0.0,0,0.0
4216,0.0,0,1.0
4217,2.0,1,2.0
4218,3.0,1,2.0
4219,20.0,0,2.0
4220,22.0,0,4.0
4221,0.0,0,4.0
4222,0.0,0,0.0
4223,0.0,0,1.0
4224,0.0,0,0.0
4225,0.0,0,0.0
4226,0.0,0,0.0
4227,0.0,0,1.0
4228,30.0,1,2.0
4229,3.0,0,-1.0
4230,31.0,0,0.0
4231,0.0,0,2.0
4232,0.0,0,5.0
4233,0.0,0,0.0
4234,1.0,0,-1.0
4235,10.0,1,-3.0
4236,17.0,0,1.0
4237,0.0,0,2.0
4238,29.0,0,1.0
4239,26.0,0,1.0
4240,31.0,1,2.0
4241,0.0,0,0.0
4242,28.0,0,3.0
4243,0.0,0,0.0
4244,0.0,0,2.0
4245,8.0,0,-1.0
4246,0.0,1,0.0
4247,30.0,0,1.0
4248,21.0,0,-0.0
4249,0.0,0,0.0
4250,1.0,1,1.0
4251,14.0,0,-1.0
4252,25.0,0,1.0
4253,0.0,0,0.0
4254,31.0,0,0.0
4255,24.0,0,1.0
4256,28.0,0,1.0
4257,0.0,0,1.0
4258,8.0,0,0.0
4259,6.0,0,1.0
4260,29.0,0,2.0
4261,5.0,0,2.0
4262,14.0,1,-0.0
4263,13.0,0,3.0
4264,20.0,0,0.0
4265,30.0,0,1.0
4266,31.0,1,0.0
4267,0.0,0,0.0
4268,25.0,0,-1.0
4269,10.0,0,1.0
4270,22.0,0,-0.0
4271,0.0,0,2.0
4272,28.0,0,-2.0
4273,2.0,0,-0.0
4274,0.0,0,1.0
4275,0.0,0,1.0
4276,5.0,0,3.0
4277,0.0,0,2.0
4278,0.0,0,0.0
4279,16.0,0,6.0
4280,0.0,0,1.0
4281,20.0,0,2.0
4282,3.0,1,3.0
4283,0.0,0,0.0
4284,30.0,0,1.0
4285,14.0,0,0.0
4286,28.0,0,3.0
4287,0.0,0,1.0
4288,19.0,0,4.0
4289,0.0,0,0.0
4290,27.0,0,2.0
4291,0.0,0,2.0
4292,20.0,0,1.0
4293,0.0,0,1.0
4294,31.0,0,-1.0
4295,0.0,0,0.0
4296,0.0,0,0.0
4297,10.0,0,0.0
4298,0.0,0,1.0
4299,0.0,0,3.0
4300,8.0,0,3.0
4301,0.0,0,0.0
4302,0.0,0,2.0
4303,25.0,1,2.0
4304,31.0,0,-2.0
4305,0.0,0,1.0
4306,12.0,1,1.0
4307,26.0,0,2.0
4308,0.0,0,1.0
4309,0.0,0,6.0
4310,25.0,0,-1.0
4311,7.0,0,3.0
4312,6.0,1,2.0
4313,30.0,0,0.0
4314,1.0,1,1.0
4315,0.0,0,1.0
4316,31.0,1,2.0
4317,19.0,0,0.0
4318,31.0,0,0.0
4319,19.0,1,1.0
4320,0.0,0,0.0
4321,0.0,0,0.0
4322,31.0,0,0.0
4323,12.0,0,-0.0
4324,30.0,0,0.0
4325,11.0,1,1.0
4326,25.0,0,0.0
4327,0.0,1,0.0
4328,7.0,0,5.0
4329,28.0,1,5.0
4330,0.0,0,3.0
4331,18.0,1,-0.0
4332,0.0,0,0.0
4333,0.0,0,0.0
4334,7.0,0,1.0
4335,18.0,0,3.0
4336,0.0,0,3.0
4337,27.0,1,4.0
4338,7.0,0,1.0
4339,0.0,1,0.0
4340,31.0,0,-1.0
4341,11.0,0,4.0
4342,0.0,0,0.0
4343,0.0,0,3.0
4344,16.0,0,3.0
4345,31.0,1,0.0
4346,5.0,1,0.0
4347,6.0,0,2.0
4348,22.0,0,-1.0
4349,31.0,0,0.0
4350,10.0,0,-1.0
4351,9.0,0,3.0
4352,1.0,1,1.0
4353,29.0,0,1.0
4354,30.0,1,0.0
4355,0.0,0,2.0
4356,0.0,0,2.0
4357,4.0,0,1.0
4358,15.0,0,1.0
4359,23.0,0,1.0
4360,31.0,0,0.0
4361,0.0,0,0.0
4362,22.0,0,-1.0
4363,19.0,1,-1.0
4364,0.0,0,0.0
4365,23.0,1,-4.0
4366,15.0,1,-2.0
4367,0.0,0,0.0
4368,9.0,0,-0.0
4369,29.0,0,-0.0
4370,14.0,0,2.0
4371,11.0,0,1.0
4372,0.0,0,0.0
4373,5.0,0,-1.0
4374,7.0,0,0.0
4375,0.0,0,0.0
4376,0.0,1,0.0
4377,16.0,0,2.0
4378,0.0,1,0.0
4379,17.0,0,6.0
4380,0.0,0,0.0
4381,13.0,1,2.0
4382,0.0,0,0.0
4383,0.0,0,5.0
4384,23.0,0,2.0
4385,0.0,0,1.0
4386,0.0,1,0.0
4387,29.0,1,1.0
4388,26.0,0,5.0
4389,25.0,0,2.0
4390,9.0,0,-2.0
4391,0.0,0,4.0
4392,2.0,0,4.0
4393,31.0,0,-0.0
4394,7.0,0,1.0
4395,13.0,0,1.0
4396,7.0,1,7.0
4397,0.0,0,3.0
4398,21.0,0,-1.0
4399,24.0,0,2.0
4400,3.0,0,-1.0
4401,0.0,0,2.0
4402,0.0,0,2.0
4403,5.0,0,1.0
4404,0.0,0,1.0
4405,28.0,0,-0.0
4406,28.0,0,2.0
4407,31.0,0,0.0
4408,0.0,0,0.0
4409,26.0,1,1.0
4410,1.0,1,1.0
4411,10.0,0,-1.0
4412,31.0,0,0.0
4413,0.0,0,5.0
4414,0.0,0,2.0
4415,0.0,0,2.0
4416,0.0,0,4.0
4417,0.0,0,0.0
4418,4.0,1,-2.0
4419,7.0,0,1.0
4420,21.0,1,-0.0
4421,31.0,0,0.0
4422,0.0,0,0.0
4423,13.0,0,4.0
4424,0.0,0,0.0
4425,0.0,0,0.0
4426,0.0,0,0.0
4427,28.0,0,1.0
4428,19.0,1,2.0
4429,23.0,0,-0.0
4430,0.0,0,2.0
4431,0.0,0,4.0
4432,1.0,0,-1.0
4433,0.0,0,0.0
4434,0.0,0,5.0
4435,0.0,0,1.0
4436,5.0,0,-1.0
4437,7.0,0,1.0
4438,28.0,0,2.0
4439,0.0,0,1.0
4440,0.0,0,0.0
4441,0.0,1,0.0
4442,0.0,0,1.0
4443,7.0,0,-1.0
4444,12.0,1,-1.0
4445,12.0,0,3.0
4446,28.0,0,1.0
4447,0.0,1,0.0
4448,0.0,0,4.0
4449,31.0,0,0.0
4450,0.0,0,1.0
4451,0.0,0,1.0
4452,0.0,0,2.0
4453,0.0,0,2.0
4454,0.0,0,1.0
4455,0.0,0,5.0
4456,0.0,1,0.0
4457,15.0,0,-1.0
4458,20.0,0,1.0
4459,8.0,1,1.0
4460,0.0,0,2.0
4461,23.0,0,-2.0
4462,20.0,1,1.0
4463,11.0,0,2.0
4464,0.0,0,0.0
4465,29.0,0,2.0
4466,2.0,0,-1.0
4467,19.0,0,-0.0
4468,4.0,0,-1.0
4469,0.0,0,0.0
4470,0.0,0,2.0
4471,31.0,0,0.0
4472,28.0,0,-0.0
4473,0.0,1,0.0
4474,30.0,0,0.0
4475,0.0,0,0.0
4476,0.0,0,1.0
4477,17.0,0,0.0
4478,0.0,0,2.0
4479,17.0,0,-2.0
4480,0.0,0,2.0
4481,7.0,0,-3.0
4482,29.0,0,2.0
4483,31.0,1,0.0
4484,0.0,0,0.0
4485,0.0,0,0.0
4486,15.0,0,1.0
4487,0.0,0,1.0
4488,0.0,0,1.0
4489,15.0,0,3.0
4490,14.0,0,5.0
4491,22.0,0,2.0
4492,0.0,0,0.0
4493,0.0,0,2.0
4494,31.0,0,0.0
4495,13.0,0,5.0
4496,0.0,1,-1.0
4497,0.0,0,4.0
4498,25.0,1,3.0
4499,0.0,0,1.0
4500,31.0,0,-0.0
4501,0.0,0,0.0
4502,0.0,0,1.0
4503,18.0,1,-1.0
4504,16.0,0,1.0
4505,22.0,0,1.0
4506,8.0,0,3.0
4507,9.0,0,0.0
4508,30.0,0,1.0
4509,0.0,0,1.0
4510,23.0,0,4.0
4511,0.0,0,1.0
4512,20.0,1,-0.0
4513,0.0,0,1.0
4514,24.0,0,3.0
4515,30.0,0,1.0
4516,16.0,0,0.0
4517,25.0,0,-1.0
4518,0.0,0,0.0
4519,22.0,0,3.0
4520,0.0,0,3.0
4521,0.0,1,0.0
4522,0.0,0,1.0
4523,19.0,0,2.0
4524,31.0,0,0.0
4525,23.0,0,2.0
4526,31.0,0,0.0
4527,8.0,0,4.0
4528,24.0,0,0.0
4529,0.0,0,2.0
4530,2.0,0,2.0
4531,2.0,1,2.0
4532,24.0,0,0.0
4533,0.0,0,1.0
4534,6.0,1,6.0
4535,0.0,0,0.0
4536,30.0,0,1.0
4537,0.0,1,0.0
4538,12.0,0,1.0
4539,0.0,0,0.0
4540,0.0,0,0.0
4541,0.0,0,0.0
4542,31.0,0,0.0
4543,0.0,0,0.0
4544,0.0,0,0.0
4545,0.0,0,0.0
4546,13.0,0,1.0
4547,11.0,0,0.0
4548,7.0,0,-1.0
4549,31.0,1,2.0
4550,29.0,0,1.0
4551,23.0,0,1.0
4552,2.0,0,1.0
4553,31.0,0,0.0
4554,0.0,0,0.0
4555,28.0,0,3.0
4556,0.0,0,3.0
4557,0.0,0,2.0
4558,0.0,0,0.0
4559,6.0,0,7.0
4560,31.0,0,-2.0
4561,0.0,0,0.0
4562,15.0,0,-0.0
4563,14.0,0,2.0
4564,0.0,0,2.0
4565,0.0,0,0.0
4566,12.0,0,2.0
4567,9.0,0,-1.0
4568,5.0,0,0.0
4569,31.0,0,-2.0
4570,0.0,0,1.0
4571,0.0,0,0.0
4572,31.0,1,0.0
4573,8.0,0,1.0
4574,21.0,1,1.0
4575,11.0,0,1.0
4576,16.0,0,1.0
4577,8.0,0,-2.0
4578,23.0,0,3.0
4579,0.0,1,0.0
4580,0.0,0,2.0
4581,24.0,0,2.0
4582,13.0,1,1.0
4583,2.0,0,1.0
4584,0.0,1,0.0
4585,0.0,0,1.0
4586,0.0,0,1.0
4587,10.0,0,1.0
4588,2.0,1,2.0
4589,0.0,1,0.0
4590,0.0,0,6.0
4591,31.0,0,0.0
4592,27.0,0,-3.0
4593,24.0,0,7.0
4594,2.0,0,1.0
4595,0.0,0,0.0
4596,31.0,0,0.0
4597,0.0,0,1.0
4598,15.0,0,2.0
4599,24.0,0,2.0
4600,13.0,0,-1.0
4601,8.0,0,0.0
4602,18.0,0,-0.0
4603,23.0,0,1.0
4604,0.0,0,2.0
4605,24.0,0,1.0
4606,28.0,0,-0.0
4607,0.0,0,1.0
4608,14.0,1,0.0
4609,25.0,0,0.0
4610,28.0,0,2.0
4611,1.0,0,3.0
4612,7.0,0,1.0
4613,16.0,0,-1.0
4614,14.0,0,5.0
4615,28.0,1,1.0
4616,30.0,0,0.0
4617,31.0,0,-1.0
4618,14.0,0,3.0
4619,4.0,0,-1.0
4620,14.0,1,3.0
4621,0.0,0,5.0
4622,0.0,0,0.0
4623,22.0,0,2.0
4624,20.0,0,-3.0
4625,21.0,0,5.0
4626,0.0,0,0.0
4627,0.0,0,0.0
4628,6.0,0,1.0
4629,30.0,0,1.0
4630,12.0,0,2.0
4631,0.0,0,3.0
4632,18.0,0,-1.0
4633,0.0,0,0.0
4634,13.0,0,-0.0
4635,12.0,0,-0.0
4636,27.0,1,0.0
4637,31.0,0,0.0
4638,24.0,0,2.0
4639,0.0,0,0.0
4640,21.0,0,-1.0
4641,0.0,0,0.0
4642,17.0,0,0.0
4643,23.0,0,3.0
4644,13.0,0,-1.0
4645,0.0,0,3.0
4646,0.0,0,0.0
4647,31.0,0,0.0
4648,0.0,1,0.0
4649,2.0,1,2.0
4650,0.0,0,2.0
4651,0.0,0,0.0
4652,24.0,1,1.0
4653,0.0,0,0.0
4654,13.0,0,3.0
4655,19.0,1,0.0
4656,31.0,0,0.0
4657,0.0,0,2.0
4658,31.0,0,-5.0
4659,17.0,1,-0.0
4660,19.0,0,-1.0
4661,28.0,1,2.0
4662,18.0,0,-0.0
4663,30.0,0,0.0
4664,0.0,0,2.0
4665,0.0,0,0.0
4666,11.0,0,2.0
4667,30.0,1,2.0
4668,25.0,0,2.0
4669,14.0,0,3.0
4670,15.0,0,2.0
4671,0.0,0,0.0
4672,0.0,0,1.0
4673,12.0,0,3.0
4674,0.0,0,1.0
4675,28.0,0,3.0
4676,0.0,0,0.0
4677,0.0,0,1.0
4678,17.0,0,2.0
4679,10.0,0,3.0
4680,2.0,1,2.0
4681,12.0,0,1.0
4682,30.0,0,1.0
4683,0.0,0,0.0
4684,28.0,0,1.0
4685,16.0,0,2.0
4686,0.0,0,2.0
4687,20.0,0,-0.0
4688,26.0,1,2.0
4689,18.0,0,4.0
4690,3.0,0,-0.0
4691,30.0,0,1.0
4692,25.0,0,4.0
4693,0.0,0,2.0
4694,0.0,0,0.0
4695,0.0,0,2.0
4696,15.0,0,1.0
4697,30.0,0,1.0
4698,0.0,0,3.0
4699,27.0,0,4.0
4700,31.0,0,0.0
4701,31.0,0,0.0
4702,0.0,1,0.0
4703,28.0,0,1.0
4704,25.0,0,2.0
4705,11.0,1,-0.0
4706,1.0,1,1.0
4707,0.0,0,2.0
4708,31.0,0,-0.0
4709,18.0,0,1.0
4710,31.0,0,0.0
4711,0.0,0,0.0
4712,15.0,0,0.0
4713,31.0,0,0.0
4714,0.0,0,3.0
4715,25.0,0,-0.0
4716,13.0,0,-1.0
4717,30.0,1,3.0
4718,25.0,0,0.0
4719,0.0,0,3.0
4720,0.0,0,0.0
4721,25.0,0,-2.0
4722,0.0,0,3.0
4723,31.0,0,0.0
4724,22.0,0,3.0
4725,0.0,0,3.0
4726,0.0,0,3.0
4727,31.0,0,0.0
4728,0.0,0,1.0
4729,7.0,0,6.0
4730,0.0,0,1.0
4731,0.0,0,6.0
4732,27.0,0,1.0
4733,31.0,0,0.0
4734,29.0,0,-1.0
4735,23.0,0,2.0
4736,20.0,0,1.0
4737,29.0,0,2.0
4738,11.0,0,-2.0
4739,2.0,0,1.0
4740,11.0,1,0.0
4741,0.0,0,3.0
4742,31.0,0,0.0
4743,8.0,0,-0.0
4744,24.0,1,1.0
4745,2.0,1,2.0
4746,10.0,0,4.0
4747,0.0,0,2.0
4748,12.0,0,3.0
4749,31.0,0,-2.0
4750,0.0,0,0.0
4751,0.0,1,0.0
4752,31.0,0,0.0
4753,16.0,0,1.0
4754,1.0,0,2.0
4755,31.0,1,0.0
4756,0.0,0,2.0
4757,19.0,0,1.0
4758,19.0,0,-1.0
4759,23.0,0,2.0
4760,0.0,0,3.0
4761,0.0,0,1.0
4762,0.0,0,0.0
4763,5.0,1,1.0
4764,0.0,0,2.0
4765,10.0,0,-0.0
4766,0.0,0,1.0
4767,3.0,0,2.0
4768,28.0,0,3.0
4769,0.0,0,0.0
4770,31.0,0,-1.0
4771,0.0,0,2.0
4772,13.0,0,0.0
4773,14.0,1,-0.0
4774,26.0,0,3.0
4775,5.0,1,5.0
4776,0.0,0,1.0
4777,31.0,0,0.0
4778,0.0,0,4.0
4779,28.0,0,2.0
4780,0.0,0,0.0
4781,0.0,0,0.0
4782,24.0,0,-2.0
4783,31.0,0,0.0
4784,0.0,0,0.0
4785,0.0,0,3.0
4786,25.0,0,-1.0
4787,0.0,1,0.0
4788,27.0,0,-1.0
4789,28.0,0,2.0
4790,18.0,0,1.0
4791,22.0,1,4.0
4792,16.0,0,3.0
4793,6.0,0,-1.0
4794,0.0,0,1.0
4795,0.0,1,0.0
4796,0.0,0,2.0
4797,0.0,0,1.0
4798,31.0,0,0.0
4799,0.0,0,0.0
4800,22.0,0,3.0
4801,0.0,0,0.0
4802,0.0,0,6.0
4803,0.0,0,0.0
4804,25.0,0,1.0
4805,2.0,1,2.0
4806,0.0,0,1.0
4807,4.0,0,-1.0
4808,0.0,0,0.0
4809,21.0,1,1.0
4810,0.0,0,3.0
4811,10.0,0,1.0
4812,0.0,0,2.0
4813,30.0,0,1.0
4814,0.0,0,4.0
4815,15.0,0,1.0
4816,0.0,0,1.0
4817,31.0,0,0.0
4818,2.0,0,1.0
4819,18.0,0,-1.0
4820,23.0,0,1.0
4821,17.0,0,1.0
4822,12.0,1,0.0
4823,8.0,0,1.0
4824,6.0,0,-1.0
4825,0.0,0,0.0
4826,0.0,0,0.0
4827,14.0,0,0.0
4828,9.0,0,0.0
4829,16.0,0,7.0
4830,0.0,0,0.0
4831,27.0,0,1.0
4832,0.0,0,1.0
4833,1.0,0,1.0
4834,0.0,0,1.0
4835,31.0,0,0.0
4836,0.0,0,2.0
4837,9.0,0,1.0
4838,21.0,0,1.0
4839,30.0,1,2.0
4840,15.0,1,2.0
4841,27.0,0,3.0
4842,0.0,0,0.0
4843,20.0,0,-1.0
4844,0.0,0,0.0
4845,1.0,1,1.0
4846,0.0,0,2.0
4847,15.0,0,0.0
4848,3.0,1,2.0
4849,24.0,0,1.0
4850,0.0,0,3.0
4851,0.0,0,0.0
4852,0.0,1,0.0
4853,0.0,0,0.0
4854,9.0,0,3.0
4855,0.0,1,0.0
4856,13.0,1,1.0
4857,0.0,0,3.0
4858,8.0,1,1.0
4859,0.0,0,0.0
4860,29.0,1,-1.0
4861,30.0,0,0.0
4862,27.0,0,3.0
4863,29.0,1,-0.0
4864,0.0,0,2.0
4865,20.0,0,1.0
4866,5.0,0,5.0
4867,12.0,0,-0.0
4868,31.0,1,0.0
4869,26.0,0,2.0
4870,0.0,0,2.0
4871,31.0,1,0.0
4872,0.0,0,0.0
4873,15.0,1,2.0
4874,3.0,0,3.0
4875,0.0,0,3.0
4876,10.0,0,1.0
4877,0.0,0,2.0
4878,31.0,1,0.0
4879,0.0,0,1.0
4880,0.0,0,0.0
4881,0.0,1,0.0
4882,0.0,0,0.0
4883,9.0,0,0.0
4884,30.0,0,1.0
4885,5.0,1,5.0
4886,5.0,0,-1.0
4887,0.0,1,0.0
4888,10.0,0,0.0
4889,26.0,0,-0.0
4890,27.0,0,1.0
4891,20.0,0,1.0
4892,16.0,1,1.0
4893,8.0,0,-0.0
4894,31.0,0,0.0
4895,2.0,1,2.0
4896,29.0,1,3.0
4897,0.0,0,0.0
4898,31.0,0,0.0
4899,23.0,0,-0.0
4900,0.0,0,0.0
4901,18.0,1,3.0
4902,0.0,0,0.0
4903,16.0,0,5.0
4904,6.0,0,-1.0
4905,23.0,0,-2.0
4906,18.0,1,2.0
4907,0.0,0,0.0
4908,22.0,0,1.0
4909,13.0,0,0.0
4910,28.0,0,3.0
4911,25.0,0,4.0
4912,0.0,0,0.0
4913,0.0,0,2.0
4914,0.0,0,2.0
4915,0.0,0,0.0
4916,5.0,0,1.0
4917,31.0,0,0.0
4918,0.0,0,2.0
4919,28.0,0,2.0
4920,0.0,0,3.0
4921,31.0,0,-2.0
4922,1.0,1,1.0
4923,3.0,0,1.0
4924,27.0,0,3.0
4925,0.0,0,0.0
4926,5.0,0,-0.0
4927,13.0,0,-2.0
4928,16.0,0,2.0
4929,29.0,1,2.0
4930,24.0,0,0.0
4931,0.0,0,2.0
4932,24.0,0,3.0
4933,9.0,0,1.0
4934,0.0,0,2.0
4935,31.0,1,-0.0
4936,29.0,0,-2.0
4937,0.0,0,0.0
4938,31.0,0,0.0
4939,0.0,0,1.0
4940,26.0,0,-0.0
4941,27.0,1,3.0
4942,0.0,0,0.0
4943,6.0,0,4.0
4944,0.0,0,0.0
4945,21.0,0,3.0
4946,19.0,0,2.0
4947,0.0,0,1.0
4948,31.0,0,-1.0
4949,0.0,1,0.0
4950,31.0,0,0.0
4951,0.0,0,1.0
4952,15.0,0,-1.0
4953,0.0,0,1.0
4954,0.0,0,0.0
4955,0.0,0,0.0
4956,31.0,1,1.0
4957,0.0,0,0.0
4958,28.0,0,1.0
4959,0.0,0,0.0
4960,0.0,0,0.0
4961,0.0,0,1.0
4962,0.0,0,0.0
4963,18.0,0,1.0
4964,0.0,0,1.0
4965,31.0,0,0.0
4966,7.0,0,1.0
4967,0.0,0,0.0
4968,17.0,0,2.0
4969,6.0,0,-3.0
4970,13.0,0,1.0
4971,0.0,0,0.0
4972,16.0,0,-2.0
4973,19.0,0,0.0
4974,0.0,0,1.0
4975,9.0,0,0.0
4976,31.0,1,0.0
4977,19.0,0,-1.0
4978,31.0,1,0.0
4979,0.0,0,0.0
4980,0.0,1,0.0
4981,23.0,0,0.0
4982,26.0,0,3.0
4983,9.0,1,2.0
4984,3.0,1,3.0
4985,20.0,0,-0.0
4986,21.0,0,-1.0
4987,28.0,1,-0.0
4988,0.0,0,0.0
4989,28.0,0,2.0
4990,0.0,0,0.0
4991,20.0,0,-0.0
4992,31.0,1,1.0
4993,9.0,0,3.0
4994,27.0,0,-1.0
4995,0.0,0,0.0
4996,8.0,0,1.0
4997,18.0,0,1.0
4998,13.0,0,-1.0
4999,27.0,0,3.0
5000,0.0,0,3.0
5001,0.0,0,0.0
5002,14.0,0,0.0
5003,26.0,0,2.0
5004,0.0,0,1.0
5005,27.0,0,4.0
5006,0.0,0,1.0
5007,31.0,1,0.0
5008,0.0,0,0.0
5009,31.0,0,0.0
5010,0.0,0,0.0
5011,13.0,0,-2.0
5012,9.0,1,0.0
5013,15.0,1,3.0
5014,31.0,0,0.0
5015,0.0,0,0.0
5016,28.0,0,2.0
5017,10.0,0,-0.0
5018,3.0,0,0.0
5019,31.0,1,2.0
5020,25.0,0,4.0
5021,29.0,0,-0.0
5022,0.0,0,2.0
5023,9.0,0,1.0
5024,15.0,1,3.0
5025,0.0,0,0.0
5026,31.0,0,-1.0
5027,3.0,1,3.0
5028,0.0,0,0.0
5029,14.0,0,8.0
5030,10.0,0,1.0
5031,31.0,0,-1.0
5032,2.0,0,-1.0
5033,7.0,0,2.0
5034,6.0,0,1.0
5035,31.0,1,2.0
5036,0.0,0,2.0
5037,21.0,0,1.0
5038,6.0,0,-2.0
5039,14.0,0,2.0
5040,0.0,0,0.0
5041,10.0,0,2.0
5042,0.0,0,0.0
5043,0.0,0,2.0
5044,0.0,0,0.0
5045,31.0,0,0.0
5046,0.0,0,1.0
5047,31.0,0,-3.0
5048,0.0,0,2.0
5049,31.0,1,0.0
5050,15.0,0,3.0
5051,30.0,0,0.0
5052,15.0,1,2.0
5053,0.0,0,3.0
5054,9.0,0,-1.0
5055,1.0,0,1.0
5056,0.0,1,0.0
5057,31.0,0,0.0
5058,0.0,0,0.0
5059,31.0,1,1.0
5060,0.0,0,0.0
5061,24.0,0,5.0
5062,0.0,0,1.0
5063,16.0,0,3.0
5064,3.0,0,-2.0
5065,14.0,0,1.0
5066,21.0,0,1.0
5067,0.0,0,2.0
5068,20.0,0,3.0
5069,29.0,0,1.0
5070,24.0,0,1.0
5071,22.0,0,3.0
5072,0.0,0,1.0
5073,14.0,0,4.0
5074,22.0,1,1.0
5075,16.0,0,0.0
5076,30.0,1,1.0
5077,14.0,1,1.0
5078,31.0,0,0.0
5079,26.0,0,3.0
5080,31.0,0,-1.0
5081,9.0,0,-1.0
5082,21.0,0,2.0
5083,31.0,0,0.0
5084,26.0,0,2.0
5085,4.0,0,-0.0
5086,29.0,1,-1.0
5087,0.0,0,0.0
5088,17.0,0,-1.0
5089,29.0,0,-2.0
5090,0.0,0,3.0
5091,0.0,0,7.0
5092,0.0,0,3.0
5093,0.0,0,0.0
5094,0.0,0,0.0
5095,0.0,0,0.0
5096,5.0,0,2.0
5097,0.0,0,0.0
5098,30.0,0,-1.0
5099,10.0,0,3.0
5100,8.0,1,-1.0
5101,0.0,0,0.0
5102,0.0,0,1.0
5103,0.0,0,0.0
5104,0.0,1,0.0
5105,31.0,0,0.0
5106,0.0,0,3.0
5107,12.0,1,2.0
5108,24.0,0,2.0
5109,18.0,0,-1.0
5110,22.0,1,3.0
5111,23.0,1,1.0
5112,28.0,0,1.0
5113,0.0,0,3.0
5114,16.0,0,3.0
5115,0.0,0,3.0
5116,3.0,1,3.0
5117,23.0,0,5.0
5118,3.0,0,3.0
5119,22.0,1,-1.0
5120,0.0,0,0.0
5121,0.0,0,1.0
5122,26.0,0,-3.0
5123,27.0,0,2.0
5124,29.0,0,2.0
5125,17.0,0,0.0
5126,14.0,0,2.0
5127,7.0,0,-1.0
5128,0.0,0,0.0
5129,18.0,1,3.0
5130,0.0,0,3.0
5131,28.0,0,2.0
5132,16.0,0,-1.0
5133,30.0,0,1.0
5134,17.0,1,2.0
5135,28.0,0,3.0
5136,24.0,0,0.0
5137,13.0,0,-1.0
5138,10.0,0,-1.0
5139,15.0,0,2.0
5140,11.0,0,-1.0
5141,31.0,0,0.0
5142,1.0,1,1.0
5143,0.0,0,0.0
5144,20.0,0,2.0
5145,8.0,1,3.0
5146,0.0,1,0.0
5147,15.0,0,-2.0
5148,0.0,1,0.0
5149,29.0,0,2.0
5150,0.0,0,4.0
5151,1.0,1,1.0
5152,31.0,0,0.0
5153,27.0,1,1.0
5154,11.0,0,-0.0
5155,0.0,0,1.0
5156,31.0,0,0.0
5157,17.0,0,-1.0
5158,26.0,0,2.0
5159,2.0,1,2.0
5160,29.0,0,2.0
5161,0.0,0,1.0
5162,27.0,0,4.0
5163,6.0,0,2.0
5164,28.0,0,0.0
5165,23.0,1,2.0
5166,7.0,0,2.0
5167,0.0,0,0.0
5168,29.0,0,1.0
5169,21.0,0,0.0
5170,26.0,0,1.0
5171,0.0,0,3.0
5172,3.0,1,3.0
5173,0.0,0,0.0
5174,29.0,0,2.0
5175,30.0,0,1.0
5176,0.0,0,1.0
5177,0.0,0,2.0
5178,0.0,0,2.0
5179,3.0,1,3.0
5180,12.0,0,-1.0
5181,31.0,0,0.0
5182,18.0,0,0.0
5183,18.0,1,0.0
5184,11.0,0,2.0
5185,7.0,0,3.0
5186,13.0,0,-1.0
5187,25.0,0,2.0
5188,0.0,0,0.0
5189,6.0,1,6.0
5190,25.0,0,1.0
5191,0.0,0,0.0
5192,0.0,0,3.0
5193,18.0,0,2.0
5194,17.0,0,-0.0
5195,4.0,0,1.0
5196,0.0,0,0.0
5197,3.0,0,0.0
5198,0.0,0,1.0
5199,25.0,0,-1.0
5200,0.0,0,1.0
5201,6.0,1,-0.0
5202,31.0,0,0.0
5203,17.0,0,0.0
5204,5.0,0,0.0
5205,0.0,0,2.0
5206,21.0,0,-2.0
5207,0.0,1,0.0
5208,0.0,0,0.0
5209,23.0,0,1.0
5210,7.0,0,2.0
5211,31.0,0,-1.0
5212,31.0,0,0.0
5213,0.0,0,0.0
5214,22.0,1,1.0
5215,0.0,0,3.0
5216,0.0,0,3.0
5217,10.0,0,2.0
5218,26.0,0,1.0
5219,0.0,0,0.0
5220,6.0,0,1.0
5221,1.0,0,-1.0
5222,9.0,0,1.0
5223,6.0,0,-1.0
5224,6.0,0,1.0
5225,20.0,1,3.0
5226,0.0,0,0.0
5227,1.0,1,1.0
5228,14.0,0,3.0
5229,1.0,1,1.0
5230,18.0,0,0.0
5231,3.0,1,2.0
5232,0.0,0,0.0
5233,31.0,0,0.0
5234,0.0,0,0.0
5235,16.0,0,1.0
5236,2.0,1,2.0
5237,0.0,0,3.0
5238,28.0,0,2.0
5239,16.0,0,1.0
5240,0.0,0,0.0
5241,0.0,0,2.0
5242,0.0,0,0.0
5243,0.0,0,0.0
5244,4.0,1,1.0
5245,1.0,1,1.0
5246,22.0,0,1.0
5247,17.0,0,4.0
5248,31.0,1,0.0
5249,31.0,0,0.0
5250,0.0,0,0.0
5251,7.0,0,2.0
5252,22.0,1,2.0
5253,23.0,0,0.0
5254,20.0,0,2.0
5255,0.0,0,2.0
5256,30.0,0,1.0
5257,0.0,0,0.0
5258,31.0,0,0.0
5259,30.0,0,-2.0
5260,8.0,0,3.0
5261,28.0,1,1.0
5262,21.0,0,5.0
5263,28.0,0,0.0
5264,19.0,0,2.0
5265,0.0,0,0.0
5266,2.0,1,2.0
5267,0.0,0,4.0
5268,17.0,0,-1.0
5269,26.0,0,-0.0
5270,21.0,0,-0.0
5271,6.0,0,4.0
5272,0.0,0,4.0
5273,6.0,0,3.0
5274,4.0,0,0.0
5275,29.0,0,2.0
5276,7.0,0,1.0
5277,22.0,0,0.0
5278,24.0,0,1.0
5279,0.0,0,2.0
5280,9.0,0,2.0
5281,3.0,1,3.0
5282,9.0,0,-1.0
5283,31.0,1,0.0
5284,0.0,0,2.0
5285,29.0,0,-1.0
5286,1.0,0,-0.0
5287,4.0,1,4.0
5288,6.0,1,-1.0
5289,0.0,0,1.0
5290,0.0,0,4.0
5291,31.0,0,-0.0
5292,0.0,0,0.0
5293,0.0,0,0.0
5294,17.0,0,1.0
5295,30.0,0,-1.0
5296,0.0,0,2.0
5297,2.0,0,3.0
5298,0.0,0,1.0
5299,31.0,0,0.0
5300,0.0,0,0.0
5301,13.0,1,-2.0
5302,21.0,0,6.0
5303,0.0,0,2.0
5304,0.0,0,3.0
5305,0.0,0,0.0
5306,20.0,0,2.0
5307,30.0,0,0.0
5308,15.0,0,-0.0
5309,28.0,0,-2.0
5310,21.0,1,-0.0
5311,19.0,0,1.0
5312,6.0,1,3.0
5313,11.0,0,3.0
5314,24.0,0,2.0
5315,0.0,0,0.0
5316,29.0,1,-1.0
5317,12.0,0,2.0
5318,1.0,0,1.0
5319,4.0,0,-1.0
5320,17.0,0,3.0
5321,5.0,1,5.0
5322,7.0,1,3.0
5323,31.0,1,1.0
5324,0.0,0,0.0
5325,2.0,0,-0.0
5326,13.0,0,2.0
5327,0.0,0,1.0
5328,0.0,0,0.0
5329,0.0,0,0.0
5330,29.0,0,2.0
5331,26.0,0,0.0
5332,27.0,0,0.0
5333,4.0,0,2.0
5334,27.0,0,-1.0
5335,10.0,0,1.0
5336,28.0,0,3.0
5337,25.0,1,3.0
5338,0.0,0,2.0
5339,28.0,0,1.0
5340,0.0,1,0.0
5341,31.0,0,-1.0
5342,9.0,0,2.0
5343,0.0,0,1.0
5344,20.0,1,1.0
5345,24.0,0,0.0
5346,0.0,0,0.0
5347,23.0,0,3.0
5348,0.0,1,0.0
5349,26.0,0,-3.0
5350,22.0,0,1.0
5351,2.0,1,2.0
5352,23.0,0,-0.0
5353,29.0,0,-2.0
5354,1.0,1,1.0
5355,31.0,0,0.0
5356,0.0,0,2.0
5357,28.0,0,1.0
5358,12.0,0,1.0
5359,24.0,0,-2.0
5360,0.0,0,1.0
5361,2.0,1,2.0
5362,22.0,1,2.0
5363,31.0,0,0.0
5364,0.0,0,0.0
5365,2.0,1,2.0
5366,18.0,1,1.0
5367,25.0,1,2.0
5368,9.0,0,1.0
5369,31.0,1,3.0
5370,9.0,0,3.0
5371,0.0,0,4.0
5372,1.0,1,1.0
5373,0.0,0,0.0
5374,2.0,0,0.0
5375,31.0,1,-0.0
5376,27.0,0,4.0
5377,12.0,1,4.0
5378,2.0,1,2.0
5379,29.0,0,1.0
5380,31.0,0,-1.0
5381,3.0,1,3.0
5382,17.0,0,1.0
5383,3.0,1,3.0
5384,31.0,0,0.0
5385,25.0,0,2.0
5386,31.0,1,0.0
5387,21.0,0,4.0
5388,31.0,1,2.0
5389,15.0,0,3.0
5390,0.0,0,2.0
5391,0.0,0,2.0
5392,0.0,0,2.0
5393,0.0,0,0.0
5394,0.0,0,1.0
5395,9.0,0,2.0
5396,23.0,0,-0.0
5397,23.0,0,3.0
5398,0.0,1,0.0
5399,0.0,0,3.0
5400,10.0,0,0.0
5401,30.0,1,1.0
5402,0.0,0,6.0
5403,0.0,0,0.0
5404,25.0,0,1.0
5405,27.0,1,1.0
5406,20.0,0,1.0
5407,12.0,0,1.0
5408,27.0,0,3.0
5409,22.0,0,2.0
5410,0.0,0,3.0
5411,10.0,0,1.0
5412,30.0,0,-1.0
5413,0.0,0,0.0
5414,4.0,1,1.0
5415,0.0,1,0.0
5416,11.0,0,-1.0
5417,0.0,0,0.0
5418,21.0,0,-1.0
5419,29.0,0,-1.0
5420,3.0,0,1.0
5421,18.0,1,1.0
5422,17.0,1,0.0
5423,0.0,0,0.0
5424,22.0,1,2.0
5425,29.0,0,1.0
5426,31.0,0,-1.0
5427,30.0,0,1.0
5428,31.0,1,1.0
5429,31.0,0,0.0
5430,0.0,0,0.0
5431,19.0,1,1.0
5432,0.0,0,3.0
5433,12.0,0,-1.0
5434,25.0,1,3.0
5435,19.0,0,-1.0
5436,31.0,0,0.0
5437,26.0,0,-0.0
5438,30.0,0,1.0
5439,30.0,0,1.0
5440,6.0,0,-1.0
5441,27.0,0,0.0
5442,20.0,0,-1.0
5443,0.0,0,3.0
5444,0.0,0,1.0
5445,0.0,0,0.0
5446,0.0,0,0.0
5447,26.0,0,1.0
5448,30.0,0,1.0
5449,6.0,0,-0.0
5450,0.0,1,0.0
5451,27.0,0,-0.0
5452,16.0,0,-1.0
5453,29.0,0,2.0
5454,28.0,1,1.0
5455,7.0,0,0.0
5456,0.0,1,0.0
5457,0.0,0,1.0
5458,14.0,0,-2.0
5459,24.0,0,-1.0
5460,31.0,1,0.0
5461,0.0,0,1.0
5462,0.0,0,3.0
5463,0.0,0,0.0
5464,6.0,0,0.0
5465,31.0,0,-1.0
5466,1.0,1,1.0
5467,0.0,0,2.0
5468,18.0,0,0.0
5469,0.0,0,2.0
5470,0.0,0,2.0
5471,7.0,0,1.0
5472,28.0,1,0.0
5473,2.0,0,-1.0
5474,27.0,0,4.0
5475,31.0,0,0.0
5476,24.0,1,-1.0
5477,0.0,0,3.0
5478,0.0,0,0.0
5479,4.0,0,1.0
5480,28.0,0,2.0
5481,30.0,0,1.0
5482,11.0,0,-1.0
5483,1.0,0,1.0
5484,27.0,0,1.0
5485,11.0,0,-1.0
5486,24.0,1,3.0
5487,0.0,0,3.0
5488,8.0,1,2.0
5489,19.0,0,2.0
5490,0.0,0,0.0
5491,0.0,0,0.0
5492,13.0,0,-1.0
5493,26.0,1,-2.0
5494,0.0,0,0.0
5495,7.0,0,6.0
5496,0.0,0,0.0
5497,29.0,0,1.0
5498,0.0,0,2.0
5499,0.0,0,1.0
5500,8.0,0,0.0
5501,31.0,0,0.0
5502,31.0,0,0.0
5503,30.0,0,0.0
5504,0.0,0,2.0
5505,26.0,0,1.0
5506,0.0,1,0.0
5507,18.0,0,3.0
5508,31.0,0,-1.0
5509,21.0,0,3.0
5510,7.0,0,4.0
5511,0.0,0,0.0
5512,0.0,0,0.0
5513,25.0,0,1.0
5514,31.0,0,0.0
5515,22.0,0,-2.0
5516,0.0,0,4.0
5517,0.0,0,2.0
5518,19.0,0,0.0
5519,2.0,0,3.0
5520,0.0,0,1.0
5521,28.0,0,1.0
5522,4.0,0,-0.0
5523,27.0,0,1.0
5524,0.0,0,0.0
5525,6.0,0,1.0
5526,17.0,0,1.0
5527,26.0,0,-1.0
5528,0.0,0,1.0
5529,28.0,1,1.0
5530,5.0,0,-1.0
5531,26.0,0,1.0
5532,21.0,0,0.0
5533,6.0,1,5.0
5534,31.0,1,0.0
5535,19.0,0,2.0
5536,0.0,1,0.0
5537,16.0,0,0.0
5538,0.0,0,0.0
5539,10.0,0,1.0
5540,0.0,0,1.0
5541,10.0,0,-1.0
5542,31.0,0,-1.0
5543,19.0,0,3.0
5544,31.0,0,0.0
5545,22.0,0,0.0
5546,28.0,0,3.0
5547,0.0,0,2.0
5548,2.0,0,-0.0
5549,24.0,1,2.0
5550,27.0,0,1.0
5551,27.0,0,-2.0
5552,25.0,0,1.0
5553,24.0,0,3.0
5554,0.0,0,1.0
5555,0.0,1,0.0
5556,0.0,0,2.0
5557,0.0,0,0.0
5558,28.0,0,2.0
5559,0.0,0,0.0
5560,2.0,1,2.0
5561,24.0,0,-1.0
5562,31.0,0,-5.0
5563,3.0,0,1.0
5564,14.0,0,1.0
5565,0.0,0,2.0
5566,30.0,0,-1.0
5567,9.0,0,2.0
5568,29.0,1,2.0
5569,27.0,0,3.0
5570,28.0,0,2.0
5571,6.0,1,-0.0
5572,0.0,0,2.0
5573,7.0,0,3.0
5574,1.0,0,-0.0
5575,0.0,0,1.0
5576,22.0,0,-0.0
5577,21.0,0,-3.0
5578,0.0,0,0.0
5579,9.0,0,4.0
5580,0.0,0,1.0
5581,30.0,0,1.0
5582,11.0,0,-0.0
5583,24.0,0,1.0
5584,0.0,0,1.0
5585,31.0,0,0.0
5586,0.0,0,0.0
5587,6.0,0,0.0
5588,0.0,0,1.0
5589,0.0,0,2.0
5590,22.0,0,2.0
5591,0.0,0,3.0
5592,7.0,0,3.0
5593,0.0,0,2.0
5594,1.0,0,2.0
5595,31.0,1,3.0
5596,24.0,0,1.0
5597,0.0,0,0.0
5598,31.0,0,0.0
5599,30.0,1,-1.0
5600,23.0,0,6.0
5601,20.0,0,1.0
5602,0.0,0,2.0
5603,1.0,0,1.0
5604,0.0,0,4.0
5605,18.0,0,2.0
5606,26.0,0,0.0
5607,9.0,0,0.0
5608,5.0,0,2.0
5609,0.0,0,0.0
5610,9.0,0,2.0
5611,17.0,1,1.0
5612,29.0,1,2.0
5613,27.0,0,3.0
5614,0.0,0,1.0
5615,21.0,0,2.0
5616,0.0,0,4.0
5617,4.0,1,4.0
5618,27.0,0,4.0
5619,6.0,0,5.0
5620,2.0,0,0.0
5621,31.0,0,0.0
5622,2.0,0,1.0
5623,31.0,0,0.0
5624,0.0,0,0.0
5625,19.0,0,1.0
5626,0.0,0,0.0
5627,0.0,0,0.0
5628,18.0,0,-0.0
5629,0.0,0,4.0
5630,7.0,0,1.0
5631,3.0,0,-0.0
5632,0.0,0,0.0
5633,0.0,0,2.0
5634,25.0,0,-2.0
5635,27.0,1,3.0
5636,0.0,0,1.0
5637,0.0,0,0.0
5638,17.0,0,1.0
5639,21.0,0,1.0
5640,30.0,0,-0.0
5641,16.0,0,1.0
5642,26.0,0,2.0
5643,5.0,1,-0.0
5644,23.0,0,1.0
5645,25.0,0,4.0
5646,0.0,0,6.0
5647,5.0,0,-0.0
5648,0.0,0,3.0
5649,1.0,0,2.0
5650,13.0,1,0.0
5651,2.0,1,2.0
5652,0.0,0,1.0
5653,0.0,0,1.0
5654,0.0,0,0.0
5655,28.0,0,2.0
5656,0.0,0,4.0
5657,0.0,0,1.0
5658,22.0,0,2.0
5659,0.0,0,2.0
5660,0.0,0,1.0
5661,17.0,1,1.0
5662,31.0,0,0.0
5663,0.0,0,0.0
5664,16.0,1,3.0
5665,28.0,0,1.0
5666,20.0,0,0.0
5667,21.0,1,0.0
5668,0.0,0,0.0
5669,31.0,0,-1.0
5670,0.0,0,3.0
5671,24.0,0,-0.0
5672,4.0,0,-0.0
5673,24.0,1,2.0
5674,16.0,0,1.0
5675,22.0,1,-0.0
5676,28.0,0,0.0
5677,31.0,1,0.0
5678,0.0,0,1.0
5679,1.0,0,2.0
5680,21.0,1,3.0
5681,0.0,0,0.0
5682,31.0,0,0.0
5683,22.0,0,-2.0
5684,20.0,1,-0.0
5685,0.0,0,0.0
5686,22.0,0,-2.0
5687,31.0,1,0.0
5688,9.0,0,4.0
5689,23.0,0,1.0
5690,28.0,0,-2.0
5691,31.0,0,0.0
5692,0.0,0,1.0
5693,6.0,1,2.0
5694,6.0,0,1.0
5695,31.0,0,0.0
5696,0.0,0,0.0
5697,13.0,0,0.0
5698,0.0,0,3.0
5699,20.0,0,1.0
5700,16.0,0,-1.0
5701,12.0,0,2.0
5702,20.0,1,1.0
5703,14.0,0,1.0
5704,22.0,0,-0.0
5705,13.0,1,1.0
5706,25.0,0,0.0
5707,0.0,0,0.0
5708,31.0,0,-1.0
5709,10.0,0,-0.0
5710,15.0,0,-2.0
5711,0.0,0,0.0
5712,18.0,1,0.0
5713,0.0,0,1.0
5714,5.0,0,1.0
5715,9.0,0,-0.0
5716,0.0,0,1.0
5717,0.0,0,2.0
5718,24.0,0,3.0
5719,30.0,0,0.0
5720,28.0,1,2.0
5721,30.0,1,-1.0
5722,0.0,0,6.0
5723,0.0,0,0.0
5724,19.0,0,2.0
5725,0.0,0,2.0
5726,30.0,1,-0.0
5727,6.0,0,1.0
5728,0.0,0,1.0
5729,9.0,0,3.0
5730,12.0,0,2.0
5731,23.0,0,-0.0
5732,0.0,0,2.0
5733,20.0,1,0.0
5734,0.0,0,2.0
5735,8.0,0,2.0
5736,22.0,1,5.0
5737,18.0,0,1.0
5738,0.0,1,0.0
5739,0.0,0,2.0
5740,26.0,0,-1.0
5741,0.0,0,1.0
5742,31.0,0,0.0
5743,12.0,0,-0.0
5744,13.0,1,-1.0
5745,31.0,0,0.0
5746,17.0,1,1.0
5747,0.0,0,0.0
5748,0.0,1,0.0
5749,0.0,1,0.0
5750,10.0,0,-1.0
5751,5.0,1,2.0
5752,19.0,0,1.0
5753,0.0,1,0.0
5754,31.0,0,-3.0
5755,22.0,0,2.0
5756,0.0,0,0.0
5757,25.0,1,-0.0
5758,0.0,0,0.0
5759,0.0,0,2.0
5760,0.0,0,3.0
5761,4.0,0,1.0
5762,13.0,1,0.0
5763,0.0,0,1.0
5764,31.0,0,0.0
5765,20.0,0,3.0
5766,18.0,0,1.0
5767,31.0,0,0.0
5768,5.0,0,-2.0
5769,20.0,0,1.0
5770,20.0,0,1.0
5771,0.0,0,4.0
5772,0.0,0,0.0
5773,21.0,0,1.0
5774,2.0,0,0.0
5775,27.0,0,1.0
5776,3.0,1,3.0
5777,25.0,0,2.0
5778,12.0,0,2.0
5779,3.0,1,3.0
5780,28.0,0,-1.0
5781,0.0,0,0.0
5782,8.0,0,-3.0
5783,31.0,1,-0.0
5784,31.0,1,1.0
5785,29.0,0,-0.0
5786,0.0,0,0.0
5787,12.0,0,0.0
5788,24.0,0,-2.0
5789,0.0,0,3.0
5790,0.0,0,5.0
5791,21.0,1,-0.0
5792,0.0,0,0.0
5793,30.0,0,1.0
5794,0.0,0,3.0
5795,0.0,1,0.0
5796,6.0,0,0.0
5797,26.0,0,2.0
5798,4.0,1,4.0
5799,0.0,0,0.0
5800,6.0,1,2.0
5801,0.0,0,0.0
5802,20.0,0,2.0
5803,20.0,0,5.0
5804,0.0,0,0.0
5805,0.0,0,3.0
5806,31.0,1,0.0
5807,0.0,0,3.0
5808,31.0,0,0.0
5809,0.0,0,0.0
5810,11.0,0,1.0
5811,31.0,0,-1.0
5812,31.0,0,0.0
5813,0.0,0,0.0
5814,14.0,0,-0.0
5815,31.0,0,0.0
5816,16.0,0,1.0
5817,20.0,0,0.0
5818,22.0,0,4.0
5819,31.0,0,0.0
5820,13.0,0,-0.0
5821,0.0,0,0.0
5822,31.0,1,-0.0
5823,0.0,0,0.0
5824,25.0,0,3.0
5825,0.0,0,0.0
5826,0.0,0,0.0
5827,0.0,0,0.0
5828,13.0,0,3.0
5829,0.0,0,0.0
5830,1.0,0,1.0
5831,0.0,0,0.0
5832,16.0,0,0.0
5833,30.0,0,1.0
5834,29.0,0,-2.0
5835,1.0,0,3.0
5836,0.0,1,0.0
5837,31.0,0,0.0
5838,16.0,0,2.0
5839,11.0,1,2.0
5840,31.0,0,0.0
5841,0.0,0,0.0
5842,21.0,0,1.0
5843,0.0,0,2.0
5844,0.0,0,0.0
5845,6.0,0,-2.0
5846,0.0,0,1.0
5847,30.0,0,0.0
5848,26.0,0,1.0
5849,29.0,0,1.0
5850,14.0,0,-0.0
5851,0.0,0,0.0
5852,12.0,1,0.0
5853,26.0,0,-1.0
5854,0.0,1,0.0
5855,0.0,0,1.0
5856,0.0,0,3.0
5857,0.0,0,3.0
5858,26.0,0,1.0
5859,0.0,0,1.0
5860,31.0,0,0.0
5861,31.0,0,0.0
5862,3.0,1,3.0
5863,0.0,0,0.0
5864,0.0,0,1.0
5865,0.0,0,4.0
5866,21.0,0,3.0
5867,31.0,0,-3.0
5868,0.0,0,0.0
5869,20.0,0,-1.0
5870,23.0,0,1.0
5871,0.0,0,1.0
5872,0.0,0,0.0
5873,3.0,0,2.0
5874,18.0,0,4.0
5875,0.0,1,0.0
5876,2.0,0,-1.0
5877,0.0,0,0.0
5878,26.0,0,4.0
5879,30.0,0,0.0
5880,26.0,0,2.0
5881,8.0,0,2.0
5882,0.0,1,0.0
5883,0.0,0,0.0
5884,31.0,0,0.0
5885,0.0,0,4.0
5886,0.0,0,3.0
5887,0.0,0,2.0
5888,0.0,0,0.0
5889,21.0,0,1.0
5890,8.0,0,2.0
5891,0.0,0,0.0
5892,31.0,0,0.0
5893,3.0,0,3.0
5894,11.0,0,-1.0
5895,29.0,1,-0.0
5896,0.0,0,0.0
5897,31.0,0,-1.0
5898,24.0,0,0.0
5899,18.0,1,2.0
5900,30.0,0,-2.0
5901,22.0,0,-2.0
5902,0.0,1,0.0
5903,0.0,0,1.0
5904,31.0,0,-1.0
5905,0.0,0,1.0
5906,17.0,0,1.0
5907,29.0,0,1.0
5908,22.0,0,1.0
5909,2.0,1,0.0
5910,29.0,0,-0.0
5911,0.0,0,3.0
5912,0.0,1,0.0
5913,23.0,0,1.0
5914,6.0,0,1.0
5915,0.0,0,3.0
5916,17.0,0,-1.0
5917,0.0,0,2.0
5918,0.0,0,5.0
5919,0.0,0,0.0
5920,0.0,0,0.0
5921,0.0,0,5.0
5922,29.0,0,1.0
5923,6.0,1,6.0
5924,7.0,0,1.0
5925,14.0,0,2.0
5926,31.0,0,0.0
5927,19.0,0,1.0
5928,3.0,0,-3.0
5929,8.0,0,5.0
5930,0.0,0,0.0
5931,23.0,0,0.0
5932,0.0,0,0.0
5933,31.0,0,0.0
5934,0.0,0,1.0
5935,0.0,0,0.0
5936,31.0,0,0.0
5937,0.0,0,1.0
5938,0.0,0,0.0
5939,2.0,0,1.0
5940,0.0,0,0.0
5941,20.0,1,-2.0
5942,1.0,1,1.0
5943,30.0,0,1.0
5944,0.0,0,5.0
5945,25.0,0,2.0
5946,28.0,0,0.0
5947,30.0,0,1.0
5948,9.0,0,0.0
5949,26.0,0,-1.0
5950,30.0,1,1.0
5951,0.0,1,0.0
5952,26.0,0,2.0
5953,0.0,0,0.0
5954,26.0,0,0.0
5955,20.0,0,5.0
5956,28.0,1,-2.0
5957,24.0,0,1.0
5958,31.0,0,0.0
5959,26.0,0,5.0
5960,0.0,0,1.0
5961,20.0,0,3.0
5962,31.0,1,-0.0
5963,31.0,0,0.0
5964,5.0,0,2.0
5965,24.0,0,-1.0
5966,0.0,0,0.0
5967,0.0,0,1.0
5968,30.0,0,1.0
5969,31.0,0,0.0
5970,26.0,0,2.0
5971,21.0,0,2.0
5972,0.0,0,1.0
5973,0.0,0,0.0
5974,19.0,0,2.0
5975,8.0,0,2.0
5976,11.0,0,0.0
5977,14.0,1,0.0
5978,0.0,0,0.0
5979,0.0,0,0.0
5980,3.0,1,-0.0
5981,31.0,0,0.0
5982,13.0,0,-2.0
5983,0.0,0,1.0
5984,30.0,0,1.0
5985,20.0,0,0.0
5986,18.0,0,3.0
5987,0.0,0,1.0
5988,4.0,0,1.0
5989,2.0,1,2.0
5990,19.0,0,-0.0
5991,12.0,1,-1.0
5992,0.0,0,1.0
5993,16.0,1,1.0
5994,0.0,0,0.0
5995,0.0,0,2.0
5996,24.0,0,3.0
5997,5.0,1,2.0
5998,28.0,1,1.0
5999,12.0,0,2.0
6000,15.0,1,4.0
6001,28.0,0,2.0
6002,20.0,0,-2.0
6003,12.0,0,3.0
6004,26.0,0,-1.0
6005,0.0,0,2.0
6006,0.0,0,0.0
6007,27.0,0,2.0
6008,23.0,0,-1.0
6009,31.0,0,0.0
6010,23.0,0,1.0
6011,9.0,0,2.0
6012,29.0,0,2.0
6013,0.0,0,0.0
6014,27.0,0,-2.0
6015,6.0,0,-1.0
6016,30.0,0,1.0
6017,0.0,0,1.0
6018,0.0,0,2.0
6019,30.0,0,1.0
6020,27.0,0,3.0
6021,0.0,0,0.0
6022,31.0,0,-0.0
6023,6.0,0,0.0
6024,9.0,0,0.0
6025,0.0,0,2.0
6026,0.0,0,1.0
6027,0.0,0,3.0
6028,9.0,0,1.0
6029,14.0,0,-1.0
6030,0.0,0,0.0
6031,10.0,0,1.0
6032,0.0,0,4.0
6033,21.0,0,-1.0
6034,16.0,0,1.0
6035,0.0,0,0.0
6036,7.0,1,0.0
6037,25.0,0,0.0
6038,0.0,0,0.0
6039,9.0,0,5.0
6040,26.0,0,2.0
6041,2.0,0,1.0
6042,16.0,1,1.0
6043,30.0,0,0.0
6044,0.0,0,0.0
6045,0.0,0,0.0
6046,16.0,0,4.0
6047,24.0,0,2.0
6048,4.0,0,3.0
6049,1.0,0,2.0
6050,0.0,1,0.0
6051,0.0,0,1.0
6052,6.0,0,2.0
6053,12.0,0,-0.0
6054,25.0,0,2.0
6055,0.0,0,0.0
6056,25.0,0,2.0
6057,16.0,0,1.0
6058,30.0,0,-1.0
6059,10.0,0,2.0
6060,0.0,0,3.0
6061,14.0,1,-0.0
6062,5.0,1,4.0
6063,21.0,0,3.0
6064,14.0,0,-0.0
6065,27.0,0,-3.0
6066,0.0,0,0.0
6067,0.0,1,0.0
6068,9.0,0,3.0
6069,31.0,0,0.0
6070,25.0,1,2.0
6071,28.0,1,1.0
6072,0.0,0,2.0
6073,0.0,0,2.0
6074,2.0,0,0.0
6075,0.0,0,3.0
6076,0.0,0,1.0
6077,25.0,1,1.0
6078,8.0,0,3.0
6079,26.0,1,2.0
6080,3.0,0,1.0
6081,31.0,0,0.0
6082,31.0,0,-0.0
6083,27.0,0,-0.0
6084,15.0,1,0.0
6085,0.0,0,1.0
6086,0.0,0,0.0
6087,28.0,0,-3.0
6088,22.0,0,0.0
6089,23.0,0,1.0
6090,0.0,0,0.0
6091,0.0,0,3.0
6092,0.0,0,4.0
6093,21.0,0,2.0
6094,26.0,0,2.0
6095,0.0,0,3.0
6096,0.0,0,0.0
6097,1.0,1,1.0
6098,29.0,0,1.0
6099,0.0,0,4.0
6100,21.0,1,3.0
6101,3.0,0,-0.0
6102,1.0,0,2.0
6103,0.0,0,1.0
6104,0.0,0,0.0
6105,28.0,0,2.0
6106,8.0,0,2.0
6107,0.0,0,0.0
6108,28.0,0,1.0
6109,1.0,0,-0.0
6110,0.0,0,0.0
6111,30.0,1,4.0
6112,5.0,1,2.0
6113,0.0,0,2.0
6114,15.0,1,4.0
6115,0.0,1,0.0
6116,19.0,0,-3.0
6117,0.0,0,0.0
6118,18.0,0,3.0
6119,24.0,1,0.0
6120,29.0,1,3.0
6121,0.0,0,0.0
6122,14.0,0,-1.0
6123,0.0,1,0.0
6124,0.0,0,5.0
6125,16.0,0,3.0
6126,9.0,1,1.0
6127,0.0,0,0.0
6128,0.0,0,5.0
6129,27.0,0,1.0
6130,11.0,0,0.0
6131,10.0,0,4.0
6132,0.0,0,3.0
6133,6.0,0,1.0
6134,22.0,1,3.0
6135,27.0,0,1.0
6136,0.0,0,0.0
6137,0.0,0,0.0
6138,2.0,0,3.0
6139,0.0,0,0.0
6140,1.0,1,0.0
6141,19.0,0,-3.0
6142,0.0,0,2.0
6143,28.0,0,0.0
6144,15.0,0,0.0
6145,11.0,0,6.0
6146,30.0,0,1.0
6147,0.0,0,1.0
6148,25.0,1,2.0
6149,0.0,1,-3.0
6150,14.0,0,3.0
6151,0.0,1,0.0
6152,24.0,0,-1.0
6153,0.0,0,4.0
6154,30.0,1,-1.0
6155,17.0,0,2.0
6156,20.0,0,1.0
6157,31.0,0,0.0
6158,31.0,0,0.0
6159,31.0,1,0.0
6160,23.0,0,2.0
6161,31.0,0,-4.0
6162,31.0,0,0.0
6163,11.0,0,-0.0
6164,24.0,0,1.0
6165,31.0,0,0.0
6166,29.0,0,2.0
6167,0.0,0,0.0
6168,0.0,0,1.0
6169,23.0,0,2.0
6170,0.0,0,1.0
6171,6.0,0,2.0
6172,0.0,0,2.0
6173,0.0,0,3.0
6174,4.0,0,0.0
6175,31.0,0,0.0
6176,0.0,0,5.0
6177,30.0,0,1.0
6178,0.0,0,1.0
6179,29.0,0,-2.0
6180,0.0,0,0.0
6181,0.0,0,1.0
6182,0.0,0,0.0
6183,0.0,1,0.0
6184,0.0,0,0.0
6185,26.0,0,2.0
6186,20.0,0,2.0
6187,30.0,0,1.0
6188,9.0,1,2.0
6189,0.0,0,1.0
6190,31.0,0,0.0
6191,5.0,0,-1.0
6192,30.0,0,1.0
6193,22.0,0,2.0
6194,12.0,0,0.0
6195,0.0,0,0.0
6196,31.0,0,-0.0
6197,29.0,1,-1.0
6198,21.0,0,2.0
6199,0.0,0,0.0
6200,19.0,0,1.0
6201,0.0,0,3.0
6202,23.0,0,-1.0
6203,12.0,0,0.0
6204,31.0,0,0.0
6205,0.0,1,0.0
6206,16.0,0,2.0
6207,29.0,0,-1.0
6208,29.0,0,2.0
6209,9.0,1,7.0
6210,14.0,0,-1.0
6211,0.0,0,3.0
6212,22.0,0,0.0
6213,17.0,0,1.0
6214,0.0,0,1.0
6215,21.0,1,1.0
6216,13.0,0,0.0
6217,7.0,0,3.0
6218,31.0,1,-0.0
6219,8.0,0,-0.0
6220,6.0,1,0.0
6221,0.0,0,2.0
6222,26.0,0,-2.0
6223,18.0,0,-0.0
6224,31.0,0,-1.0
6225,27.0,0,0.0
6226,24.0,0,2.0
6227,23.0,1,3.0
6228,23.0,0,2.0
6229,8.0,0,-0.0
6230,20.0,0,-0.0
6231,28.0,0,1.0
6232,0.0,0,2.0
6233,0.0,0,0.0
6234,2.0,1,-0.0
6235,1.0,0,0.0
6236,31.0,0,0.0
6237,17.0,1,2.0
6238,21.0,0,1.0
6239,19.0,1,1.0
6240,14.0,0,1.0
6241,17.0,0,-1.0
6242,25.0,1,1.0
6243,11.0,0,2.0
6244,31.0,1,1.0
6245,0.0,0,1.0
6246,14.0,0,1.0
6247,29.0,0,1.0
6248,1.0,1,1.0
6249,0.0,0,0.0
6250,0.0,1,0.0
6251,0.0,0,0.0
6252,25.0,0,1.0
6253,30.0,0,1.0
6254,31.0,0,0.0
6255,2.0,1,2.0
6256,30.0,0,-0.0
6257,0.0,0,2.0
6258,13.0,0,-0.0
6259,16.0,1,4.0
6260,0.0,0,1.0
6261,31.0,0,0.0
6262,0.0,0,1.0
6263,17.0,0,0.0
6264,13.0,0,-1.0
6265,0.0,0,0.0
6266,31.0,0,0.0
6267,17.0,1,0.0
6268,31.0,0,-0.0
6269,5.0,0,3.0
6270,31.0,1,2.0
6271,0.0,0,0.0
6272,25.0,0,1.0
6273,14.0,0,-1.0
6274,31.0,0,0.0
6275,26.0,0,5.0
6276,30.0,0,1.0
6277,5.0,0,1.0
6278,0.0,0,2.0
6279,31.0,0,0.0
6280,14.0,0,0.0
6281,17.0,0,1.0
6282,24.0,0,4.0
6283,31.0,0,0.0
6284,31.0,1,0.0
6285,15.0,0,2.0
6286,30.0,0,1.0
6287,1.0,0,-1.0
6288,26.0,0,1.0
6289,0.0,0,1.0
6290,0.0,0,1.0
6291,1.0,1,1.0
6292,12.0,0,4.0
6293,22.0,0,-1.0
6294,26.0,0,1.0
6295,0.0,0,2.0
6296,0.0,0,0.0
6297,31.0,0,0.0
6298,19.0,0,3.0
6299,15.0,0,-2.0
6300,0.0,0,1.0
6301,0.0,0,4.0
6302,31.0,0,0.0
6303,18.0,0,4.0
6304,0.0,0,2.0
6305,0.0,1,0.0
6306,26.0,0,1.0
6307,0.0,0,1.0
6308,0.0,0,2.0
6309,22.0,0,-1.0
6310,22.0,1,-1.0
6311,10.0,0,1.0
6312,19.0,0,3.0
6313,19.0,1,1.0
6314,30.0,0,1.0
6315,31.0,0,0.0
6316,21.0,0,-1.0
6317,16.0,0,-0.0
6318,0.0,1,0.0
6319,29.0,0,2.0
6320,6.0,0,-2.0
6321,6.0,0,-0.0
6322,31.0,0,0.0
6323,27.0,0,2.0
6324,17.0,0,0.0
6325,0.0,0,0.0
6326,4.0,1,4.0
6327,30.0,0,1.0
6328,23.0,1,-0.0
6329,31.0,1,0.0
6330,1.0,0,1.0
6331,0.0,0,2.0
6332,0.0,0,0.0
6333,31.0,0,-1.0
6334,22.0,0,1.0
6335,31.0,0,0.0
6336,30.0,0,-0.0
6337,30.0,0,-2.0
6338,14.0,0,-1.0
6339,31.0,0,0.0
6340,0.0,0,1.0
6341,0.0,0,1.0
6342,20.0,0,-1.0
6343,28.0,0,-1.0
6344,31.0,0,-1.0
6345,0.0,0,2.0
6346,22.0,0,-1.0
6347,29.0,0,2.0
6348,31.0,0,0.0
6349,0.0,0,1.0
6350,31.0,0,0.0
6351,0.0,0,0.0
6352,19.0,0,2.0
6353,4.0,0,2.0
6354,7.0,0,0.0
6355,11.0,0,2.0
6356,23.0,0,2.0
6357,0.0,0,0.0
6358,0.0,0,4.0
6359,27.0,1,0.0
6360,0.0,0,0.0
6361,0.0,0,2.0
6362,29.0,0,-2.0
6363,0.0,0,0.0
6364,20.0,0,3.0
6365,0.0,0,0.0
6366,0.0,0,1.0
6367,31.0,0,0.0
6368,29.0,1,-1.0
6369,1.0,1,1.0
6370,13.0,0,1.0
6371,30.0,0,-0.0
6372,0.0,1,0.0
6373,31.0,0,-1.0
6374,6.0,0,-1.0
6375,29.0,0,1.0
6376,25.0,0,-0.0
6377,0.0,0,0.0
6378,21.0,0,4.0
6379,20.0,1,2.0
6380,13.0,0,0.0
6381,0.0,0,0.0
6382,27.0,1,1.0
6383,21.0,0,2.0
6384,0.0,0,0.0
6385,0.0,0,3.0
6386,0.0,1,0.0
6387,0.0,0,2.0
6388,28.0,0,2.0
6389,8.0,0,2.0
6390,0.0,0,4.0
6391,24.0,0,3.0
6392,31.0,1,0.0
6393,25.0,0,4.0
6394,0.0,0,4.0
6395,5.0,1,1.0
6396,0.0,0,2.0
6397,31.0,0,-0.0
6398,9.0,0,3.0
6399,29.0,0,-0.0
6400,21.0,0,7.0
6401,2.0,0,1.0
6402,1.0,0,-1.0
6403,31.0,0,0.0
6404,28.0,1,3.0
6405,0.0,0,0.0
6406,28.0,0,-1.0
6407,0.0,0,2.0
6408,0.0,0,0.0
6409,0.0,1,0.0
6410,2.0,0,1.0
6411,17.0,1,4.0
6412,0.0,0,1.0
6413,14.0,0,6.0
6414,0.0,0,2.0
6415,0.0,0,1.0
6416,15.0,0,1.0
6417,28.0,0,2.0
6418,0.0,1,0.0
6419,18.0,0,-0.0
6420,2.0,0,2.0
6421,5.0,0,1.0
6422,11.0,0,-2.0
6423,0.0,0,0.0
6424,31.0,0,0.0
6425,0.0,0,0.0
6426,1.0,1,1.0
6427,0.0,0,4.0
6428,25.0,0,6.0
6429,27.0,0,4.0
6430,0.0,0,1.0
6431,30.0,0,-0.0
6432,4.0,0,6.0
6433,30.0,0,1.0
6434,0.0,1,0.0
6435,31.0,0,0.0
6436,0.0,0,3.0
6437,1.0,0,1.0
6438,20.0,0,3.0
6439,10.0,0,2.0
6440,31.0,0,0.0
6441,25.0,0,-0.0
6442,31.0,1,0.0
6443,25.0,0,2.0
6444,19.0,0,2.0
6445,25.0,0,-0.0
6446,14.0,0,3.0
6447,31.0,1,-0.0
6448,22.0,1,-0.0
6449,17.0,0,-1.0
6450,11.0,0,2.0
6451,0.0,0,0.0
6452,0.0,0,0.0
6453,0.0,0,0.0
6454,17.0,1,1.0
6455,0.0,0,0.0
6456,28.0,0,1.0
6457,0.0,0,0.0
6458,5.0,1,5.0
6459,29.0,0,1.0
6460,0.0,0,2.0
6461,30.0,0,-1.0
6462,21.0,0,4.0
6463,21.0,0,-0.0
6464,17.0,0,0.0
6465,23.0,1,2.0
6466,26.0,0,3.0
6467,30.0,0,-1.0
6468,20.0,0,-1.0
6469,0.0,0,2.0
6470,9.0,0,2.0
6471,21.0,0,4.0
6472,7.0,1,3.0
6473,0.0,0,0.0
6474,0.0,1,0.0
6475,0.0,0,0.0
6476,21.0,0,2.0
6477,21.0,0,0.0
6478,21.0,1,3.0
6479,14.0,0,0.0
6480,4.0,0,-0.0
6481,10.0,0,-1.0
6482,12.0,0,-1.0
6483,31.0,0,-0.0
6484,0.0,0,1.0
6485,7.0,0,-1.0
6486,3.0,0,2.0
6487,0.0,0,2.0
6488,31.0,0,-0.0
6489,18.0,0,2.0
6490,29.0,1,-2.0
6491,0.0,0,3.0
6492,0.0,0,0.0
6493,10.0,0,3.0
6494,0.0,0,1.0
6495,1.0,0,-0.0
6496,30.0,0,1.0
6497,0.0,0,0.0
6498,0.0,0,5.0
6499,2.0,0,1.0
6500,19.0,0,-0.0
6501,31.0,0,-1.0
6502,2.0,1,2.0
6503,0.0,0,0.0
6504,0.0,0,0.0
6505,8.0,0,-1.0
6506,5.0,1,5.0
6507,18.0,1,2.0
6508,15.0,0,2.0
6509,4.0,0,1.0
6510,23.0,0,-0.0
6511,21.0,0,1.0
6512,31.0,0,0.0
6513,31.0,0,0.0
6514,0.0,1,0.0
6515,0.0,0,0.0
6516,15.0,1,3.0
6517,26.0,0,-2.0
6518,5.0,0,1.0
6519,22.0,0,1.0
6520,23.0,0,3.0
6521,31.0,0,-1.0
6522,16.0,0,3.0
6523,17.0,0,2.0
6524,12.0,0,3.0
6525,0.0,0,0.0
6526,27.0,1,1.0
6527,17.0,0,-2.0
6528,0.0,0,0.0
6529,0.0,0,0.0
6530,2.0,1,2.0
6531,25.0,1,-0.0
6532,3.0,0,-2.0
6533,0.0,0,0.0
6534,11.0,0,2.0
6535,20.0,0,3.0
6536,0.0,0,1.0
6537,30.0,0,0.0
6538,21.0,0,1.0
6539,0.0,0,1.0
6540,25.0,0,-0.0
6541,0.0,0,3.0
6542,25.0,0,2.0
6543,21.0,0,2.0
6544,16.0,1,3.0
6545,5.0,0,-1.0
6546,31.0,0,0.0
6547,21.0,1,2.0
6548,7.0,0,3.0
6549,19.0,0,2.0
6550,30.0,1,-1.0
6551,31.0,0,-1.0
6552,19.0,1,0.0
6553,31.0,0,0.0
6554,27.0,0,1.0
6555,1.0,0,-1.0
6556,0.0,0,0.0
6557,15.0,0,-1.0
6558,6.0,0,1.0
6559,0.0,1,0.0
6560,22.0,0,-1.0
6561,22.0,0,3.0
6562,26.0,0,1.0
6563,28.0,0,-1.0
6564,25.0,0,3.0
6565,22.0,1,-0.0
6566,4.0,0,-1.0
6567,5.0,0,3.0
6568,1.0,1,1.0
6569,30.0,1,1.0
6570,11.0,0,2.0
6571,19.0,1,1.0
6572,19.0,0,-2.0
6573,0.0,0,0.0
6574,17.0,0,1.0
6575,31.0,1,-0.0
6576,0.0,0,3.0
6577,28.0,0,-1.0
6578,17.0,0,2.0
6579,30.0,0,0.0
6580,22.0,0,-0.0
6581,0.0,0,1.0
6582,1.0,1,1.0
6583,27.0,0,1.0
6584,0.0,0,0.0
6585,3.0,0,3.0
6586,7.0,0,2.0
6587,31.0,0,0.0
6588,0.0,0,2.0
6589,21.0,0,2.0
6590,3.0,0,0.0
6591,20.0,0,1.0
6592,0.0,0,0.0
6593,28.0,0,1.0
6594,0.0,0,1.0
6595,24.0,0,-0.0
6596,29.0,0,0.0
6597,0.0,0,0.0
6598,25.0,0,0.0
6599,13.0,0,-0.0
6600,0.0,0,2.0
6601,31.0,0,0.0
6602,0.0,0,2.0
6603,7.0,0,-2.0
6604,20.0,0,4.0
6605,31.0,0,0.0
6606,0.0,0,0.0
6607,27.0,0,4.0
6608,0.0,0,1.0
6609,0.0,0,1.0
6610,2.0,1,2.0
6611,8.0,1,-1.0
6612,0.0,0,1.0
6613,10.0,0,-1.0
6614,0.0,1,0.0
6615,2.0,0,5.0
6616,31.0,0,0.0
6617,0.0,0,0.0
6618,31.0,0,0.0
6619,0.0,0,1.0
6620,0.0,0,1.0
6621,0.0,0,0.0
6622,0.0,0,0.0
6623,29.0,0,2.0
6624,19.0,0,3.0
6625,21.0,0,3.0
6626,9.0,0,1.0
6627,16.0,0,-1.0
6628,0.0,0,2.0
6629,14.0,0,-1.0
6630,0.0,0,2.0
6631,8.0,0,2.0
6632,0.0,0,0.0
6633,19.0,1,-2.0
6634,31.0,0,0.0
6635,0.0,0,1.0
6636,30.0,0,0.0
6637,29.0,1,2.0
6638,0.0,0,0.0
6639,0.0,0,1.0
6640,20.0,0,3.0
6641,29.0,1,1.0
6642,0.0,0,0.0
6643,0.0,0,2.0
6644,0.0,0,2.0
6645,9.0,0,3.0
6646,23.0,0,2.0
6647,23.0,0,-2.0
6648,0.0,0,1.0
6649,30.0,0,1.0
6650,0.0,0,0.0
6651,0.0,0,0.0
6652,23.0,0,2.0
6653,0.0,0,0.0
6654,27.0,0,1.0
6655,2.0,1,2.0
6656,31.0,1,-0.0
6657,23.0,0,1.0
6658,24.0,0,1.0
6659,19.0,0,3.0
6660,3.0,0,-2.0
6661,26.0,0,4.0
6662,18.0,1,-0.0
6663,0.0,0,0.0
6664,31.0,0,0.0
6665,17.0,0,2.0
6666,21.0,1,-0.0
6667,27.0,1,2.0
6668,6.0,0,-0.0
6669,0.0,0,0.0
6670,31.0,0,0.0
6671,0.0,0,0.0
6672,0.0,0,2.0
6673,12.0,0,4.0
6674,31.0,0,-1.0
6675,0.0,0,0.0
6676,10.0,0,4.0
6677,31.0,1,2.0
6678,0.0,0,5.0
6679,29.0,0,2.0
6680,24.0,0,0.0
6681,31.0,0,0.0
6682,0.0,0,0.0
6683,20.0,0,3.0
6684,27.0,0,1.0
6685,0.0,0,5.0
6686,28.0,0,2.0
6687,28.0,1,2.0
6688,23.0,1,4.0
6689,0.0,0,0.0
6690,30.0,0,1.0
6691,30.0,1,-1.0
6692,0.0,0,3.0
6693,26.0,0,2.0
6694,31.0,0,0.0
6695,29.0,1,-2.0
6696,14.0,0,-0.0
6697,30.0,0,0.0
6698,27.0,0,2.0
6699,16.0,0,2.0
6700,14.0,1,3.0
6701,26.0,0,0.0
6702,21.0,0,2.0
6703,7.0,0,1.0
6704,31.0,1,0.0
6705,3.0,0,-1.0
6706,0.0,0,2.0
6707,15.0,0,3.0
6708,21.0,0,1.0
6709,11.0,0,-0.0
6710,25.0,0,0.0
6711,9.0,0,1.0
6712,8.0,0,1.0
6713,0.0,0,0.0
6714,23.0,0,1.0
6715,0.0,1,0.0
6716,16.0,0,1.0
6717,24.0,0,1.0
6718,14.0,0,-0.0
6719,10.0,0,0.0
6720,1.0,1,1.0
6721,0.0,0,1.0
6722,12.0,1,5.0
6723,0.0,0,2.0
6724,13.0,0,1.0
6725,27.0,0,1.0
6726,1.0,1,1.0
6727,0.0,0,1.0
6728,31.0,0,0.0
6729,2.0,0,-1.0
6730,28.0,0,-0.0
6731,31.0,0,0.0
6732,31.0,0,0.0
6733,0.0,0,1.0
6734,0.0,0,1.0
6735,3.0,0,-0.0
6736,31.0,1,0.0
6737,30.0,1,-1.0
6738,0.0,0,0.0
6739,0.0,0,3.0
6740,21.0,0,0.0
6741,18.0,0,0.0
6742,20.0,0,-0.0
6743,30.0,0,1.0
6744,0.0,0,0.0
6745,0.0,0,1.0
6746,5.0,0,0.0
6747,11.0,0,-1.0
6748,31.0,0,0.0
6749,21.0,0,-0.0
6750,16.0,0,4.0
6751,17.0,0,2.0
6752,0.0,0,0.0
6753,21.0,0,-3.0
6754,0.0,0,0.0
6755,12.0,0,-0.0
6756,5.0,1,3.0
6757,31.0,0,0.0
6758,16.0,0,1.0
6759,1.0,1,1.0
6760,31.0,1,1.0
6761,9.0,0,1.0
6762,30.0,0,0.0
6763,0.0,0,4.0
6764,26.0,0,-1.0
6765,20.0,0,1.0
6766,0.0,0,1.0
6767,8.0,0,-1.0
6768,30.0,0,1.0
6769,31.0,0,0.0
6770,21.0,0,1.0
6771,13.0,0,3.0
6772,25.0,1,1.0
6773,30.0,0,1.0
6774,0.0,0,0.0
6775,29.0,0,2.0
6776,25.0,0,1.0
6777,0.0,1,0.0
6778,22.0,0,3.0
6779,31.0,0,0.0
6780,31.0,1,0.0
6781,2.0,1,2.0
6782,4.0,1,1.0
6783,24.0,1,0.0
6784,8.0,0,-0.0
6785,23.0,0,-1.0
6786,19.0,1,2.0
6787,0.0,1,0.0
6788,0.0,0,1.0
6789,0.0,0,2.0
6790,31.0,0,0.0
6791,23.0,0,3.0
6792,3.0,1,3.0
6793,15.0,0,2.0
6794,18.0,0,2.0
6795,0.0,0,0.0
6796,0.0,0,0.0
6797,25.0,0,2.0
6798,0.0,0,0.0
6799,30.0,0,1.0
6800,6.0,1,6.0
6801,22.0,0,2.0
6802,3.0,0,-2.0
6803,26.0,0,1.0
6804,0.0,0,3.0
6805,0.0,0,1.0
6806,0.0,0,0.0
6807,14.0,0,2.0
6808,0.0,0,0.0
6809,2.0,1,2.0
6810,19.0,0,2.0
6811,19.0,0,1.0
6812,13.0,0,1.0
6813,0.0,0,2.0
6814,29.0,0,2.0
6815,31.0,0,-1.0
6816,26.0,0,2.0
6817,0.0,1,0.0
6818,29.0,0,-0.0
6819,10.0,0,1.0
6820,4.0,0,-1.0
6821,0.0,0,0.0
6822,30.0,1,2.0
6823,10.0,0,3.0
6824,20.0,0,-2.0
6825,0.0,1,0.0
6826,10.0,0,2.0
6827,24.0,0,2.0
6828,0.0,0,0.0
6829,22.0,0,-1.0
6830,0.0,0,4.0
6831,7.0,0,-1.0
6832,14.0,1,1.0
6833,17.0,0,5.0
6834,10.0,0,-0.0
6835,10.0,0,3.0
6836,29.0,0,2.0
6837,11.0,1,3.0
6838,0.0,0,5.0
6839,18.0,1,2.0
6840,3.0,0,-0.0
6841,6.0,0,2.0
6842,31.0,1,0.0
6843,0.0,0,0.0
6844,30.0,0,-1.0
6845,0.0,0,5.0
6846,28.0,0,0.0
6847,13.0,1,1.0
6848,2.0,1,2.0
6849,0.0,0,1.0
6850,23.0,0,0.0
6851,0.0,0,1.0
6852,2.0,1,2.0
6853,13.0,0,2.0
6854,0.0,0,0.0
6855,1.0,1,1.0
6856,25.0,0,1.0
6857,2.0,1,2.0
6858,2.0,1,2.0
6859,0.0,0,2.0
6860,0.0,0,2.0
6861,26.0,0,-0.0
6862,0.0,0,1.0
6863,29.0,0,1.0
6864,26.0,0,-2.0
6865,0.0,0,0.0
6866,30.0,0,-0.0
6867,31.0,0,0.0
6868,15.0,0,1.0
6869,22.0,0,-1.0
6870,0.0,0,0.0
6871,19.0,0,1.0
6872,5.0,0,0.0
6873,10.0,0,-1.0
6874,19.0,1,3.0
6875,20.0,0,1.0
6876,2.0,1,2.0
6877,22.0,0,3.0
6878,29.0,0,-0.0
6879,2.0,0,1.0
6880,0.0,0,1.0
6881,26.0,0,2.0
6882,0.0,0,0.0
6883,9.0,0,-2.0
6884,28.0,0,1.0
6885,31.0,0,0.0
6886,0.0,0,2.0
6887,11.0,0,1.0
6888,16.0,0,1.0
6889,31.0,1,0.0
6890,31.0,0,0.0
6891,0.0,0,0.0
6892,28.0,0,1.0
6893,19.0,1,1.0
6894,29.0,1,2.0
6895,10.0,0,1.0
6896,29.0,0,2.0
6897,31.0,1,1.0
6898,0.0,0,0.0
6899,23.0,0,0.0
6900,31.0,0,-3.0
6901,8.0,0,5.0
6902,0.0,0,0.0
6903,17.0,0,1.0
6904,2.0,1,2.0
6905,13.0,0,0.0
6906,0.0,0,0.0
6907,28.0,1,1.0
6908,31.0,0,0.0
6909,0.0,0,2.0
6910,0.0,0,0.0
6911,2.0,0,1.0
6912,5.0,0,3.0
6913,0.0,0,0.0
6914,26.0,0,-0.0
6915,0.0,0,3.0
6916,31.0,0,0.0
6917,0.0,0,0.0
6918,0.0,0,0.0
6919,21.0,0,2.0
6920,27.0,0,0.0
6921,20.0,0,1.0
6922,31.0,0,0.0
6923,0.0,0,0.0
6924,0.0,0,0.0
6925,31.0,0,0.0
6926,24.0,1,2.0
6927,27.0,0,0.0
6928,24.0,0,-2.0
6929,31.0,0,-0.0
6930,0.0,0,4.0
6931,0.0,0,0.0
6932,6.0,1,4.0
6933,26.0,0,3.0
6934,31.0,0,-1.0
6935,0.0,0,0.0
6936,3.0,0,-0.0
6937,31.0,0,-1.0
6938,0.0,0,0.0
6939,24.0,0,0.0
6940,18.0,1,1.0
6941,29.0,0,2.0
6942,0.0,0,0.0
6943,0.0,0,1.0
6944,31.0,1,0.0
6945,0.0,1,0.0
6946,22.0,0,-0.0
6947,0.0,0,2.0
6948,28.0,0,-2.0
6949,0.0,0,1.0
6950,23.0,1,3.0
6951,31.0,0,0.0
6952,16.0,0,0.0
6953,0.0,0,0.0
6954,0.0,0,0.0
6955,31.0,0,0.0
6956,0.0,0,0.0
6957,25.0,1,1.0
6958,5.0,1,-1.0
6959,20.0,0,0.0
6960,30.0,0,1.0
6961,20.0,0,4.0
6962,14.0,0,4.0
6963,25.0,0,-1.0
6964,12.0,0,2.0
6965,0.0,0,0.0
6966,0.0,0,0.0
6967,0.0,0,5.0
6968,8.0,0,2.0
6969,21.0,0,4.0
6970,0.0,0,0.0
6971,4.0,0,3.0
6972,18.0,0,-1.0
6973,10.0,0,3.0
6974,24.0,0,1.0
6975,4.0,1,-1.0
6976,1.0,1,1.0
6977,13.0,0,1.0
6978,31.0,0,-3.0
6979,29.0,0,0.0
6980,29.0,1,1.0
6981,24.0,1,1.0
6982,10.0,0,-1.0
6983,29.0,0,1.0
6984,27.0,0,-0.0
6985,0.0,0,1.0
6986,11.0,0,1.0
6987,11.0,0,5.0
6988,25.0,0,2.0
6989,31.0,0,-0.0
6990,31.0,0,0.0
6991,14.0,0,3.0
6992,0.0,0,0.0
6993,31.0,1,0.0
6994,19.0,0,-1.0
6995,31.0,1,2.0
6996,0.0,0,2.0
6997,31.0,0,0.0
6998,18.0,0,-2.0
6999,23.0,0,-0.0
7000,28.0,0,-1.0
7001,31.0,0,-1.0
7002,18.0,0,3.0
7003,22.0,1,1.0
7004,31.0,0,0.0
7005,0.0,0,1.0
7006,28.0,1,2.0
7007,0.0,0,0.0
7008,23.0,0,4.0
7009,15.0,0,2.0
7010,1.0,1,1.0
7011,3.0,0,-0.0
7012,15.0,0,-0.0
7013,27.0,1,-1.0
7014,31.0,0,0.0
7015,19.0,1,3.0
7016,27.0,0,1.0
7017,0.0,0,0.0
7018,31.0,0,-0.0
7019,17.0,0,3.0
7020,0.0,0,3.0
7021,26.0,0,2.0
7022,3.0,1,3.0
7023,10.0,0,1.0
7024,29.0,1,1.0
7025,27.0,1,-1.0
7026,31.0,0,-2.0
7027,16.0,0,-0.0
7028,26.0,0,-1.0
7029,30.0,0,-0.0
7030,0.0,0,0.0
7031,1.0,1,1.0
7032,22.0,0,3.0
7033,0.0,0,0.0
7034,25.0,0,0.0
7035,0.0,0,0.0
7036,17.0,0,-2.0
7037,6.0,0,6.0
7038,0.0,0,2.0
7039,31.0,0,0.0
7040,0.0,0,0.0
7041,26.0,1,0.0
7042,31.0,0,0.0
7043,5.0,1,5.0
7044,31.0,0,-2.0
7045,21.0,0,2.0
7046,0.0,0,0.0
7047,20.0,1,2.0
7048,26.0,1,2.0
7049,28.0,0,3.0
7050,31.0,0,0.0
7051,24.0,1,3.0
7052,19.0,0,-1.0
7053,18.0,0,0.0
7054,30.0,0,1.0
7055,31.0,1,0.0
7056,28.0,0,2.0
7057,17.0,0,-0.0
7058,11.0,0,6.0
7059,0.0,0,3.0
7060,0.0,0,1.0
7061,0.0,0,3.0
7062,14.0,0,1.0
7063,3.0,1,-0.0
7064,0.0,0,4.0
7065,14.0,0,-1.0
7066,0.0,0,0.0
7067,25.0,0,2.0
7068,27.0,0,2.0
7069,0.0,0,0.0
7070,21.0,1,1.0
7071,12.0,0,-1.0
7072,2.0,1,2.0
7073,2.0,1,2.0
7074,0.0,0,0.0
7075,0.0,0,0.0
7076,0.0,0,0.0
7077,0.0,0,0.0
7078,25.0,0,0.0
7079,25.0,0,3.0
7080,21.0,0,1.0
7081,10.0,0,3.0
7082,24.0,0,2.0
7083,0.0,0,3.0
7084,25.0,0,6.0
7085,28.0,0,2.0
7086,0.0,0,1.0
7087,0.0,0,0.0
7088,11.0,0,-1.0
7089,3.0,1,3.0
7090,31.0,0,0.0
7091,0.0,0,1.0
7092,24.0,0,-1.0
7093,21.0,0,-1.0
7094,18.0,0,3.0
7095,17.0,0,-1.0
7096,31.0,0,0.0
7097,28.0,0,2.0
7098,25.0,0,2.0
7099,24.0,0,1.0
7100,27.0,0,1.0
7101,17.0,0,-1.0
7102,8.0,1,8.0
7103,0.0,0,0.0
7104,8.0,0,5.0
7105,30.0,0,1.0
7106,8.0,0,1.0
7107,13.0,0,1.0
7108,13.0,0,3.0
7109,0.0,0,2.0
7110,21.0,0,3.0
7111,9.0,0,3.0
7112,27.0,1,0.0
7113,0.0,0,1.0
7114,0.0,0,3.0
7115,2.0,1,2.0
7116,31.0,0,0.0
7117,31.0,1,0.0
7118,31.0,0,-0.0
7119,29.0,0,1.0
7120,28.0,0,1.0
7121,18.0,0,4.0
7122,0.0,0,0.0
7123,20.0,0,-0.0
7124,20.0,0,2.0
7125,0.0,0,1.0
7126,0.0,0,0.0
7127,3.0,0,-0.0
7128,12.0,0,1.0
7129,0.0,0,2.0
7130,0.0,1,0.0
7131,27.0,0,0.0
7132,4.0,0,1.0
7133,14.0,0,-0.0
7134,5.0,0,-0.0
7135,28.0,0,3.0
7136,0.0,0,0.0
7137,30.0,0,1.0
7138,0.0,0,3.0
7139,31.0,0,0.0
7140,9.0,0,3.0
7141,31.0,0,0.0
7142,27.0,0,-1.0
7143,0.0,0,0.0
7144,0.0,0,0.0
7145,25.0,0,0.0
7146,12.0,0,1.0
7147,25.0,0,-0.0
7148,31.0,0,0.0
7149,22.0,0,4.0
7150,14.0,0,1.0
7151,28.0,0,-0.0
7152,19.0,0,1.0
7153,19.0,0,1.0
7154,0.0,0,0.0
7155,0.0,0,0.0
7156,0.0,1,0.0
7157,0.0,0,0.0
7158,6.0,1,3.0
7159,0.0,0,4.0
7160,1.0,0,1.0
7161,27.0,0,1.0
7162,11.0,0,-1.0
7163,0.0,0,3.0
7164,0.0,0,0.0
7165,16.0,0,-0.0
7166,7.0,0,1.0
7167,23.0,0,1.0
7168,0.0,0,0.0
7169,0.0,0,1.0
7170,0.0,0,0.0
7171,0.0,0,3.0
7172,10.0,1,-1.0
7173,31.0,1,2.0
7174,26.0,0,2.0
7175,3.0,0,-1.0
7176,31.0,0,0.0
7177,18.0,0,0.0
7178,0.0,0,1.0
7179,26.0,0,1.0
7180,4.0,0,-1.0
7181,25.0,0,2.0
7182,0.0,0,0.0
7183,7.0,0,-1.0
7184,0.0,0,1.0
7185,0.0,1,0.0
7186,22.0,0,2.0
7187,14.0,1,5.0
7188,17.0,0,2.0
7189,17.0,0,1.0
7190,0.0,0,3.0
7191,28.0,0,1.0
7192,2.0,0,-1.0
7193,0.0,0,0.0
7194,25.0,1,2.0
7195,22.0,0,2.0
7196,5.0,0,1.0
7197,22.0,0,-0.0
7198,0.0,0,0.0
7199,0.0,0,6.0
7200,0.0,0,0.0
7201,9.0,0,-1.0
7202,0.0,0,0.0
7203,0.0,0,1.0
7204,7.0,0,0.0
7205,0.0,0,0.0
7206,14.0,0,1.0
7207,31.0,0,-1.0
7208,0.0,1,0.0
7209,29.0,0,2.0
7210,29.0,1,-0.0
7211,0.0,0,0.0
7212,30.0,0,-1.0
7213,0.0,0,3.0
7214,27.0,0,3.0
7215,0.0,0,1.0
7216,27.0,0,0.0
7217,0.0,0,2.0
7218,31.0,1,2.0
7219,23.0,1,-1.0
7220,0.0,0,0.0
7221,0.0,0,0.0
7222,29.0,0,2.0
7223,24.0,0,1.0
7224,20.0,0,2.0
7225,0.0,0,0.0
7226,1.0,1,-1.0
7227,9.0,0,1.0
7228,27.0,1,-1.0
7229,17.0,0,1.0
7230,23.0,0,1.0
7231,22.0,0,-2.0
7232,22.0,0,-0.0
7233,1.0,1,1.0
7234,22.0,0,2.0
7235,30.0,1,1.0
7236,31.0,0,0.0
7237,0.0,0,3.0
7238,7.0,1,-0.0
7239,0.0,0,0.0
7240,7.0,0,1.0
7241,0.0,0,1.0
7242,28.0,0,-1.0
7243,0.0,0,2.0
7244,0.0,0,0.0
7245,30.0,0,1.0
7246,0.0,0,1.0
7247,0.0,0,2.0
7248,31.0,0,0.0
7249,12.0,0,1.0
7250,28.0,0,-2.0
7251,31.0,0,-0.0
7252,0.0,1,0.0
7253,29.0,0,-1.0
7254,0.0,0,4.0
7255,10.0,0,3.0
7256,21.0,0,2.0
7257,0.0,1,0.0
7258,0.0,0,0.0
7259,0.0,0,1.0
7260,15.0,0,-1.0
7261,0.0,0,5.0
7262,31.0,0,-1.0
7263,0.0,0,5.0
7264,18.0,0,-0.0
7265,0.0,0,0.0
7266,31.0,0,-1.0
7267,20.0,0,3.0
7268,15.0,0,-0.0
7269,26.0,1,-1.0
7270,31.0,0,0.0
7271,1.0,0,1.0
7272,0.0,0,0.0
7273,30.0,0,1.0
7274,0.0,0,2.0
7275,31.0,1,2.0
7276,29.0,0,0.0
7277,23.0,0,1.0
7278,0.0,0,0.0
7279,22.0,1,2.0
7280,0.0,0,2.0
7281,30.0,0,1.0
7282,31.0,0,0.0
7283,16.0,0,1.0
7284,18.0,0,1.0
7285,31.0,0,0.0
7286,31.0,0,-1.0
7287,10.0,0,3.0
7288,25.0,0,1.0
7289,9.0,0,5.0
7290,24.0,0,2.0
7291,21.0,0,0.0
7292,23.0,0,1.0
7293,4.0,0,-4.0
7294,27.0,0,-1.0
7295,0.0,0,1.0
7296,0.0,0,0.0
7297,5.0,0,4.0
7298,18.0,0,2.0
7299,0.0,0,6.0
7300,20.0,0,-0.0
7301,25.0,0,-2.0
7302,0.0,0,2.0
7303,10.0,0,1.0
7304,0.0,0,1.0
7305,13.0,0,0.0
7306,31.0,1,0.0
7307,0.0,0,4.0
7308,0.0,0,1.0
7309,11.0,0,-2.0
7310,0.0,0,1.0
7311,5.0,0,-1.0
7312,0.0,0,2.0
7313,2.0,1,2.0
7314,25.0,1,1.0
7315,30.0,0,-1.0
7316,0.0,0,1.0
7317,0.0,0,4.0
7318,13.0,0,1.0
7319,21.0,0,1.0
7320,31.0,1,0.0
7321,11.0,0,-1.0
7322,0.0,0,0.0
7323,31.0,0,-0.0
7324,0.0,0,0.0
7325,22.0,1,3.0
7326,0.0,0,1.0
7327,0.0,0,2.0
7328,31.0,0,0.0
7329,14.0,0,-2.0
7330,0.0,0,0.0
7331,1.0,1,1.0
7332,18.0,0,3.0
7333,3.0,0,0.0
7334,0.0,0,4.0
7335,0.0,0,0.0
7336,0.0,0,0.0
7337,23.0,0,1.0
7338,0.0,0,2.0
7339,24.0,0,3.0
7340,16.0,0,4.0
7341,31.0,0,0.0
7342,17.0,0,0.0
7343,0.0,0,2.0
7344,0.0,0,2.0
7345,0.0,0,0.0
7346,31.0,0,-1.0
7347,0.0,0,0.0
7348,0.0,0,3.0
7349,4.0,1,4.0
7350,20.0,0,2.0
7351,2.0,1,2.0
7352,9.0,0,0.0
7353,0.0,0,1.0
7354,0.0,0,2.0
7355,22.0,0,0.0
7356,21.0,0,1.0
7357,0.0,0,4.0
7358,0.0,0,2.0
7359,0.0,0,0.0
7360,15.0,0,2.0
7361,8.0,0,5.0
7362,31.0,0,-1.0
7363,14.0,0,1.0
7364,20.0,0,0.0
7365,0.0,0,4.0
7366,7.0,1,-1.0
7367,31.0,1,0.0
7368,14.0,0,2.0
7369,17.0,0,-0.0
7370,0.0,0,1.0
7371,2.0,0,0.0
7372,31.0,0,-0.0
7373,27.0,0,-0.0
7374,0.0,0,0.0
7375,12.0,1,1.0
7376,0.0,1,0.0
7377,31.0,0,-0.0
7378,10.0,1,1.0
7379,30.0,0,-1.0
7380,0.0,0,0.0
7381,0.0,0,2.0
7382,26.0,0,-0.0
7383,19.0,0,1.0
7384,31.0,0,0.0
7385,0.0,0,1.0
7386,14.0,0,2.0
7387,12.0,1,1.0
7388,10.0,0,3.0
7389,28.0,0,3.0
7390,0.0,0,0.0
7391,23.0,0,-0.0
7392,22.0,0,0.0
7393,1.0,1,1.0
7394,23.0,0,6.0
7395,31.0,0,-1.0
7396,31.0,0,0.0
7397,0.0,1,0.0
7398,11.0,1,0.0
7399,0.0,0,1.0
7400,0.0,0,0.0
7401,22.0,0,-0.0
7402,0.0,0,0.0
7403,0.0,0,2.0
7404,0.0,1,0.0
7405,21.0,0,-0.0
7406,18.0,0,2.0
7407,0.0,0,4.0
7408,31.0,0,0.0
7409,31.0,1,0.0
7410,5.0,0,-0.0
7411,24.0,0,0.0
7412,0.0,0,8.0
7413,12.0,0,1.0
7414,18.0,0,1.0
7415,0.0,0,2.0
7416,0.0,0,1.0
7417,0.0,0,2.0
7418,0.0,0,0.0
7419,0.0,0,0.0
7420,15.0,1,1.0
7421,0.0,1,0.0
7422,0.0,0,0.0
7423,19.0,0,1.0
7424,17.0,0,1.0
7425,0.0,0,1.0
7426,0.0,0,2.0
7427,24.0,0,-1.0
7428,0.0,0,0.0
7429,0.0,0,0.0
7430,0.0,1,0.0
7431,8.0,0,-2.0
7432,27.0,0,3.0
7433,24.0,0,1.0
7434,12.0,0,2.0
7435,0.0,0,0.0
7436,0.0,0,2.0
7437,0.0,1,0.0
7438,16.0,1,2.0
7439,0.0,0,0.0
7440,28.0,0,3.0
7441,25.0,1,0.0
7442,28.0,0,0.0
7443,0.0,0,0.0
7444,0.0,0,2.0
7445,25.0,0,4.0
7446,16.0,1,2.0
7447,0.0,0,1.0
7448,22.0,0,3.0
7449,0.0,0,2.0
7450,0.0,0,0.0
7451,2.0,1,0.0
7452,0.0,0,2.0
7453,31.0,1,0.0
7454,31.0,1,0.0
7455,29.0,1,5.0
7456,27.0,0,3.0
7457,23.0,0,1.0
7458,18.0,0,-1.0
7459,24.0,1,4.0
7460,12.0,0,-2.0
7461,11.0,0,2.0
7462,0.0,0,4.0
7463,0.0,0,2.0
7464,0.0,0,0.0
7465,8.0,0,-0.0
7466,14.0,0,2.0
7467,22.0,0,-1.0
7468,31.0,0,0.0
7469,18.0,0,1.0
7470,22.0,1,3.0
7471,3.0,0,-1.0
7472,7.0,0,3.0
7473,14.0,0,-1.0
7474,5.0,0,-1.0
7475,0.0,0,1.0
7476,0.0,0,2.0
7477,13.0,1,1.0
7478,0.0,0,3.0
7479,25.0,0,-1.0
7480,0.0,0,2.0
7481,1.0,1,1.0
7482,31.0,1,0.0
7483,2.0,1,2.0
7484,0.0,0,1.0
7485,11.0,0,3.0
7486,17.0,1,-1.0
7487,11.0,0,1.0
7488,0.0,0,1.0
7489,18.0,0,-1.0
7490,30.0,0,-1.0
7491,25.0,0,3.0
7492,10.0,0,1.0
7493,31.0,1,0.0
7494,29.0,0,2.0
7495,0.0,0,1.0
7496,23.0,0,1.0
7497,29.0,0,2.0
7498,0.0,0,0.0
7499,11.0,1,2.0
7500,0.0,0,3.0
7501,31.0,0,-1.0
7502,0.0,0,0.0
7503,26.0,0,1.0
7504,0.0,0,2.0
7505,29.0,0,2.0
7506,23.0,0,-0.0
7507,19.0,0,1.0
7508,0.0,0,0.0
7509,0.0,0,3.0
7510,16.0,0,2.0
7511,2.0,1,2.0
7512,0.0,1,0.0
7513,0.0,0,0.0
7514,31.0,0,-0.0
7515,31.0,0,0.0
7516,31.0,0,0.0
7517,29.0,1,-1.0
7518,5.0,1,5.0
7519,27.0,0,0.0
7520,0.0,0,0.0
7521,0.0,0,2.0
7522,14.0,0,5.0
7523,2.0,0,4.0
7524,15.0,0,0.0
7525,0.0,0,0.0
7526,0.0,0,0.0
7527,30.0,0,1.0
7528,31.0,1,2.0
7529,0.0,0,1.0
7530,27.0,0,2.0
7531,0.0,0,1.0
7532,0.0,1,0.0
7533,31.0,0,0.0
7534,31.0,0,0.0
7535,28.0,0,3.0
7536,30.0,0,1.0
7537,11.0,0,2.0
7538,0.0,0,0.0
7539,31.0,1,2.0
7540,13.0,0,1.0
7541,28.0,0,1.0
7542,19.0,0,-2.0
7543,0.0,0,2.0
7544,12.0,0,3.0
7545,18.0,0,1.0
7546,11.0,0,1.0
7547,22.0,0,2.0
7548,28.0,0,0.0
7549,29.0,0,2.0
7550,22.0,1,2.0
7551,30.0,0,-1.0
7552,12.0,0,1.0
7553,0.0,0,0.0
7554,10.0,0,4.0
7555,17.0,0,2.0
7556,18.0,0,3.0
7557,5.0,0,4.0
7558,0.0,0,0.0
7559,10.0,0,1.0
7560,31.0,1,1.0
7561,31.0,0,-0.0
7562,12.0,0,2.0
7563,1.0,1,1.0
7564,0.0,0,1.0
7565,0.0,0,1.0
7566,11.0,1,-0.0
7567,0.0,0,2.0
7568,14.0,0,3.0
7569,13.0,0,-2.0
7570,20.0,0,1.0
7571,20.0,0,1.0
7572,31.0,0,0.0
7573,0.0,0,0.0
7574,28.0,1,-2.0
7575,31.0,0,0.0
7576,19.0,1,1.0
7577,0.0,0,4.0
7578,0.0,0,0.0
7579,21.0,1,-1.0
7580,0.0,0,0.0
7581,0.0,0,0.0
7582,18.0,0,-1.0
7583,14.0,0,-1.0
7584,25.0,0,2.0
7585,25.0,0,4.0
7586,0.0,0,4.0
7587,0.0,1,-1.0
7588,31.0,0,0.0
7589,2.0,0,3.0
7590,26.0,1,0.0
7591,7.0,0,1.0
7592,0.0,0,0.0
7593,1.0,0,8.0
7594,14.0,1,1.0
7595,25.0,0,-2.0
7596,0.0,0,0.0
7597,0.0,1,0.0
7598,1.0,1,1.0
7599,26.0,0,2.0
7600,26.0,0,5.0
7601,31.0,0,0.0
7602,11.0,0,-1.0
7603,25.0,0,1.0
7604,31.0,0,0.0
7605,0.0,1,0.0
7606,12.0,0,1.0
7607,22.0,0,2.0
7608,0.0,0,0.0
7609,19.0,0,-1.0
7610,11.0,0,-2.0
7611,0.0,0,0.0
7612,22.0,0,1.0
7613,29.0,0,1.0
7614,14.0,0,3.0
7615,26.0,0,5.0
7616,0.0,0,1.0
7617,0.0,1,0.0
7618,31.0,0,-0.0
7619,31.0,1,0.0
7620,0.0,0,2.0
7621,0.0,0,0.0
7622,0.0,0,0.0
7623,27.0,0,2.0
7624,27.0,0,4.0
7625,0.0,0,4.0
7626,30.0,0,1.0
7627,22.0,0,1.0
7628,0.0,0,0.0
7629,12.0,0,3.0
7630,21.0,1,3.0
7631,31.0,0,0.0
7632,31.0,1,2.0
7633,31.0,0,0.0
7634,0.0,0,0.0
7635,24.0,0,-0.0
7636,27.0,0,-3.0
7637,23.0,0,0.0
7638,16.0,0,3.0
7639,31.0,0,0.0
7640,31.0,0,0.0
7641,0.0,0,2.0
7642,31.0,0,0.0
7643,27.0,0,2.0
7644,31.0,1,-0.0
7645,31.0,0,-1.0
7646,28.0,0,0.0
7647,28.0,0,1.0
7648,17.0,0,-0.0
7649,0.0,0,0.0
7650,1.0,1,1.0
7651,13.0,0,3.0
7652,1.0,0,-1.0
7653,0.0,0,0.0
7654,20.0,0,2.0
7655,13.0,0,0.0
7656,0.0,0,0.0
7657,1.0,1,1.0
7658,15.0,0,-1.0
7659,19.0,1,2.0
7660,0.0,0,0.0
7661,12.0,0,-2.0
7662,2.0,1,2.0
7663,14.0,0,1.0
7664,0.0,0,3.0
7665,25.0,0,3.0
7666,31.0,0,0.0
7667,19.0,0,-0.0
7668,0.0,0,1.0
7669,0.0,0,0.0
7670,17.0,0,-1.0
7671,29.0,0,2.0
7672,31.0,0,0.0
7673,30.0,0,-2.0
7674,0.0,0,0.0
7675,17.0,0,0.0
7676,26.0,0,4.0
7677,7.0,0,-1.0
7678,30.0,1,0.0
7679,0.0,0,1.0
7680,0.0,0,0.0
7681,30.0,0,1.0
7682,14.0,0,0.0
7683,0.0,0,2.0
7684,0.0,0,2.0
7685,31.0,0,-0.0
7686,0.0,0,1.0
7687,0.0,0,2.0
7688,22.0,0,2.0
7689,0.0,0,2.0
7690,0.0,0,1.0
7691,0.0,0,1.0
7692,30.0,0,-3.0
7693,0.0,0,0.0
7694,7.0,1,2.0
7695,24.0,0,-1.0
7696,0.0,0,2.0
7697,19.0,0,2.0
7698,0.0,0,0.0
7699,29.0,0,0.0
7700,27.0,0,2.0
7701,0.0,0,3.0
7702,9.0,0,2.0
7703,5.0,0,1.0
7704,0.0,1,0.0
7705,25.0,0,-0.0
7706,0.0,0,1.0
7707,0.0,0,5.0
7708,26.0,1,0.0
7709,31.0,0,-1.0
7710,6.0,0,1.0
7711,26.0,0,0.0
7712,31.0,1,2.0
7713,31.0,1,4.0
7714,15.0,0,2.0
7715,0.0,0,2.0
7716,27.0,1,5.0
7717,0.0,0,2.0
7718,11.0,0,4.0
7719,31.0,0,0.0
7720,12.0,0,-3.0
7721,10.0,0,0.0
7722,0.0,0,1.0
7723,0.0,0,0.0
7724,31.0,1,0.0
7725,24.0,0,1.0
7726,15.0,0,1.0
7727,15.0,0,1.0
7728,0.0,0,2.0
7729,13.0,0,2.0
7730,29.0,0,2.0
7731,0.0,0,0.0
7732,26.0,0,-2.0
7733,19.0,0,2.0
7734,13.0,0,-0.0
7735,22.0,1,1.0
7736,0.0,0,4.0
7737,23.0,0,-1.0
7738,0.0,0,0.0
7739,10.0,0,1.0
7740,9.0,0,-2.0
7741,25.0,0,-1.0
7742,27.0,1,1.0
7743,30.0,0,1.0
7744,0.0,0,1.0
7745,17.0,0,-0.0
7746,5.0,0,1.0
7747,30.0,0,-0.0
7748,0.0,0,1.0
7749,5.0,0,-0.0
7750,31.0,1,0.0
7751,14.0,0,-2.0
7752,31.0,0,0.0
7753,0.0,0,0.0
7754,0.0,1,0.0
7755,0.0,0,0.0
7756,0.0,0,1.0
7757,0.0,0,0.0
7758,31.0,1,1.0
7759,0.0,0,3.0
7760,30.0,0,0.0
7761,28.0,1,3.0
7762,26.0,0,-1.0
7763,28.0,0,1.0
7764,18.0,0,2.0
7765,0.0,0,0.0
7766,15.0,0,4.0
7767,15.0,0,2.0
7768,0.0,0,1.0
7769,9.0,1,3.0
7770,0.0,0,0.0
7771,0.0,0,0.0
7772,21.0,0,-1.0
7773,21.0,0,1.0
7774,31.0,0,0.0
7775,28.0,0,1.0
7776,30.0,0,1.0
7777,0.0,0,2.0
7778,31.0,0,-0.0
7779,29.0,0,-2.0
7780,0.0,0,1.0
7781,0.0,0,1.0
7782,0.0,0,0.0
7783,3.0,1,3.0
7784,27.0,0,-1.0
7785,0.0,0,0.0
7786,3.0,0,1.0
7787,0.0,0,1.0
7788,10.0,0,-0.0
7789,16.0,0,1.0
7790,31.0,0,0.0
7791,1.0,1,1.0
7792,20.0,1,3.0
7793,0.0,0,0.0
7794,18.0,0,2.0
7795,0.0,0,1.0
7796,1.0,0,-1.0
7797,0.0,0,5.0
7798,13.0,0,-1.0
7799,21.0,0,-0.0
7800,10.0,1,-1.0
7801,0.0,0,9.0
7802,30.0,0,1.0
7803,0.0,0,3.0
7804,11.0,0,1.0
7805,3.0,0,2.0
7806,0.0,0,0.0
7807,0.0,0,0.0
7808,4.0,0,3.0
7809,0.0,0,5.0
7810,25.0,0,1.0
7811,0.0,0,2.0
7812,17.0,0,2.0
7813,0.0,0,3.0
7814,0.0,0,3.0
7815,31.0,1,2.0
7816,21.0,0,1.0
7817,0.0,0,3.0
7818,25.0,0,2.0
7819,25.0,1,-1.0
7820,0.0,0,0.0
7821,5.0,0,2.0
7822,0.0,0,4.0
7823,25.0,0,-0.0
7824,0.0,0,0.0
7825,0.0,0,2.0
7826,12.0,0,8.0
7827,7.0,0,3.0
7828,29.0,1,3.0
7829,0.0,0,0.0
7830,28.0,1,2.0
7831,0.0,0,0.0
7832,17.0,0,1.0
7833,28.0,0,1.0
7834,29.0,0,-0.0
7835,22.0,0,3.0
7836,27.0,0,3.0
7837,28.0,1,1.0
7838,29.0,0,2.0
7839,30.0,0,0.0
7840,31.0,0,0.0
7841,7.0,0,1.0
7842,19.0,0,0.0
7843,31.0,0,0.0
7844,25.0,0,1.0
7845,14.0,0,0.0
7846,26.0,0,-0.0
7847,20.0,0,1.0
7848,0.0,0,0.0
7849,0.0,0,1.0
7850,23.0,0,4.0
7851,0.0,0,1.0
7852,22.0,0,2.0
7853,12.0,1,1.0
7854,31.0,0,-2.0
7855,11.0,1,1.0
7856,0.0,0,0.0
7857,0.0,0,0.0
7858,26.0,1,3.0
7859,25.0,0,3.0
7860,1.0,1,1.0
7861,12.0,0,1.0
7862,0.0,0,2.0
7863,23.0,0,1.0
7864,20.0,0,4.0
7865,0.0,0,1.0
7866,23.0,0,2.0
7867,3.0,1,3.0
7868,1.0,0,1.0
7869,9.0,0,2.0
7870,24.0,0,-1.0
7871,31.0,0,0.0
7872,0.0,0,1.0
7873,17.0,0,-2.0
7874,0.0,0,3.0
7875,8.0,0,1.0
7876,12.0,0,1.0
7877,28.0,0,2.0
7878,31.0,0,0.0
7879,30.0,0,0.0
7880,1.0,0,1.0
7881,31.0,0,0.0
7882,31.0,0,-1.0
7883,0.0,0,0.0
7884,3.0,1,3.0
7885,29.0,0,2.0
7886,6.0,1,-1.0
7887,8.0,0,1.0
7888,25.0,0,-1.0
7889,18.0,0,0.0
7890,3.0,0,1.0
7891,0.0,0,0.0
7892,22.0,0,1.0
7893,0.0,0,2.0
7894,0.0,0,0.0
7895,17.0,0,1.0
7896,31.0,0,0.0
7897,31.0,0,0.0
7898,15.0,1,4.0
7899,29.0,0,2.0
7900,4.0,0,-1.0
7901,0.0,0,0.0
7902,17.0,0,-0.0
7903,0.0,0,1.0
7904,25.0,0,2.0
7905,31.0,0,0.0
7906,27.0,0,-0.0
7907,13.0,0,1.0
7908,30.0,0,1.0
7909,31.0,1,3.0
7910,0.0,0,3.0
7911,0.0,0,0.0
7912,2.0,1,2.0
7913,10.0,0,0.0
7914,3.0,0,6.0
7915,0.0,0,2.0
7916,0.0,0,1.0
7917,17.0,0,2.0
7918,13.0,0,4.0
7919,23.0,0,-0.0
7920,0.0,0,0.0
7921,30.0,0,1.0
7922,31.0,1,0.0
7923,9.0,0,2.0
7924,8.0,1,0.0
7925,22.0,0,1.0
7926,0.0,1,0.0
7927,0.0,0,0.0
7928,0.0,1,0.0
7929,0.0,1,0.0
7930,0.0,0,1.0
7931,13.0,0,2.0
7932,0.0,0,0.0
7933,18.0,0,2.0
7934,0.0,0,1.0
7935,0.0,0,0.0
7936,0.0,0,0.0
7937,22.0,0,0.0
7938,17.0,0,2.0
7939,12.0,0,-1.0
7940,11.0,0,0.0
7941,19.0,0,2.0
7942,0.0,0,4.0
7943,0.0,1,0.0
7944,19.0,0,-2.0
7945,4.0,0,3.0
7946,0.0,0,0.0
7947,2.0,1,2.0
7948,20.0,0,1.0
7949,3.0,1,3.0
7950,9.0,1,-0.0
7951,24.0,1,3.0
7952,0.0,1,0.0
7953,0.0,0,0.0
7954,12.0,0,2.0
7955,18.0,0,0.0
7956,0.0,0,2.0
7957,14.0,1,-1.0
7958,6.0,0,-1.0
7959,0.0,1,0.0
7960,28.0,0,1.0
7961,16.0,1,1.0
7962,10.0,0,0.0
7963,24.0,0,0.0
7964,2.0,0,1.0
7965,0.0,1,0.0
7966,0.0,0,3.0
7967,4.0,0,0.0
7968,24.0,0,-1.0
7969,24.0,0,-1.0
7970,17.0,0,3.0
7971,22.0,0,-0.0
7972,18.0,0,1.0
7973,27.0,0,1.0
7974,0.0,0,0.0
7975,31.0,0,0.0
7976,0.0,0,0.0
7977,13.0,0,3.0
7978,0.0,1,0.0
7979,19.0,0,1.0
7980,12.0,0,2.0
7981,0.0,0,0.0
7982,16.0,0,2.0
7983,0.0,0,0.0
7984,2.0,1,-1.0
7985,16.0,0,6.0
7986,17.0,0,1.0
7987,0.0,0,0.0
7988,0.0,0,0.0
7989,29.0,0,2.0
7990,31.0,1,0.0
7991,25.0,0,1.0
7992,11.0,0,2.0
7993,26.0,0,3.0
7994,15.0,0,2.0
7995,4.0,1,4.0
7996,30.0,0,0.0
7997,17.0,0,-0.0
7998,0.0,0,0.0
7999,20.0,0,-0.0
8000,4.0,1,4.0
8001,3.0,1,3.0
8002,31.0,0,0.0
8003,0.0,0,0.0
8004,28.0,1,1.0
8005,6.0,0,7.0
8006,21.0,0,2.0
8007,30.0,0,-1.0
8008,30.0,0,0.0
8009,7.0,0,2.0
8010,29.0,0,2.0
8011,3.0,0,1.0
8012,31.0,0,-1.0
8013,20.0,0,1.0
8014,1.0,0,2.0
8015,1.0,0,1.0
8016,0.0,0,2.0
8017,12.0,0,3.0
8018,0.0,0,1.0
8019,31.0,1,0.0
8020,0.0,0,2.0
8021,24.0,0,3.0
8022,0.0,0,1.0
8023,28.0,0,2.0
8024,24.0,0,1.0
8025,27.0,1,-1.0
8026,25.0,0,3.0
8027,0.0,0,2.0
8028,6.0,0,0.0
8029,0.0,0,1.0
8030,0.0,0,1.0
8031,15.0,1,-1.0
8032,0.0,0,0.0
8033,25.0,1,4.0
8034,31.0,0,-0.0
8035,10.0,0,-1.0
8036,0.0,0,1.0
8037,0.0,0,1.0
8038,0.0,0,0.0
8039,0.0,0,1.0
8040,3.0,1,3.0
8041,15.0,0,3.0
8042,5.0,0,2.0
8043,0.0,1,0.0
8044,18.0,0,2.0
8045,22.0,0,1.0
8046,0.0,0,2.0
8047,19.0,0,3.0
8048,30.0,0,1.0
8049,0.0,0,3.0
8050,4.0,1,4.0
8051,0.0,0,2.0
8052,15.0,0,2.0
8053,8.0,0,-0.0
8054,23.0,0,-2.0
8055,27.0,0,-1.0
8056,23.0,0,1.0
8057,29.0,0,2.0
8058,0.0,0,0.0
8059,18.0,0,-2.0
8060,29.0,1,0.0
8061,27.0,0,-1.0
8062,0.0,0,0.0
8063,28.0,0,0.0
8064,0.0,0,0.0
8065,31.0,0,0.0
8066,30.0,0,1.0
8067,0.0,0,0.0
8068,10.0,0,-1.0
8069,29.0,0,2.0
8070,31.0,0,0.0
8071,0.0,1,0.0
8072,26.0,0,0.0
8073,24.0,0,-1.0
8074,28.0,0,-0.0
8075,24.0,0,-3.0
8076,9.0,1,2.0
8077,17.0,0,-2.0
8078,1.0,1,1.0
8079,21.0,0,-3.0
8080,21.0,1,0.0
8081,2.0,0,0.0
8082,0.0,0,0.0
8083,31.0,0,0.0
8084,0.0,0,0.0
8085,28.0,1,-1.0
8086,13.0,0,1.0
8087,0.0,0,2.0
8088,0.0,0,0.0
8089,1.0,1,1.0
8090,0.0,0,0.0
8091,28.0,0,1.0
8092,0.0,0,0.0
8093,26.0,0,-1.0
8094,0.0,0,0.0
8095,6.0,0,-1.0
8096,0.0,0,2.0
8097,0.0,0,3.0
8098,3.0,0,0.0
8099,19.0,0,1.0
8100,0.0,0,0.0
8101,5.0,0,1.0
8102,31.0,0,-1.0
8103,8.0,0,-0.0
8104,0.0,0,1.0
8105,0.0,0,2.0
8106,31.0,0,0.0
8107,0.0,0,0.0
8108,0.0,0,2.0
8109,31.0,0,0.0
8110,30.0,0,-0.0
8111,25.0,0,3.0
8112,18.0,0,1.0
8113,26.0,0,1.0
8114,26.0,0,-1.0
8115,5.0,0,1.0
8116,12.0,0,2.0
8117,0.0,0,3.0
8118,24.0,0,1.0
8119,0.0,0,2.0
8120,0.0,1,0.0
8121,31.0,0,0.0
8122,0.0,0,1.0
8123,29.0,0,1.0
8124,2.0,1,-1.0
8125,0.0,0,0.0
8126,0.0,0,0.0
8127,24.0,0,2.0
8128,0.0,0,2.0
8129,0.0,0,0.0
8130,6.0,1,2.0
8131,31.0,0,0.0
8132,0.0,0,0.0
8133,0.0,0,1.0
8134,2.0,1,2.0
8135,30.0,0,1.0
8136,9.0,0,1.0
8137,0.0,0,5.0
8138,22.0,1,2.0
8139,11.0,1,4.0
8140,23.0,0,-2.0
8141,0.0,0,0.0
8142,19.0,1,-1.0
8143,0.0,0,0.0
8144,0.0,0,0.0
8145,0.0,0,0.0
8146,0.0,0,2.0
8147,0.0,0,5.0
8148,0.0,0,0.0
8149,0.0,0,0.0
8150,27.0,0,3.0
8151,25.0,1,4.0
8152,18.0,0,1.0
8153,0.0,0,1.0
8154,30.0,0,-1.0
8155,2.0,0,0.0
8156,3.0,1,2.0
8157,9.0,1,1.0
8158,27.0,1,-1.0
8159,30.0,0,1.0
8160,18.0,0,2.0
8161,17.0,1,1.0
8162,8.0,0,6.0
8163,0.0,1,0.0
8164,0.0,0,0.0
8165,25.0,0,1.0
8166,10.0,0,4.0
8167,25.0,0,3.0
8168,11.0,0,-0.0
8169,13.0,1,-4.0
8170,0.0,0,0.0
8171,24.0,0,1.0
8172,29.0,0,-1.0
8173,26.0,0,0.0
8174,25.0,0,1.0
8175,19.0,0,-0.0
8176,0.0,0,0.0
8177,29.0,0,2.0
8178,31.0,0,0.0
8179,20.0,0,1.0
8180,0.0,0,0.0
8181,0.0,1,0.0
8182,29.0,1,1.0
8183,29.0,0,2.0
8184,31.0,0,0.0
8185,0.0,0,0.0
8186,1.0,1,1.0
8187,14.0,0,3.0
8188,0.0,0,0.0
8189,18.0,0,2.0
8190,0.0,0,2.0
8191,23.0,0,0.0
8192,0.0,0,0.0
8193,31.0,1,2.0
8194,30.0,0,1.0
8195,29.0,0,0.0
8196,30.0,1,-1.0
8197,0.0,0,2.0
8198,0.0,0,1.0
8199,0.0,0,0.0
8200,8.0,0,1.0
8201,0.0,0,3.0
8202,31.0,0,0.0
8203,12.0,0,2.0
8204,17.0,0,3.0
8205,26.0,0,0.0
8206,1.0,1,1.0
8207,0.0,0,2.0
8208,28.0,1,3.0
8209,27.0,0,1.0
8210,31.0,0,-0.0
8211,31.0,1,0.0
8212,29.0,0,1.0
8213,13.0,0,-1.0
8214,0.0,0,0.0
8215,0.0,0,0.0
8216,0.0,0,0.0
8217,31.0,0,0.0
8218,31.0,0,0.0
8219,0.0,0,1.0
8220,27.0,0,2.0
8221,6.0,1,1.0
8222,22.0,1,2.0
8223,13.0,0,-1.0
8224,18.0,0,1.0
8225,21.0,0,1.0
8226,0.0,0,1.0
8227,24.0,0,1.0
8228,30.0,0,1.0
8229,27.0,1,-0.0
8230,0.0,0,1.0
8231,13.0,0,2.0
8232,0.0,0,0.0
8233,14.0,0,4.0
8234,13.0,0,5.0
8235,0.0,0,1.0
8236,0.0,0,1.0
8237,17.0,0,-1.0
8238,22.0,1,3.0
8239,23.0,0,4.0
8240,31.0,0,-0.0
8241,0.0,0,1.0
8242,24.0,1,1.0
8243,0.0,0,0.0
8244,3.0,0,-1.0
8245,31.0,0,0.0
8246,25.0,0,-0.0
8247,0.0,0,0.0
8248,3.0,0,2.0
8249,23.0,0,2.0
8250,29.0,0,-0.0
8251,5.0,1,0.0
8252,28.0,0,0.0
8253,14.0,0,2.0
8254,0.0,0,1.0
8255,7.0,1,0.0
8256,24.0,0,1.0
8257,19.0,1,2.0
8258,0.0,1,0.0
8259,26.0,1,3.0
8260,2.0,1,2.0
8261,0.0,0,2.0
8262,0.0,0,0.0
8263,0.0,0,1.0
8264,6.0,0,3.0
8265,27.0,0,1.0
8266,0.0,0,2.0
8267,21.0,1,1.0
8268,0.0,0,2.0
8269,0.0,0,0.0
8270,22.0,0,1.0
8271,2.0,1,2.0
8272,6.0,1,6.0
8273,0.0,0,1.0
8274,18.0,0,3.0
8275,31.0,0,0.0
8276,28.0,0,1.0
8277,0.0,0,0.0
8278,0.0,0,1.0
8279,7.0,0,1.0
8280,10.0,0,3.0
8281,0.0,0,2.0
8282,18.0,1,-0.0
8283,4.0,1,4.0
8284,26.0,0,1.0
8285,17.0,0,3.0
8286,5.0,1,0.0
8287,0.0,0,0.0
8288,12.0,0,0.0
8289,0.0,1,0.0
8290,0.0,0,1.0
8291,31.0,0,0.0
8292,29.0,0,0.0
8293,31.0,0,0.0
8294,21.0,0,1.0
8295,12.0,1,-0.0
8296,3.0,0,2.0
8297,14.0,0,2.0
8298,5.0,0,1.0
8299,24.0,1,1.0
8300,12.0,1,-1.0
8301,16.0,0,1.0
8302,2.0,1,2.0
8303,17.0,0,-3.0
8304,0.0,0,0.0
8305,7.0,0,3.0
8306,26.0,0,1.0
8307,30.0,1,1.0
8308,3.0,0,-1.0
8309,29.0,1,-2.0
8310,0.0,0,3.0
8311,6.0,0,2.0
8312,31.0,0,0.0
8313,2.0,1,2.0
8314,12.0,0,3.0
8315,23.0,0,3.0
8316,3.0,0,1.0
8317,14.0,0,2.0
8318,30.0,0,1.0
8319,0.0,0,0.0
8320,0.0,0,0.0
8321,9.0,0,-2.0
8322,20.0,0,1.0
8323,2.0,0,-1.0
8324,19.0,0,3.0
8325,26.0,0,1.0
8326,0.0,0,0.0
8327,31.0,0,-2.0
8328,24.0,0,2.0
8329,0.0,0,0.0
8330,7.0,0,1.0
8331,4.0,1,0.0
8332,0.0,0,1.0
8333,4.0,1,4.0
8334,0.0,0,0.0
8335,0.0,0,4.0
8336,0.0,0,0.0
8337,0.0,0,0.0
8338,0.0,0,2.0
8339,18.0,0,3.0
8340,31.0,0,0.0
8341,15.0,0,-0.0
8342,15.0,0,2.0
8343,0.0,0,0.0
8344,31.0,0,0.0
8345,30.0,0,1.0
8346,2.0,0,-1.0
8347,25.0,1,4.0
8348,31.0,0,0.0
8349,25.0,1,4.0
8350,10.0,0,4.0
8351,4.0,0,2.0
8352,0.0,0,4.0
8353,23.0,0,4.0
8354,8.0,1,3.0
8355,0.0,0,0.0
8356,0.0,0,3.0
8357,2.0,1,2.0
8358,8.0,0,2.0
8359,0.0,0,0.0
8360,0.0,0,4.0
8361,30.0,0,1.0
8362,0.0,0,6.0
8363,17.0,0,0.0
8364,17.0,1,5.0
8365,0.0,0,0.0
8366,16.0,0,3.0
8367,21.0,0,3.0
8368,30.0,0,1.0
8369,10.0,0,-1.0
8370,13.0,0,7.0
8371,31.0,0,0.0
8372,8.0,0,0.0
8373,30.0,0,1.0
8374,4.0,0,-1.0
8375,31.0,0,-3.0
8376,12.0,1,-1.0
8377,31.0,1,2.0
8378,17.0,0,1.0
8379,20.0,0,1.0
8380,29.0,1,3.0
8381,0.0,0,0.0
8382,1.0,1,1.0
8383,29.0,0,2.0
8384,26.0,0,3.0
8385,22.0,0,1.0
8386,0.0,0,0.0
8387,4.0,0,3.0
8388,30.0,0,1.0
8389,18.0,1,2.0
8390,0.0,0,2.0
8391,0.0,0,1.0
8392,0.0,0,0.0
8393,2.0,0,-1.0
8394,29.0,0,2.0
8395,0.0,0,0.0
8396,28.0,0,-1.0
8397,12.0,0,3.0
8398,9.0,0,3.0
8399,4.0,0,1.0
8400,27.0,1,0.0
8401,28.0,0,-0.0
8402,0.0,0,2.0
8403,27.0,0,1.0
8404,0.0,0,0.0
8405,25.0,0,3.0
8406,27.0,1,2.0
8407,26.0,1,0.0
8408,17.0,0,3.0
8409,0.0,0,0.0
8410,0.0,0,0.0
8411,8.0,0,0.0
8412,25.0,0,1.0
8413,0.0,0,1.0
8414,28.0,0,-0.0
8415,23.0,0,5.0
8416,20.0,0,2.0
8417,25.0,0,2.0
8418,14.0,0,2.0
8419,0.0,0,3.0
8420,0.0,0,1.0
8421,0.0,0,0.0
8422,31.0,1,0.0
8423,2.0,1,2.0
8424,19.0,0,-0.0
8425,26.0,0,-3.0
8426,22.0,1,-1.0
8427,1.0,1,1.0
8428,27.0,0,-1.0
8429,4.0,1,3.0
8430,24.0,0,1.0
8431,4.0,0,1.0
8432,31.0,1,0.0
8433,17.0,0,2.0
8434,26.0,0,1.0
8435,3.0,0,-1.0
8436,0.0,0,2.0
8437,5.0,0,2.0
8438,12.0,0,1.0
8439,20.0,0,0.0
8440,26.0,0,1.0
8441,0.0,0,2.0
8442,0.0,0,1.0
8443,0.0,0,0.0
8444,22.0,0,0.0
8445,28.0,0,-1.0
8446,28.0,0,3.0
8447,0.0,0,3.0
8448,22.0,0,1.0
8449,18.0,0,4.0
8450,28.0,1,-2.0
8451,19.0,0,2.0
8452,6.0,1,4.0
8453,0.0,0,1.0
8454,14.0,1,0.0
8455,12.0,0,-0.0
8456,31.0,1,0.0
8457,3.0,0,-2.0
8458,21.0,0,2.0
8459,22.0,1,0.0
8460,21.0,0,-1.0
8461,23.0,1,-0.0
8462,31.0,1,0.0
8463,15.0,0,0.0
8464,26.0,0,-0.0
8465,11.0,0,-1.0
8466,0.0,0,1.0
8467,0.0,1,0.0
8468,13.0,0,1.0
8469,14.0,0,1.0
8470,17.0,0,2.0
8471,15.0,0,2.0
8472,28.0,0,3.0
8473,31.0,0,-0.0
8474,31.0,0,0.0
8475,0.0,0,3.0
8476,16.0,0,1.0
8477,23.0,1,2.0
8478,1.0,1,1.0
8479,30.0,0,1.0
8480,2.0,0,-0.0
8481,29.0,0,2.0
8482,24.0,0,0.0
8483,1.0,1,1.0
8484,31.0,0,0.0
8485,13.0,1,-0.0
8486,31.0,1,0.0
8487,0.0,0,0.0
8488,31.0,0,0.0
8489,27.0,0,1.0
8490,31.0,0,0.0
8491,31.0,0,0.0
8492,0.0,0,1.0
8493,3.0,1,3.0
8494,2.0,0,1.0
8495,30.0,0,1.0
8496,31.0,1,0.0
8497,27.0,1,-2.0
8498,0.0,0,0.0
8499,8.0,0,3.0
8500,20.0,1,1.0
8501,0.0,0,0.0
8502,21.0,0,-1.0
8503,18.0,0,-1.0
8504,31.0,1,0.0
8505,26.0,0,-0.0
8506,18.0,1,0.0
8507,0.0,0,0.0
8508,11.0,1,3.0
8509,0.0,0,1.0
8510,0.0,1,0.0
8511,0.0,0,1.0
8512,26.0,0,2.0
8513,10.0,0,-2.0
8514,0.0,0,1.0
8515,27.0,1,1.0
8516,15.0,0,-1.0
8517,0.0,0,0.0
8518,19.0,1,0.0
8519,0.0,0,1.0
8520,0.0,0,1.0
8521,28.0,1,1.0
8522,0.0,0,3.0
8523,31.0,1,2.0
8524,0.0,0,0.0
8525,22.0,0,3.0
8526,15.0,0,5.0
8527,30.0,0,-1.0
8528,0.0,0,0.0
8529,16.0,0,1.0
8530,0.0,0,0.0
8531,0.0,0,0.0
8532,5.0,0,-0.0
8533,31.0,1,0.0
8534,30.0,0,-2.0
8535,0.0,0,0.0
8536,31.0,1,3.0
8537,0.0,0,1.0
8538,30.0,1,1.0
8539,0.0,0,3.0
8540,0.0,0,5.0
8541,31.0,0,0.0
8542,14.0,0,2.0
8543,19.0,0,1.0
8544,4.0,1,4.0
8545,15.0,0,4.0
8546,0.0,0,3.0
8547,28.0,0,1.0
8548,26.0,1,2.0
8549,0.0,0,2.0
8550,8.0,0,-2.0
8551,31.0,0,0.0
8552,18.0,1,-2.0
8553,24.0,1,0.0
8554,16.0,0,2.0
8555,10.0,1,0.0
8556,0.0,0,1.0
8557,0.0,0,2.0
8558,0.0,0,0.0
8559,9.0,1,-0.0
8560,24.0,1,-2.0
8561,8.0,0,5.0
8562,23.0,0,2.0
8563,15.0,1,7.0
8564,28.0,0,-1.0
8565,2.0,1,2.0
8566,0.0,0,3.0
8567,14.0,0,3.0
8568,12.0,0,3.0
8569,0.0,0,1.0
8570,0.0,0,0.0
8571,29.0,0,2.0
8572,2.0,1,2.0
8573,31.0,1,0.0
8574,30.0,0,1.0
8575,0.0,0,2.0
8576,0.0,0,1.0
8577,1.0,0,1.0
8578,0.0,0,0.0
8579,1.0,1,1.0
8580,12.0,0,2.0
8581,0.0,0,0.0
8582,27.0,1,6.0
8583,16.0,0,1.0
8584,30.0,0,-0.0
8585,8.0,0,0.0
8586,0.0,0,0.0
8587,0.0,0,0.0
8588,19.0,1,2.0
8589,31.0,0,0.0
8590,23.0,1,1.0
8591,0.0,1,0.0
8592,23.0,0,2.0
8593,0.0,0,4.0
8594,31.0,0,0.0
8595,0.0,0,0.0
8596,23.0,0,1.0
8597,0.0,0,0.0
8598,0.0,0,1.0
8599,0.0,1,0.0
8600,20.0,1,1.0
8601,25.0,0,2.0
8602,0.0,0,0.0
8603,0.0,0,5.0
8604,11.0,1,1.0
8605,0.0,1,0.0
8606,28.0,0,3.0
8607,29.0,1,1.0
8608,0.0,0,5.0
8609,0.0,0,1.0
8610,12.0,0,1.0
8611,7.0,0,3.0
8612,0.0,0,1.0
8613,29.0,0,2.0
8614,0.0,0,5.0
8615,11.0,0,-1.0
8616,17.0,1,2.0
8617,0.0,0,0.0
8618,10.0,0,-0.0
8619,29.0,0,2.0
8620,25.0,0,2.0
8621,29.0,0,-0.0
8622,0.0,1,0.0
8623,16.0,1,3.0
8624,30.0,0,1.0
8625,0.0,0,1.0
8626,0.0,0,0.0
8627,21.0,0,4.0
8628,31.0,1,0.0
8629,17.0,0,-1.0
8630,0.0,0,0.0
8631,13.0,0,0.0
8632,17.0,0,-1.0
8633,0.0,0,2.0
8634,4.0,0,1.0
8635,10.0,0,-0.0
8636,27.0,0,-2.0
8637,27.0,0,-1.0
8638,29.0,1,2.0
8639,0.0,0,0.0
8640,30.0,0,0.0
8641,0.0,0,0.0
8642,0.0,0,0.0
8643,0.0,0,0.0
8644,7.0,0,0.0
8645,15.0,0,5.0
8646,0.0,0,3.0
8647,11.0,0,4.0
8648,31.0,1,0.0
8649,24.0,1,2.0
8650,0.0,0,6.0
8651,20.0,0,2.0
8652,0.0,0,0.0
8653,4.0,0,2.0
8654,29.0,0,0.0
8655,4.0,0,-1.0
8656,27.0,1,-0.0
8657,0.0,0,2.0
8658,0.0,0,1.0
8659,2.0,1,2.0
8660,15.0,0,0.0
8661,19.0,1,1.0
8662,9.0,0,3.0
8663,3.0,1,2.0
8664,0.0,0,2.0
8665,28.0,0,1.0
8666,17.0,0,-0.0
8667,28.0,1,0.0
8668,22.0,0,4.0
8669,9.0,0,2.0
8670,23.0,0,4.0
8671,11.0,0,1.0
8672,19.0,0,-1.0
8673,0.0,0,0.0
8674,21.0,1,4.0
8675,0.0,0,1.0
8676,14.0,0,-1.0
8677,0.0,0,0.0
8678,1.0,1,1.0
8679,31.0,0,-1.0
8680,31.0,1,1.0
8681,11.0,0,2.0
8682,0.0,1,0.0
8683,6.0,0,2.0
8684,13.0,0,2.0
8685,12.0,0,1.0
8686,30.0,0,1.0
8687,30.0,0,-1.0
8688,0.0,1,0.0
8689,10.0,1,-1.0
8690,0.0,0,3.0
8691,31.0,1,1.0
8692,0.0,0,3.0
8693,14.0,1,3.0
8694,25.0,0,-1.0
8695,13.0,0,4.0
8696,0.0,0,1.0
8697,14.0,0,-0.0
8698,31.0,0,0.0
8699,3.0,1,3.0
8700,6.0,0,3.0
8701,29.0,0,-1.0
8702,25.0,0,0.0
8703,13.0,0,-0.0
8704,17.0,0,1.0
8705,18.0,1,3.0
8706,31.0,0,0.0
8707,0.0,0,1.0
8708,30.0,1,1.0
8709,22.0,0,4.0
8710,22.0,0,1.0
8711,31.0,0,0.0
8712,22.0,0,0.0
8713,20.0,0,1.0
8714,0.0,0,2.0
8715,0.0,0,2.0
8716,0.0,0,2.0
8717,0.0,0,1.0
8718,20.0,0,1.0
8719,29.0,0,1.0
8720,10.0,0,1.0
8721,21.0,1,0.0
8722,23.0,0,1.0
8723,15.0,0,2.0
8724,31.0,1,1.0
8725,16.0,1,3.0
8726,16.0,0,-0.0
8727,0.0,0,0.0
8728,17.0,1,-2.0
8729,28.0,0,3.0
8730,24.0,0,3.0
8731,31.0,1,0.0
8732,0.0,0,0.0
8733,0.0,0,1.0
8734,18.0,1,1.0
8735,0.0,0,1.0
8736,27.0,1,4.0
8737,2.0,1,2.0
8738,31.0,0,0.0
8739,9.0,0,1.0
8740,0.0,0,2.0
8741,0.0,0,2.0
8742,20.0,0,-1.0
8743,31.0,0,-0.0
8744,16.0,1,1.0
8745,15.0,0,4.0
8746,11.0,1,3.0
8747,27.0,0,1.0
8748,31.0,0,0.0
8749,19.0,0,3.0
8750,24.0,0,4.0
8751,11.0,0,2.0
8752,25.0,0,3.0
8753,28.0,0,0.0
8754,0.0,0,1.0
8755,30.0,0,1.0
8756,6.0,0,-1.0
8757,31.0,0,-1.0
8758,0.0,0,1.0
8759,7.0,0,1.0
8760,9.0,0,-0.0
8761,31.0,0,0.0
8762,31.0,1,3.0
8763,5.0,0,3.0
8764,24.0,0,3.0
8765,31.0,0,0.0
8766,27.0,0,0.0
8767,10.0,0,1.0
8768,0.0,0,5.0
8769,31.0,0,0.0
8770,21.0,0,-0.0
8771,20.0,0,2.0
8772,31.0,0,-1.0
8773,6.0,0,2.0
8774,17.0,0,1.0
8775,31.0,0,0.0
8776,10.0,0,-1.0
8777,16.0,0,3.0
8778,0.0,0,3.0
8779,29.0,0,-1.0
8780,31.0,0,0.0
8781,23.0,0,3.0
8782,5.0,0,2.0
8783,29.0,0,2.0
8784,29.0,0,2.0
8785,1.0,1,1.0
8786,31.0,1,0.0
8787,0.0,0,2.0
8788,14.0,0,-1.0
8789,28.0,0,0.0
8790,0.0,0,0.0
8791,27.0,0,2.0
8792,31.0,0,0.0
8793,0.0,0,1.0
8794,7.0,0,1.0
8795,13.0,1,-1.0
8796,0.0,0,0.0
8797,0.0,0,0.0
8798,10.0,0,-0.0
8799,27.0,0,1.0
8800,29.0,0,2.0
8801,0.0,0,1.0
8802,31.0,0,0.0
8803,31.0,1,0.0
8804,31.0,0,-0.0
8805,26.0,0,0.0
8806,29.0,1,-1.0
8807,31.0,0,0.0
8808,19.0,0,1.0
8809,19.0,0,-2.0
8810,0.0,0,1.0
8811,24.0,0,4.0
8812,2.0,1,2.0
8813,20.0,1,-0.0
8814,1.0,1,1.0
8815,15.0,0,1.0
8816,31.0,0,0.0
8817,0.0,0,1.0
8818,6.0,0,-2.0
8819,31.0,0,0.0
8820,0.0,0,0.0
8821,20.0,1,2.0
8822,6.0,0,1.0
8823,23.0,1,3.0
8824,0.0,0,1.0
8825,0.0,0,1.0
8826,0.0,1,0.0
8827,23.0,0,-1.0
8828,27.0,0,-0.0
8829,29.0,0,2.0
8830,28.0,1,2.0
8831,26.0,0,-1.0
8832,30.0,0,1.0
8833,29.0,1,-2.0
8834,13.0,1,2.0
8835,31.0,0,0.0
8836,0.0,0,1.0
8837,27.0,0,3.0
8838,0.0,0,0.0
8839,23.0,1,2.0
8840,22.0,0,2.0
8841,0.0,0,0.0
8842,0.0,0,2.0
8843,31.0,0,-2.0
8844,31.0,1,1.0
8845,15.0,0,-1.0
8846,12.0,0,-1.0
8847,0.0,0,0.0
8848,0.0,0,1.0
8849,29.0,0,-2.0
8850,0.0,0,2.0
8851,9.0,0,5.0
8852,21.0,1,-0.0
8853,0.0,0,0.0
8854,31.0,0,0.0
8855,27.0,1,0.0
8856,27.0,0,3.0
8857,4.0,0,-1.0
8858,30.0,0,1.0
8859,3.0,0,2.0
8860,0.0,0,2.0
8861,0.0,0,0.0
8862,0.0,0,0.0
8863,0.0,0,1.0
8864,29.0,1,1.0
8865,4.0,0,4.0
8866,14.0,1,1.0
8867,0.0,0,0.0
8868,0.0,0,0.0
8869,0.0,0,1.0
8870,18.0,0,5.0
8871,5.0,0,1.0
8872,0.0,0,2.0
8873,0.0,0,4.0
8874,28.0,0,3.0
8875,28.0,0,1.0
8876,12.0,0,-0.0
8877,19.0,1,2.0
8878,0.0,0,0.0
8879,22.0,0,1.0
8880,29.0,0,2.0
8881,1.0,0,3.0
8882,24.0,1,2.0
8883,0.0,0,2.0
8884,26.0,0,2.0
8885,31.0,0,0.0
8886,0.0,0,0.0
8887,8.0,1,-1.0
8888,15.0,0,0.0
8889,29.0,1,-0.0
8890,30.0,1,0.0
8891,0.0,0,0.0
8892,25.0,0,3.0
8893,16.0,1,3.0
8894,30.0,1,1.0
8895,28.0,0,3.0
8896,0.0,0,0.0
8897,16.0,0,-1.0
8898,0.0,0,1.0
8899,0.0,0,6.0
8900,11.0,0,1.0
8901,22.0,0,3.0
8902,31.0,0,0.0
8903,0.0,0,0.0
8904,26.0,1,1.0
8905,30.0,0,1.0
8906,0.0,0,3.0
8907,28.0,0,-2.0
8908,0.0,0,2.0
8909,0.0,0,1.0
8910,12.0,0,-1.0
8911,0.0,0,0.0
8912,0.0,0,2.0
8913,24.0,0,4.0
8914,19.0,0,2.0
8915,0.0,1,0.0
8916,28.0,1,-0.0
8917,0.0,0,2.0
8918,12.0,0,1.0
8919,0.0,0,0.0
8920,0.0,0,1.0
8921,31.0,0,0.0
8922,16.0,0,2.0
8923,0.0,0,0.0
8924,24.0,0,1.0
8925,17.0,0,-2.0
8926,30.0,0,0.0
8927,0.0,0,0.0
8928,0.0,0,0.0
8929,0.0,0,0.0
8930,21.0,0,-1.0
8931,16.0,0,-1.0
8932,24.0,0,1.0
8933,0.0,0,4.0
8934,14.0,0,1.0
8935,30.0,0,-1.0
8936,0.0,1,0.0
8937,0.0,0,3.0
8938,0.0,0,2.0
8939,22.0,0,2.0
8940,31.0,1,0.0
8941,0.0,0,0.0
8942,19.0,0,2.0
8943,31.0,1,0.0
8944,9.0,0,-1.0
8945,0.0,0,3.0
8946,27.0,0,-2.0
8947,0.0,0,0.0
8948,0.0,0,1.0
8949,7.0,0,2.0
8950,0.0,0,1.0
8951,30.0,1,-0.0
8952,1.0,0,3.0
8953,0.0,0,0.0
8954,21.0,0,-1.0
8955,0.0,0,0.0
8956,0.0,0,2.0
8957,14.0,1,4.0
8958,0.0,0,3.0
8959,31.0,0,0.0
8960,31.0,0,0.0
8961,0.0,0,1.0
8962,26.0,0,2.0
8963,12.0,0,1.0
8964,0.0,0,0.0
8965,0.0,0,0.0
8966,26.0,1,2.0
8967,27.0,0,-1.0
8968,0.0,1,0.0
8969,21.0,0,-0.0
8970,21.0,0,2.0
8971,30.0,0,1.0
8972,15.0,1,2.0
8973,28.0,1,-0.0
8974,0.0,0,2.0
8975,18.0,0,2.0
8976,14.0,1,1.0
8977,28.0,0,2.0
8978,30.0,0,1.0
8979,19.0,0,1.0
8980,0.0,0,1.0
8981,17.0,0,0.0
8982,8.0,0,-1.0
8983,31.0,0,0.0
8984,29.0,0,1.0
8985,2.0,1,2.0
8986,0.0,0,0.0
8987,20.0,0,2.0
8988,7.0,0,4.0
8989,0.0,0,1.0
8990,9.0,0,2.0
8991,0.0,0,4.0
8992,0.0,0,2.0
8993,0.0,0,1.0
8994,31.0,0,0.0
8995,19.0,1,2.0
8996,0.0,0,3.0
8997,8.0,0,0.0
8998,24.0,0,-1.0
8999,11.0,1,3.0
9000,23.0,1,2.0
9001,31.0,0,0.0
9002,0.0,0,0.0
9003,3.0,0,2.0
9004,0.0,0,1.0
9005,2.0,0,1.0
9006,0.0,0,1.0
9007,31.0,0,-1.0
9008,0.0,0,0.0
9009,0.0,0,2.0
9010,0.0,0,0.0
9011,0.0,0,0.0
9012,6.0,0,-2.0
9013,0.0,0,0.0
9014,0.0,0,0.0
9015,0.0,0,1.0
9016,0.0,0,2.0
9017,7.0,0,3.0
9018,25.0,0,1.0
9019,11.0,0,1.0
9020,5.0,0,-0.0
9021,1.0,1,1.0
9022,0.0,0,2.0
9023,31.0,0,0.0
9024,0.0,0,0.0
9025,0.0,0,2.0
9026,0.0,0,0.0
9027,12.0,0,2.0
9028,31.0,0,-0.0
9029,19.0,0,1.0
9030,20.0,0,0.0
9031,28.0,0,-0.0
9032,17.0,0,2.0
9033,24.0,1,0.0
9034,31.0,0,0.0
9035,4.0,0,-1.0
9036,10.0,0,0.0
9037,13.0,0,3.0
9038,0.0,0,1.0
9039,0.0,0,0.0
9040,4.0,1,4.0
9041,21.0,0,1.0
9042,19.0,0,6.0
9043,2.0,1,1.0
9044,17.0,1,1.0
9045,28.0,0,2.0
9046,8.0,0,1.0
9047,27.0,0,2.0
9048,0.0,0,3.0
9049,0.0,0,3.0
9050,31.0,0,0.0
9051,29.0,0,2.0
9052,1.0,1,1.0
9053,16.0,0,1.0
9054,5.0,0,-1.0
9055,0.0,0,0.0
9056,31.0,1,0.0
9057,2.0,1,2.0
9058,0.0,0,0.0
9059,2.0,1,2.0
9060,18.0,0,1.0
9061,0.0,0,2.0
9062,0.0,0,0.0
9063,31.0,0,-2.0
9064,0.0,1,0.0
9065,1.0,1,1.0
9066,29.0,0,2.0
9067,0.0,0,4.0
9068,23.0,1,5.0
9069,1.0,0,1.0
9070,0.0,0,0.0
9071,0.0,0,0.0
9072,0.0,0,1.0
9073,0.0,0,0.0
9074,31.0,0,0.0
9075,0.0,0,1.0
9076,2.0,1,2.0
9077,0.0,0,5.0
9078,23.0,0,-0.0
9079,0.0,0,0.0
9080,18.0,0,0.0
9081,0.0,0,1.0
9082,0.0,0,4.0
9083,21.0,0,1.0
9084,16.0,0,1.0
9085,2.0,0,1.0
9086,0.0,0,1.0
9087,0.0,0,0.0
9088,30.0,0,-0.0
9089,28.0,0,3.0
9090,0.0,0,1.0
9091,21.0,1,1.0
9092,1.0,0,-1.0
9093,17.0,0,1.0
9094,0.0,0,0.0
9095,0.0,0,0.0
9096,0.0,0,0.0
9097,0.0,0,3.0
9098,12.0,0,0.0
9099,12.0,0,4.0
9100,0.0,0,1.0
9101,29.0,0,2.0
9102,1.0,0,-1.0
9103,23.0,0,2.0
9104,19.0,0,1.0
9105,0.0,0,1.0
9106,21.0,0,2.0
9107,30.0,0,1.0
9108,29.0,1,2.0
9109,14.0,0,2.0
9110,0.0,0,2.0
9111,0.0,0,0.0
9112,26.0,1,0.0
9113,0.0,0,2.0
9114,30.0,0,1.0
9115,0.0,0,2.0
9116,0.0,0,0.0
9117,0.0,0,5.0
9118,3.0,0,-0.0
9119,28.0,0,3.0
9120,2.0,1,2.0
9121,0.0,0,3.0
9122,8.0,0,-0.0
9123,28.0,0,2.0
9124,2.0,1,2.0
9125,14.0,0,8.0
9126,0.0,0,2.0
9127,12.0,0,1.0
9128,0.0,0,2.0
9129,2.0,1,2.0
9130,0.0,0,2.0
9131,2.0,1,2.0
9132,0.0,0,1.0
9133,0.0,0,0.0
9134,0.0,0,1.0
9135,0.0,1,0.0
9136,0.0,0,0.0
9137,8.0,0,2.0
9138,10.0,0,4.0
9139,2.0,0,2.0
9140,27.0,1,2.0
9141,27.0,0,2.0
9142,25.0,1,0.0
9143,0.0,0,3.0
9144,0.0,0,0.0
9145,8.0,1,-1.0
9146,0.0,0,3.0
9147,26.0,0,1.0
9148,0.0,0,2.0
9149,17.0,0,1.0
9150,0.0,0,1.0
9151,0.0,0,0.0
9152,0.0,0,0.0
9153,28.0,0,-0.0
9154,13.0,0,-0.0
9155,31.0,0,0.0
9156,6.0,0,-2.0
9157,30.0,0,-3.0
9158,3.0,1,3.0
9159,0.0,0,2.0
9160,16.0,0,-0.0
9161,29.0,0,2.0
9162,0.0,0,3.0
9163,1.0,0,2.0
9164,1.0,0,0.0
9165,0.0,1,0.0
9166,10.0,0,2.0
9167,0.0,0,1.0
9168,18.0,0,-2.0
9169,19.0,1,2.0
9170,10.0,0,4.0
9171,4.0,1,4.0
9172,0.0,0,3.0
9173,31.0,1,1.0
9174,0.0,0,2.0
9175,26.0,1,2.0
9176,17.0,0,3.0
9177,23.0,0,3.0
9178,0.0,0,1.0
9179,18.0,0,3.0
9180,11.0,0,2.0
9181,18.0,0,2.0
9182,0.0,0,3.0
9183,16.0,0,4.0
9184,0.0,0,0.0
9185,25.0,0,4.0
9186,26.0,0,2.0
9187,4.0,1,4.0
9188,0.0,0,0.0
9189,0.0,0,0.0
9190,28.0,0,3.0
9191,18.0,0,3.0
9192,4.0,1,4.0
9193,6.0,0,-2.0
9194,31.0,0,0.0
9195,2.0,0,4.0
9196,16.0,0,1.0
9197,0.0,1,0.0
9198,0.0,0,0.0
9199,3.0,0,2.0
9200,27.0,0,4.0
9201,31.0,0,0.0
9202,0.0,0,2.0
9203,0.0,0,1.0
9204,5.0,0,-1.0
9205,0.0,0,0.0
9206,13.0,1,-1.0
9207,0.0,0,0.0
9208,26.0,0,1.0
9209,23.0,0,3.0
9210,31.0,0,0.0
9211,0.0,0,1.0
9212,15.0,1,3.0
9213,0.0,0,2.0
9214,0.0,0,0.0
9215,0.0,0,2.0
9216,0.0,0,1.0
9217,27.0,0,1.0
9218,9.0,1,-2.0
9219,20.0,0,-2.0
9220,6.0,0,1.0
9221,0.0,0,0.0
9222,0.0,0,0.0
9223,25.0,0,-0.0
9224,23.0,0,1.0
9225,0.0,0,1.0
9226,11.0,0,1.0
9227,0.0,0,1.0
9228,16.0,0,0.0
9229,28.0,0,2.0
9230,30.0,0,1.0
9231,16.0,0,3.0
9232,22.0,1,7.0
9233,0.0,0,0.0
9234,25.0,0,3.0
9235,17.0,0,0.0
9236,18.0,0,3.0
9237,0.0,0,0.0
9238,13.0,1,2.0
9239,11.0,1,-0.0
9240,10.0,0,-0.0
9241,17.0,0,1.0
9242,28.0,0,1.0
9243,16.0,0,1.0
9244,0.0,0,1.0
9245,31.0,0,0.0
9246,17.0,0,-0.0
9247,8.0,0,-1.0
9248,2.0,0,0.0
9249,27.0,0,-1.0
9250,16.0,1,2.0
9251,31.0,1,0.0
9252,0.0,0,3.0
9253,0.0,0,1.0
9254,7.0,0,1.0
9255,31.0,0,-0.0
9256,29.0,0,2.0
9257,17.0,1,2.0
9258,31.0,0,0.0
9259,31.0,0,0.0
9260,23.0,1,1.0
9261,0.0,0,1.0
9262,14.0,0,1.0
9263,3.0,0,-1.0
9264,31.0,0,-1.0
9265,29.0,0,-1.0
9266,0.0,0,4.0
9267,0.0,0,1.0
9268,0.0,0,0.0
9269,0.0,0,1.0
9270,31.0,0,-0.0
9271,0.0,0,1.0
9272,12.0,0,3.0
9273,18.0,0,0.0
9274,0.0,0,0.0
9275,28.0,0,1.0
9276,25.0,0,-0.0
9277,19.0,0,-0.0
9278,31.0,0,0.0
9279,0.0,0,1.0
9280,18.0,0,5.0
9281,0.0,0,0.0
9282,30.0,0,1.0
9283,10.0,0,4.0
9284,0.0,0,2.0
9285,0.0,1,0.0
9286,0.0,0,0.0
9287,0.0,0,0.0
9288,31.0,0,-1.0
9289,22.0,1,2.0
9290,11.0,0,-2.0
9291,31.0,0,0.0
9292,31.0,0,0.0
9293,14.0,0,1.0
9294,30.0,0,-1.0
9295,30.0,0,-1.0
9296,31.0,0,0.0
9297,9.0,0,-0.0
9298,0.0,0,1.0
9299,29.0,0,2.0
9300,0.0,0,1.0
9301,24.0,0,-1.0
9302,0.0,0,1.0
9303,11.0,0,-0.0
9304,22.0,1,3.0
9305,26.0,0,1.0
9306,0.0,0,1.0
9307,2.0,1,2.0
9308,17.0,0,0.0
9309,19.0,0,1.0
9310,4.0,0,-0.0
9311,31.0,0,0.0
9312,31.0,0,-0.0
9313,14.0,0,4.0
9314,2.0,0,1.0
9315,28.0,0,3.0
9316,6.0,0,2.0
9317,0.0,0,0.0
9318,20.0,0,1.0
9319,0.0,0,2.0
9320,31.0,0,0.0
9321,17.0,1,2.0
9322,7.0,0,-1.0
9323,10.0,0,-0.0
9324,29.0,0,1.0
9325,0.0,0,0.0
9326,12.0,0,3.0
9327,25.0,0,2.0
9328,15.0,0,-1.0
9329,27.0,0,2.0
9330,19.0,0,1.0
9331,31.0,0,0.0
9332,0.0,0,1.0
9333,14.0,0,3.0
9334,29.0,0,2.0
9335,25.0,0,2.0
9336,0.0,0,0.0
9337,2.0,0,2.0
9338,0.0,0,2.0
9339,0.0,0,0.0
9340,4.0,0,-2.0
9341,25.0,0,4.0
9342,31.0,0,-2.0
9343,18.0,0,2.0
9344,14.0,0,1.0
9345,20.0,0,-1.0
9346,31.0,1,3.0
9347,30.0,1,4.0
9348,0.0,0,0.0
9349,31.0,1,0.0
9350,16.0,0,2.0
9351,25.0,0,2.0
9352,0.0,0,0.0
9353,10.0,1,-1.0
9354,27.0,0,1.0
9355,10.0,0,2.0
9356,20.0,0,0.0
9357,31.0,0,0.0
9358,0.0,0,0.0
9359,0.0,0,0.0
9360,0.0,0,0.0
9361,25.0,0,3.0
9362,30.0,0,1.0
9363,30.0,1,2.0
9364,28.0,0,3.0
9365,19.0,0,-0.0
9366,0.0,0,4.0
9367,31.0,0,0.0
9368,0.0,1,0.0
9369,26.0,0,1.0
9370,0.0,0,0.0
9371,24.0,0,2.0
9372,4.0,0,1.0
9373,0.0,0,0.0
9374,29.0,1,-0.0
9375,15.0,0,1.0
9376,8.0,1,4.0
9377,31.0,0,0.0
9378,8.0,1,-2.0
9379,18.0,0,3.0
9380,0.0,0,0.0
9381,28.0,0,2.0
9382,21.0,0,-0.0
9383,0.0,0,0.0
9384,22.0,0,2.0
9385,31.0,1,2.0
9386,6.0,1,0.0
9387,11.0,0,3.0
9388,6.0,0,2.0
9389,25.0,0,2.0
9390,31.0,0,0.0
9391,6.0,0,3.0
9392,18.0,0,2.0
9393,17.0,0,0.0
9394,1.0,1,1.0
9395,2.0,0,0.0
9396,29.0,0,1.0
9397,0.0,0,4.0
9398,0.0,0,0.0
9399,0.0,0,0.0
9400,21.0,1,1.0
9401,20.0,0,3.0
9402,0.0,0,1.0
9403,0.0,0,1.0
9404,31.0,0,0.0
9405,9.0,0,2.0
9406,0.0,0,0.0
9407,0.0,0,0.0
9408,31.0,0,0.0
9409,15.0,0,1.0
9410,0.0,0,3.0
9411,0.0,0,0.0
9412,21.0,0,-2.0
9413,19.0,1,3.0
9414,2.0,0,-0.0
9415,25.0,0,-1.0
9416,2.0,0,1.0
9417,14.0,0,3.0
9418,18.0,0,4.0
9419,18.0,1,1.0
9420,26.0,0,4.0
9421,4.0,0,0.0
9422,4.0,0,-0.0
9423,28.0,1,2.0
9424,7.0,0,-1.0
9425,0.0,0,1.0
9426,28.0,0,2.0
9427,31.0,0,0.0
9428,25.0,0,-0.0
9429,0.0,0,0.0
9430,10.0,0,-1.0
9431,23.0,0,-1.0
9432,0.0,0,1.0
9433,19.0,0,-3.0
9434,17.0,1,0.0
9435,21.0,0,3.0
9436,23.0,0,-0.0
9437,0.0,1,0.0
9438,1.0,1,1.0
9439,4.0,0,1.0
9440,23.0,0,2.0
9441,7.0,0,0.0
9442,19.0,0,1.0
9443,1.0,1,1.0
9444,30.0,0,1.0
9445,0.0,0,4.0
9446,29.0,0,2.0
9447,0.0,0,0.0
9448,0.0,0,0.0
9449,12.0,0,1.0
9450,0.0,0,1.0
9451,0.0,0,0.0
9452,9.0,1,1.0
9453,0.0,0,0.0
9454,13.0,0,1.0
9455,25.0,0,2.0
9456,29.0,0,-0.0
9457,0.0,1,0.0
9458,12.0,0,3.0
9459,25.0,0,2.0
9460,27.0,0,1.0
9461,29.0,0,1.0
9462,30.0,0,0.0
9463,17.0,0,-1.0
9464,31.0,1,0.0
9465,24.0,0,-3.0
9466,31.0,0,0.0
9467,12.0,0,3.0
9468,29.0,0,2.0
9469,31.0,0,-4.0
9470,20.0,0,-1.0
9471,0.0,0,2.0
9472,29.0,0,1.0
9473,21.0,0,3.0
9474,23.0,0,-2.0
9475,0.0,0,0.0
9476,31.0,0,0.0
9477,30.0,0,1.0
9478,9.0,0,-0.0
9479,21.0,0,1.0
9480,31.0,1,4.0
9481,31.0,0,0.0
9482,31.0,0,0.0
9483,31.0,0,0.0
9484,18.0,0,3.0
9485,8.0,0,-2.0
9486,0.0,0,2.0
9487,8.0,0,-1.0
9488,0.0,0,1.0
9489,2.0,0,-1.0
9490,17.0,0,1.0
9491,11.0,0,1.0
9492,0.0,0,0.0
9493,22.0,0,3.0
9494,23.0,0,2.0
9495,13.0,0,3.0
9496,0.0,0,0.0
9497,0.0,0,8.0
9498,6.0,0,1.0
9499,3.0,0,0.0
9500,28.0,1,2.0
9501,15.0,1,0.0
9502,27.0,0,1.0
9503,22.0,0,3.0
9504,0.0,0,0.0
9505,12.0,1,1.0
9506,28.0,1,1.0
9507,0.0,0,0.0
9508,2.0,1,2.0
9509,22.0,1,2.0
9510,9.0,0,1.0
9511,0.0,0,1.0
9512,0.0,0,0.0
9513,17.0,1,-0.0
9514,0.0,0,1.0
9515,30.0,0,-0.0
9516,0.0,0,1.0
9517,30.0,0,-0.0
9518,31.0,0,0.0
9519,17.0,0,2.0
9520,0.0,0,0.0
9521,0.0,0,2.0
9522,24.0,0,1.0
9523,0.0,0,0.0
9524,0.0,0,0.0
9525,0.0,1,0.0
9526,24.0,0,2.0
9527,4.0,0,-2.0
9528,28.0,0,3.0
9529,4.0,0,1.0
9530,1.0,1,-2.0
9531,0.0,0,0.0
9532,0.0,0,2.0
9533,0.0,0,1.0
9534,24.0,0,2.0
9535,0.0,0,0.0
9536,29.0,1,2.0
9537,16.0,0,5.0
9538,26.0,1,3.0
9539,22.0,0,2.0
9540,30.0,1,-1.0
9541,28.0,0,-3.0
9542,20.0,0,0.0
9543,29.0,0,1.0
9544,31.0,0,0.0
9545,22.0,0,1.0
9546,15.0,1,-0.0
9547,0.0,1,0.0
9548,30.0,0,-2.0
9549,26.0,0,-1.0
9550,13.0,0,2.0
9551,2.0,0,3.0
9552,10.0,0,-0.0
9553,21.0,0,-0.0
9554,0.0,0,1.0
9555,1.0,0,-1.0
9556,4.0,0,3.0
9557,21.0,0,-1.0
9558,0.0,0,0.0
9559,23.0,0,1.0
9560,0.0,0,6.0
9561,3.0,0,-0.0
9562,30.0,0,1.0
9563,25.0,0,1.0
9564,0.0,0,0.0
9565,0.0,0,2.0
9566,17.0,0,-0.0
9567,21.0,0,1.0
9568,0.0,0,0.0
9569,0.0,0,1.0
9570,26.0,0,2.0
9571,31.0,0,-0.0
9572,0.0,0,3.0
9573,14.0,0,2.0
9574,0.0,0,0.0
9575,0.0,0,0.0
9576,0.0,0,1.0
9577,4.0,0,3.0
9578,17.0,0,4.0
9579,31.0,0,0.0
9580,0.0,0,0.0
9581,31.0,0,-0.0
9582,2.0,1,-1.0
9583,13.0,0,1.0
9584,31.0,1,0.0
9585,31.0,1,0.0
9586,11.0,0,3.0
9587,31.0,1,0.0
9588,26.0,0,3.0
9589,31.0,0,0.0
9590,19.0,0,-2.0
9591,26.0,0,1.0
9592,28.0,0,-3.0
9593,31.0,1,1.0
9594,0.0,0,2.0
9595,19.0,0,2.0
9596,0.0,0,2.0
9597,31.0,0,0.0
9598,21.0,0,1.0
9599,8.0,1,-1.0
9600,27.0,0,1.0
9601,0.0,1,0.0
9602,10.0,0,3.0
9603,0.0,0,0.0
9604,0.0,0,3.0
9605,4.0,0,-1.0
9606,17.0,0,1.0
9607,29.0,1,0.0
9608,23.0,0,1.0
9609,21.0,1,1.0
9610,21.0,0,3.0
9611,0.0,1,0.0
9612,4.0,0,1.0
9613,25.0,0,1.0
9614,0.0,0,1.0
9615,0.0,0,2.0
9616,26.0,0,1.0
9617,0.0,0,0.0
9618,0.0,0,0.0
9619,31.0,0,0.0
9620,20.0,0,2.0
9621,16.0,1,3.0
9622,23.0,0,2.0
9623,0.0,0,0.0
9624,0.0,0,0.0
9625,17.0,0,1.0
9626,31.0,0,-0.0
9627,19.0,0,0.0
9628,16.0,0,-0.0
9629,31.0,0,0.0
9630,0.0,0,1.0
9631,10.0,1,2.0
9632,26.0,0,2.0
9633,17.0,0,-0.0
9634,27.0,0,-1.0
9635,0.0,0,1.0
9636,0.0,0,0.0
9637,8.0,0,-1.0
9638,0.0,0,2.0
9639,0.0,0,0.0
9640,26.0,0,2.0
9641,0.0,0,5.0
9642,28.0,0,1.0
9643,26.0,0,-2.0
9644,0.0,0,2.0
9645,6.0,0,3.0
9646,18.0,0,4.0
9647,2.0,0,1.0
9648,29.0,0,1.0
9649,15.0,0,4.0
9650,29.0,0,2.0
9651,0.0,0,0.0
9652,24.0,0,-0.0
9653,4.0,0,-1.0
9654,2.0,0,-1.0
9655,0.0,0,0.0
9656,29.0,0,-0.0
9657,27.0,0,-1.0
9658,0.0,1,0.0
9659,29.0,0,2.0
9660,27.0,0,-1.0
9661,29.0,0,-0.0
9662,0.0,0,1.0
9663,28.0,0,2.0
9664,4.0,0,1.0
9665,21.0,0,-1.0
9666,20.0,0,1.0
9667,30.0,0,1.0
9668,29.0,0,2.0
9669,0.0,0,1.0
9670,12.0,0,1.0
9671,3.0,1,3.0
9672,15.0,0,2.0
9673,17.0,0,-0.0
9674,5.0,1,5.0
9675,0.0,0,1.0
9676,1.0,1,1.0
9677,30.0,0,1.0
9678,25.0,0,-2.0
9679,0.0,0,2.0
9680,31.0,0,0.0
9681,0.0,0,0.0
9682,31.0,0,-0.0
9683,22.0,0,2.0
9684,18.0,0,3.0
9685,31.0,0,0.0
9686,25.0,0,2.0
9687,28.0,0,2.0
9688,0.0,0,1.0
9689,23.0,0,-2.0
9690,31.0,0,0.0
9691,0.0,0,3.0
9692,0.0,1,0.0
9693,29.0,0,2.0
9694,0.0,0,1.0
9695,0.0,0,0.0
9696,15.0,0,-0.0
9697,24.0,0,5.0
9698,25.0,0,-1.0
9699,31.0,0,0.0
9700,0.0,0,0.0
9701,0.0,0,3.0
9702,24.0,0,3.0
9703,0.0,0,0.0
9704,25.0,0,0.0
9705,0.0,0,3.0
9706,31.0,0,0.0
9707,31.0,0,0.0
9708,10.0,0,5.0
9709,0.0,0,0.0
9710,0.0,0,1.0
9711,31.0,0,0.0
9712,0.0,0,2.0
9713,31.0,0,0.0
9714,8.0,0,5.0
9715,31.0,0,-1.0
9716,26.0,0,-3.0
9717,3.0,0,0.0
9718,12.0,0,2.0
9719,3.0,0,2.0
9720,16.0,0,2.0
9721,0.0,0,3.0
9722,25.0,0,-1.0
9723,0.0,0,0.0
9724,0.0,0,2.0
9725,5.0,1,1.0
9726,14.0,1,-1.0
9727,1.0,1,1.0
9728,31.0,0,0.0
9729,26.0,0,-2.0
9730,0.0,0,0.0
9731,0.0,0,0.0
9732,28.0,0,1.0
9733,0.0,0,0.0
9734,26.0,0,-1.0
9735,31.0,1,0.0
9736,10.0,0,3.0
9737,19.0,0,-3.0
9738,31.0,0,0.0
9739,0.0,0,0.0
9740,18.0,0,-1.0
9741,0.0,0,0.0
9742,1.0,0,5.0
9743,21.0,0,-0.0
9744,19.0,0,-1.0
9745,4.0,0,0.0
9746,29.0,0,-1.0
9747,18.0,0,1.0
9748,2.0,1,2.0
9749,11.0,0,-2.0
9750,0.0,0,0.0
9751,23.0,0,3.0
9752,0.0,0,0.0
9753,0.0,0,0.0
9754,0.0,0,5.0
9755,0.0,0,2.0
9756,24.0,1,1.0
9757,23.0,0,1.0
9758,30.0,0,1.0
9759,31.0,0,-1.0
9760,26.0,0,-1.0
9761,21.0,0,-0.0
9762,15.0,0,1.0
9763,4.0,0,2.0
9764,25.0,0,1.0
9765,0.0,0,3.0
9766,31.0,1,2.0
9767,25.0,0,2.0
9768,0.0,0,0.0
9769,9.0,1,1.0
9770,30.0,0,1.0
9771,0.0,0,1.0
9772,0.0,0,0.0
9773,25.0,0,2.0
9774,0.0,0,0.0
9775,2.0,0,1.0
9776,28.0,0,2.0
9777,0.0,0,0.0
9778,28.0,0,3.0
9779,24.0,0,2.0
9780,25.0,0,-1.0
9781,31.0,1,0.0
9782,4.0,0,-0.0
9783,19.0,0,-2.0
9784,0.0,0,0.0
9785,28.0,0,1.0
9786,2.0,0,-2.0
9787,1.0,1,1.0
9788,0.0,1,0.0
9789,17.0,1,0.0
9790,0.0,0,0.0
9791,0.0,0,0.0
9792,19.0,0,3.0
9793,17.0,0,3.0
9794,1.0,1,1.0
9795,0.0,0,0.0
9796,0.0,0,1.0
9797,0.0,0,0.0
9798,18.0,0,-3.0
9799,1.0,1,1.0
9800,27.0,0,2.0
9801,26.0,0,3.0
9802,31.0,0,0.0
9803,29.0,0,-0.0
9804,30.0,0,1.0
9805,29.0,0,-1.0
9806,31.0,1,0.0
9807,0.0,0,1.0
9808,4.0,0,-0.0
9809,19.0,1,1.0
9810,25.0,1,4.0
9811,0.0,0,1.0
9812,23.0,0,-1.0
9813,18.0,0,2.0
9814,0.0,0,0.0
9815,18.0,0,-0.0
9816,2.0,1,2.0
9817,0.0,0,1.0
9818,0.0,0,3.0
9819,0.0,0,1.0
9820,23.0,0,2.0
9821,6.0,1,2.0
9822,25.0,0,3.0
9823,28.0,0,-0.0
9824,25.0,0,4.0
9825,18.0,0,2.0
9826,31.0,1,0.0
9827,0.0,0,2.0
9828,26.0,0,3.0
9829,0.0,0,3.0
9830,24.0,0,-2.0
9831,0.0,0,0.0
9832,5.0,0,1.0
9833,0.0,0,3.0
9834,19.0,0,5.0
9835,0.0,0,2.0
9836,0.0,0,2.0
9837,0.0,0,1.0
9838,0.0,0,0.0
9839,28.0,1,1.0
9840,16.0,0,-0.0
9841,0.0,0,5.0
9842,0.0,0,2.0
9843,0.0,0,0.0
9844,0.0,0,4.0
9845,0.0,0,2.0
9846,31.0,0,0.0
9847,30.0,1,-1.0
9848,2.0,0,2.0
9849,8.0,0,1.0
9850,1.0,0,2.0
9851,31.0,0,0.0
9852,28.0,0,2.0
9853,0.0,0,1.0
9854,22.0,0,0.0
9855,0.0,0,0.0
9856,0.0,0,0.0
9857,2.0,0,1.0
9858,15.0,0,2.0
9859,25.0,0,1.0
9860,8.0,0,-2.0
9861,0.0,0,3.0
9862,31.0,0,0.0
9863,28.0,0,1.0
9864,0.0,0,0.0
9865,0.0,0,0.0
9866,2.0,0,1.0
9867,25.0,0,1.0
9868,24.0,1,2.0
9869,30.0,0,0.0
9870,4.0,0,4.0
9871,28.0,0,0.0
9872,19.0,0,1.0
9873,0.0,0,1.0
9874,0.0,0,1.0
9875,29.0,0,2.0
9876,0.0,0,4.0
9877,0.0,0,0.0
9878,30.0,1,1.0
9879,7.0,0,1.0
9880,0.0,0,2.0
9881,18.0,0,-0.0
9882,0.0,1,0.0
9883,0.0,0,0.0
9884,25.0,1,-1.0
9885,29.0,0,-0.0
9886,1.0,1,1.0
9887,31.0,0,0.0
9888,29.0,0,1.0
9889,0.0,0,1.0
9890,0.0,0,1.0
9891,2.0,0,4.0
9892,25.0,0,-0.0
9893,19.0,0,4.0
9894,0.0,0,2.0
9895,0.0,0,4.0
9896,14.0,1,2.0
9897,0.0,0,3.0
9898,0.0,0,1.0
9899,26.0,0,-1.0
9900,6.0,0,-2.0
9901,23.0,1,1.0
9902,31.0,1,0.0
9903,26.0,0,-1.0
9904,14.0,0,1.0
9905,0.0,0,0.0
9906,0.0,1,0.0
9907,22.0,0,1.0
9908,0.0,0,1.0
9909,31.0,0,0.0
9910,27.0,0,1.0
9911,31.0,0,0.0
9912,7.0,0,0.0
9913,4.0,0,1.0
9914,30.0,1,1.0
9915,25.0,0,1.0
9916,3.0,0,1.0
9917,0.0,0,2.0
9918,23.0,0,1.0
9919,30.0,0,1.0
9920,31.0,0,0.0
9921,29.0,0,2.0
9922,20.0,0,1.0
9923,3.0,0,1.0
9924,26.0,0,4.0
9925,20.0,0,-0.0
9926,4.0,0,-2.0
9927,0.0,1,0.0
9928,30.0,1,4.0
9929,16.0,0,1.0
9930,28.0,0,3.0
9931,0.0,1,0.0
9932,19.0,0,-2.0
9933,9.0,0,-1.0
9934,31.0,1,8.0
9935,0.0,0,1.0
9936,30.0,0,1.0
9937,18.0,0,-0.0
9938,21.0,0,-0.0
9939,0.0,0,0.0
9940,17.0,0,1.0
9941,13.0,0,-1.0
9942,0.0,0,0.0
9943,11.0,0,1.0
9944,21.0,0,-0.0
9945,24.0,0,0.0
9946,0.0,0,0.0
9947,16.0,0,2.0
9948,0.0,0,3.0
9949,24.0,0,4.0
9950,0.0,0,2.0
9951,29.0,0,-1.0
9952,24.0,0,2.0
9953,28.0,0,2.0
9954,14.0,0,2.0
9955,2.0,0,2.0
9956,8.0,0,2.0
9957,0.0,0,1.0
9958,0.0,0,2.0
9959,0.0,0,0.0
9960,8.0,0,1.0
9961,18.0,1,1.0
9962,0.0,0,1.0
9963,22.0,0,1.0
9964,25.0,0,1.0
9965,29.0,1,-2.0
9966,19.0,1,2.0
9967,0.0,0,0.0
9968,31.0,0,0.0
9969,8.0,0,-0.0
9970,0.0,0,4.0
9971,16.0,0,1.0
9972,30.0,1,1.0
9973,15.0,0,1.0
9974,14.0,0,1.0
9975,4.0,1,1.0
9976,0.0,0,2.0
9977,0.0,0,0.0
9978,27.0,0,-3.0
9979,0.0,0,0.0
9980,31.0,0,-0.0
9981,14.0,0,0.0
9982,31.0,0,0.0
9983,27.0,0,4.0
9984,19.0,0,-2.0
9985,31.0,0,-1.0
9986,0.0,0,2.0
9987,24.0,0,3.0
9988,0.0,0,1.0
9989,0.0,0,2.0
9990,0.0,0,3.0
9991,9.0,0,1.0
9992,25.0,1,2.0
9993,28.0,0,3.0
9994,23.0,0,-1.0
9995,0.0,1,0.0
9996,1.0,0,-1.0
9997,31.0,0,0.0
9998,31.0,1,0.0
9999,0.0,0,1.0
10000,0.0,0,0.0
10001,0.0,0,2.0
10002,15.0,1,4.0
10003,19.0,1,1.0
10004,31.0,0,-2.0
10005,19.0,0,1.0
10006,0.0,0,1.0
10007,0.0,0,3.0
10008,9.0,0,-0.0
10009,14.0,0,-3.0
10010,15.0,0,0.0
10011,31.0,0,-3.0
10012,31.0,0,-1.0
10013,31.0,0,0.0
10014,7.0,0,-1.0
10015,15.0,0,2.0
10016,31.0,0,0.0
10017,22.0,1,4.0
10018,25.0,0,2.0
10019,4.0,0,1.0
10020,17.0,1,3.0
10021,22.0,1,-1.0
10022,15.0,1,1.0
10023,0.0,0,3.0
10024,0.0,0,0.0
10025,29.0,0,2.0
10026,26.0,0,4.0
10027,0.0,0,0.0
10028,21.0,0,1.0
10029,31.0,1,0.0
10030,0.0,0,0.0
10031,23.0,0,1.0
10032,27.0,0,3.0
10033,14.0,0,1.0
10034,20.0,0,1.0
10035,0.0,0,1.0
10036,24.0,0,-1.0
10037,22.0,0,-2.0
10038,28.0,0,1.0
10039,29.0,0,1.0
10040,29.0,0,-0.0
10041,25.0,0,1.0
10042,1.0,1,1.0
10043,0.0,0,0.0
10044,24.0,0,1.0
10045,0.0,0,1.0
10046,3.0,1,3.0
10047,5.0,0,-1.0
10048,14.0,0,2.0
10049,26.0,0,1.0
10050,8.0,1,1.0
10051,24.0,0,2.0
10052,31.0,0,0.0
10053,30.0,0,1.0
10054,25.0,0,1.0
10055,14.0,0,3.0
10056,0.0,1,0.0
10057,30.0,1,2.0
10058,0.0,0,0.0
10059,0.0,0,2.0
10060,0.0,0,0.0
10061,5.0,0,-0.0
10062,0.0,0,4.0
10063,0.0,0,1.0
10064,0.0,0,1.0
10065,8.0,0,2.0
10066,14.0,0,1.0
10067,24.0,0,1.0
10068,31.0,1,0.0
10069,29.0,0,1.0
10070,0.0,0,1.0
10071,31.0,0,-0.0
10072,0.0,0,2.0
10073,11.0,0,2.0
10074,0.0,0,0.0
10075,1.0,1,1.0
10076,19.0,0,-0.0
10077,11.0,0,1.0
10078,27.0,0,4.0
10079,21.0,0,2.0
10080,30.0,1,-0.0
10081,21.0,0,2.0
10082,29.0,0,2.0
10083,0.0,0,3.0
10084,0.0,0,0.0
10085,13.0,1,-1.0
10086,16.0,0,2.0
10087,0.0,0,3.0
10088,13.0,0,-3.0
10089,25.0,0,-0.0
10090,15.0,1,-1.0
10091,31.0,0,-1.0
10092,1.0,0,1.0
10093,22.0,0,-0.0
10094,31.0,0,0.0
10095,9.0,0,1.0
10096,14.0,0,-1.0
10097,15.0,0,2.0
10098,30.0,1,0.0
10099,1.0,0,1.0
10100,21.0,0,1.0
10101,28.0,0,3.0
10102,27.0,0,3.0
10103,0.0,0,0.0
10104,0.0,0,0.0
10105,29.0,0,-1.0
10106,0.0,1,0.0
10107,0.0,0,2.0
10108,0.0,0,0.0
10109,0.0,0,1.0
10110,27.0,0,0.0
10111,7.0,1,3.0
10112,0.0,0,1.0
10113,0.0,0,0.0
10114,0.0,0,3.0
10115,0.0,0,1.0
10116,0.0,0,4.0
10117,0.0,0,1.0
10118,23.0,0,2.0
10119,0.0,1,0.0
10120,0.0,0,3.0
10121,0.0,0,0.0
10122,20.0,1,-0.0
10123,25.0,0,2.0
10124,28.0,0,0.0
10125,0.0,0,3.0
10126,22.0,1,-0.0
10127,9.0,0,2.0
10128,0.0,0,0.0
10129,0.0,1,0.0
10130,0.0,0,4.0
10131,5.0,0,1.0
10132,0.0,0,0.0
10133,31.0,0,0.0
10134,20.0,0,-1.0
10135,23.0,1,3.0
10136,30.0,0,1.0
10137,0.0,0,0.0
10138,0.0,0,2.0
10139,31.0,0,-0.0
10140,10.0,0,1.0
10141,30.0,0,1.0
10142,0.0,0,5.0
10143,27.0,0,-0.0
10144,27.0,0,-3.0
10145,26.0,0,5.0
10146,31.0,0,0.0
10147,0.0,0,2.0
10148,0.0,0,4.0
10149,30.0,0,1.0
10150,0.0,1,-2.0
10151,21.0,0,2.0
10152,0.0,0,0.0
10153,23.0,0,-1.0
10154,0.0,0,0.0
10155,0.0,0,0.0
10156,24.0,0,2.0
10157,31.0,0,0.0
10158,0.0,1,-1.0
10159,10.0,1,2.0
10160,23.0,0,-0.0
10161,4.0,1,-1.0
10162,22.0,0,5.0
10163,5.0,0,2.0
10164,0.0,0,0.0
10165,12.0,0,1.0
10166,24.0,0,3.0
10167,0.0,0,0.0
10168,28.0,0,-1.0
10169,0.0,0,4.0
10170,0.0,0,3.0
10171,30.0,1,2.0
10172,17.0,0,2.0
10173,25.0,0,-1.0
10174,30.0,0,1.0
10175,26.0,0,1.0
10176,19.0,1,-1.0
10177,18.0,1,-0.0
10178,6.0,0,2.0
10179,1.0,1,1.0
10180,31.0,1,0.0
10181,0.0,0,1.0
10182,2.0,1,2.0
10183,0.0,0,3.0
10184,0.0,0,2.0
10185,0.0,0,0.0
10186,0.0,0,6.0
10187,0.0,0,0.0
10188,0.0,0,1.0
10189,1.0,0,-1.0
10190,30.0,0,0.0
10191,9.0,1,1.0
10192,0.0,0,0.0
10193,31.0,0,-2.0
10194,0.0,0,0.0
10195,31.0,0,0.0
10196,0.0,0,0.0
10197,0.0,1,0.0
10198,31.0,0,-3.0
10199,0.0,0,1.0
10200,0.0,0,1.0
10201,3.0,0,-0.0
10202,0.0,0,2.0
10203,11.0,0,2.0
10204,0.0,0,1.0
10205,30.0,0,1.0
10206,30.0,0,-1.0
10207,0.0,0,0.0
10208,22.0,0,-0.0
10209,1.0,1,1.0
10210,0.0,1,0.0
10211,21.0,0,1.0
10212,21.0,0,2.0
10213,13.0,1,2.0
10214,30.0,0,1.0
10215,0.0,0,0.0
10216,14.0,0,0.0
10217,1.0,1,1.0
10218,29.0,0,2.0
10219,29.0,0,2.0
10220,31.0,0,0.0
10221,0.0,1,0.0
10222,26.0,0,-0.0
10223,26.0,0,2.0
10224,13.0,0,2.0
10225,0.0,0,2.0
10226,0.0,0,2.0
10227,11.0,0,0.0
10228,27.0,0,3.0
10229,25.0,0,2.0
10230,0.0,0,0.0
10231,0.0,0,0.0
10232,19.0,0,2.0
10233,19.0,0,0.0
10234,0.0,0,3.0
10235,9.0,0,5.0
10236,0.0,0,3.0
10237,27.0,1,2.0
10238,23.0,1,2.0
10239,31.0,0,0.0
10240,28.0,0,3.0
10241,0.0,0,0.0
10242,1.0,1,1.0
10243,31.0,0,0.0
10244,18.0,0,1.0
10245,0.0,0,2.0
10246,12.0,0,-1.0
10247,0.0,0,2.0
10248,0.0,1,0.0
10249,15.0,0,1.0
10250,22.0,0,1.0
10251,0.0,0,4.0
10252,14.0,0,3.0
10253,0.0,0,0.0
10254,0.0,0,3.0
10255,17.0,0,1.0
10256,7.0,0,5.0
10257,0.0,0,0.0
10258,31.0,0,0.0
10259,0.0,0,2.0
10260,0.0,0,2.0
10261,25.0,0,0.0
10262,2.0,1,2.0
10263,13.0,0,-1.0
10264,0.0,0,0.0
10265,26.0,0,-1.0
10266,0.0,0,2.0
10267,28.0,0,-1.0
10268,20.0,0,-3.0
10269,31.0,0,0.0
10270,26.0,0,4.0
10271,0.0,0,6.0
10272,0.0,1,0.0
10273,14.0,0,1.0
10274,0.0,0,4.0
10275,20.0,0,1.0
10276,10.0,0,-2.0
10277,0.0,0,0.0
10278,17.0,1,1.0
10279,29.0,0,2.0
10280,0.0,0,6.0
10281,0.0,0,7.0
10282,24.0,1,-1.0
10283,3.0,1,3.0
10284,0.0,0,0.0
10285,0.0,0,0.0
10286,18.0,0,3.0
10287,14.0,0,5.0
10288,0.0,0,0.0
10289,21.0,0,2.0
10290,31.0,1,0.0
10291,0.0,0,1.0
10292,13.0,0,1.0
10293,30.0,0,-1.0
10294,4.0,0,-2.0
10295,28.0,0,3.0
10296,16.0,0,1.0
10297,31.0,1,0.0
10298,13.0,1,-2.0
10299,28.0,1,0.0
10300,1.0,0,-1.0
10301,11.0,0,-1.0
10302,2.0,0,0.0
10303,0.0,0,0.0
10304,31.0,0,-1.0
10305,15.0,0,2.0
10306,31.0,0,0.0
10307,22.0,0,0.0
10308,11.0,0,-0.0
10309,16.0,0,2.0
10310,0.0,0,0.0
10311,15.0,0,1.0
10312,6.0,0,0.0
10313,0.0,0,2.0
10314,0.0,0,2.0
10315,0.0,0,0.0
10316,11.0,0,3.0
10317,29.0,1,1.0
10318,10.0,0,4.0
10319,8.0,0,2.0
10320,8.0,0,1.0
10321,31.0,0,-1.0
10322,0.0,0,0.0
10323,27.0,0,2.0
10324,0.0,0,1.0
10325,29.0,0,-1.0
10326,0.0,0,2.0
10327,22.0,0,-0.0
10328,0.0,0,0.0
10329,0.0,0,2.0
10330,29.0,0,2.0
10331,0.0,0,2.0
10332,31.0,0,0.0
10333,31.0,0,0.0
10334,0.0,0,1.0
10335,0.0,0,0.0
10336,18.0,0,-1.0
10337,25.0,0,1.0
10338,31.0,0,0.0
10339,0.0,0,3.0
10340,28.0,0,0.0
10341,27.0,0,-3.0
10342,0.0,0,4.0
10343,29.0,0,2.0
10344,25.0,1,-2.0
10345,0.0,0,3.0
10346,16.0,0,3.0
10347,31.0,1,2.0
10348,0.0,0,2.0
10349,23.0,0,3.0
10350,0.0,0,2.0
10351,0.0,0,0.0
10352,23.0,0,3.0
10353,27.0,0,-0.0
10354,0.0,0,0.0
10355,7.0,0,4.0
10356,13.0,0,-1.0
10357,0.0,0,2.0
10358,0.0,0,0.0
10359,17.0,0,4.0
10360,31.0,0,-2.0
10361,0.0,0,0.0
10362,0.0,0,3.0
10363,0.0,0,1.0
10364,29.0,0,-1.0
10365,27.0,0,-0.0
10366,2.0,0,2.0
10367,0.0,1,0.0
10368,5.0,0,2.0
10369,0.0,0,1.0
10370,0.0,0,0.0
10371,31.0,1,0.0
10372,17.0,1,2.0
10373,24.0,0,1.0
10374,20.0,0,1.0
10375,0.0,0,1.0
10376,27.0,0,2.0
10377,31.0,1,0.0
10378,0.0,0,0.0
10379,28.0,0,3.0
10380,1.0,1,1.0
10381,0.0,0,0.0
10382,1.0,1,1.0
10383,28.0,0,3.0
10384,27.0,0,4.0
10385,31.0,0,0.0
10386,1.0,0,2.0
10387,27.0,1,4.0
10388,0.0,0,1.0
10389,0.0,0,0.0
10390,0.0,1,0.0
10391,0.0,0,0.0
10392,29.0,0,1.0
10393,30.0,0,1.0
10394,0.0,0,0.0
10395,20.0,1,3.0
10396,2.0,0,-1.0
10397,0.0,0,4.0
10398,5.0,0,1.0
10399,14.0,0,1.0
10400,18.0,0,1.0
10401,0.0,0,4.0
10402,24.0,0,2.0
10403,0.0,0,0.0
10404,30.0,1,0.0
10405,24.0,0,3.0
10406,0.0,0,0.0
10407,31.0,1,2.0
10408,7.0,0,1.0
10409,1.0,0,3.0
10410,29.0,1,3.0
10411,16.0,1,2.0
10412,29.0,0,2.0
10413,11.0,0,1.0
10414,16.0,1,0.0
10415,30.0,0,-2.0
10416,0.0,0,0.0
10417,0.0,0,0.0
10418,0.0,0,2.0
10419,0.0,0,2.0
10420,21.0,1,2.0
10421,0.0,0,0.0
10422,27.0,0,1.0
10423,24.0,1,-0.0
10424,0.0,0,1.0
10425,20.0,0,2.0
10426,0.0,0,0.0
10427,26.0,0,4.0
10428,1.0,1,1.0
10429,0.0,0,0.0
10430,0.0,1,0.0
10431,15.0,1,-2.0
10432,5.0,0,1.0
10433,31.0,0,0.0
10434,17.0,0,2.0
10435,11.0,1,-1.0
10436,29.0,0,2.0
10437,1.0,0,2.0
10438,21.0,0,2.0
10439,20.0,0,-2.0
10440,1.0,0,2.0
10441,31.0,1,1.0
10442,25.0,0,1.0
10443,0.0,0,1.0
10444,10.0,0,1.0
10445,30.0,0,1.0
10446,10.0,0,2.0
10447,31.0,0,-0.0
10448,0.0,0,1.0
10449,5.0,0,-0.0
10450,1.0,1,1.0
10451,0.0,0,0.0
10452,30.0,0,1.0
10453,0.0,0,0.0
10454,0.0,0,0.0
10455,0.0,0,2.0
10456,0.0,0,5.0
10457,31.0,1,1.0
10458,20.0,0,0.0
10459,0.0,0,2.0
10460,0.0,0,0.0
10461,3.0,1,3.0
10462,31.0,0,0.0
10463,8.0,0,-1.0
10464,0.0,0,0.0
10465,5.0,0,1.0
10466,0.0,0,1.0
10467,30.0,0,-0.0
10468,15.0,0,2.0
10469,19.0,0,0.0
10470,28.0,0,1.0
10471,6.0,0,2.0
10472,27.0,0,3.0
10473,11.0,0,0.0
10474,19.0,0,2.0
10475,14.0,0,-0.0
10476,12.0,0,-2.0
10477,20.0,0,0.0
10478,20.0,0,1.0
10479,31.0,0,0.0
10480,12.0,0,-1.0
10481,11.0,0,0.0
10482,0.0,0,1.0
10483,31.0,1,1.0
10484,0.0,0,0.0
10485,0.0,0,0.0
10486,0.0,0,1.0
10487,0.0,0,2.0
10488,31.0,0,0.0
10489,20.0,0,2.0
10490,28.0,0,1.0
10491,12.0,0,-2.0
10492,0.0,0,0.0
10493,31.0,1,2.0
10494,18.0,0,3.0
10495,0.0,0,2.0
10496,31.0,1,0.0
10497,3.0,1,3.0
10498,0.0,0,1.0
10499,31.0,0,0.0
10500,12.0,0,1.0
10501,31.0,0,0.0
10502,21.0,0,-1.0
10503,17.0,0,2.0
10504,14.0,0,5.0
10505,14.0,0,3.0
10506,31.0,0,0.0
10507,31.0,1,2.0
10508,24.0,0,4.0
10509,9.0,0,-0.0
10510,0.0,1,0.0
10511,0.0,0,0.0
10512,30.0,0,-0.0
10513,18.0,0,-1.0
10514,3.0,1,3.0
10515,0.0,0,4.0
10516,25.0,0,4.0
10517,20.0,0,2.0
10518,28.0,0,-0.0
10519,15.0,1,3.0
10520,7.0,0,-0.0
10521,0.0,0,0.0
10522,6.0,0,3.0
10523,27.0,0,0.0
10524,0.0,0,1.0
10525,1.0,1,1.0
10526,0.0,0,3.0
10527,0.0,0,2.0
10528,0.0,0,2.0
10529,29.0,0,2.0
10530,0.0,0,2.0
10531,9.0,0,2.0
10532,21.0,0,2.0
10533,30.0,1,3.0
10534,17.0,0,3.0
10535,0.0,0,2.0
10536,0.0,0,0.0
10537,31.0,1,0.0
10538,17.0,0,3.0
10539,27.0,0,1.0
10540,14.0,0,2.0
10541,18.0,0,7.0
10542,0.0,0,0.0
10543,7.0,0,1.0
10544,26.0,0,2.0
10545,13.0,0,1.0
10546,0.0,0,4.0
10547,0.0,0,0.0
10548,13.0,0,-1.0
10549,0.0,1,0.0
10550,23.0,1,-2.0
10551,11.0,0,0.0
10552,0.0,0,0.0
10553,15.0,1,2.0
10554,1.0,1,1.0
10555,0.0,0,0.0
10556,31.0,0,0.0
10557,0.0,0,2.0
10558,0.0,0,1.0
10559,6.0,0,1.0
10560,0.0,0,2.0
10561,30.0,1,-0.0
10562,27.0,0,-1.0
10563,27.0,0,3.0
10564,24.0,0,-1.0
10565,0.0,1,0.0
10566,31.0,0,0.0
10567,8.0,0,0.0
10568,0.0,0,0.0
10569,0.0,0,2.0
10570,0.0,0,2.0
10571,13.0,0,-0.0
10572,6.0,0,4.0
10573,30.0,0,1.0
10574,20.0,0,2.0
10575,3.0,0,1.0
10576,0.0,0,3.0
10577,31.0,0,0.0
10578,15.0,1,-1.0
10579,0.0,0,0.0
10580,27.0,1,-1.0
10581,0.0,1,0.0
10582,0.0,1,0.0
10583,0.0,0,2.0
10584,0.0,0,0.0
10585,29.0,0,-0.0
10586,7.0,0,3.0
10587,10.0,0,1.0
10588,2.0,1,2.0
10589,0.0,0,1.0
10590,0.0,0,0.0
10591,31.0,1,-0.0
10592,5.0,0,1.0
10593,13.0,1,0.0
10594,31.0,0,-0.0
10595,0.0,0,2.0
10596,24.0,0,2.0
10597,0.0,0,1.0
10598,31.0,0,-0.0
10599,29.0,0,2.0
10600,26.0,0,1.0
10601,0.0,0,4.0
10602,27.0,0,1.0
10603,27.0,0,-1.0
10604,0.0,0,1.0
10605,0.0,0,0.0
10606,9.0,0,2.0
10607,5.0,0,-4.0
10608,0.0,0,0.0
10609,13.0,0,3.0
10610,0.0,0,3.0
10611,0.0,0,0.0
10612,0.0,0,0.0
10613,26.0,1,3.0
10614,18.0,0,-0.0
10615,31.0,1,-0.0
10616,0.0,0,2.0
10617,27.0,0,1.0
10618,27.0,1,-0.0
10619,22.0,0,2.0
10620,8.0,0,1.0
10621,31.0,0,-1.0
10622,4.0,0,2.0
10623,31.0,0,0.0
10624,28.0,0,3.0
10625,0.0,0,0.0
10626,0.0,0,1.0
10627,13.0,0,-0.0
10628,13.0,0,1.0
10629,0.0,0,0.0
10630,24.0,0,-1.0
10631,0.0,0,2.0
10632,0.0,0,0.0
10633,31.0,1,0.0
10634,11.0,1,-1.0
10635,15.0,0,1.0
10636,0.0,0,2.0
10637,5.0,0,3.0
10638,0.0,0,0.0
10639,0.0,1,0.0
10640,0.0,0,3.0
10641,22.0,0,-0.0
10642,14.0,0,0.0
10643,17.0,0,2.0
10644,8.0,0,0.0
10645,0.0,0,4.0
10646,0.0,1,0.0
10647,0.0,0,0.0
10648,0.0,0,1.0
10649,0.0,0,0.0
10650,19.0,0,2.0
10651,31.0,0,-0.0
10652,31.0,1,0.0
10653,28.0,0,2.0
10654,23.0,0,2.0
10655,31.0,1,2.0
10656,19.0,1,5.0
10657,22.0,0,-1.0
10658,23.0,0,5.0
10659,26.0,0,-1.0
10660,31.0,0,0.0
10661,7.0,0,0.0
10662,20.0,0,-1.0
10663,0.0,0,2.0
10664,30.0,0,0.0
10665,19.0,0,0.0
10666,0.0,0,2.0
10667,0.0,0,2.0
10668,30.0,0,1.0
10669,2.0,0,3.0
10670,28.0,0,0.0
10671,25.0,0,2.0
10672,5.0,0,-2.0
10673,17.0,0,-0.0
10674,27.0,0,-0.0
10675,0.0,0,1.0
10676,0.0,0,2.0
10677,29.0,0,2.0
10678,24.0,1,2.0
10679,0.0,1,0.0
10680,15.0,0,-1.0
10681,0.0,0,1.0
10682,24.0,1,0.0
10683,13.0,0,1.0
10684,0.0,0,0.0
10685,0.0,0,0.0
10686,8.0,0,1.0
10687,24.0,0,3.0
10688,31.0,1,2.0
10689,0.0,0,0.0
10690,0.0,0,0.0
10691,0.0,0,3.0
10692,0.0,0,1.0
10693,0.0,0,0.0
10694,19.0,1,2.0
10695,0.0,0,2.0
10696,5.0,1,5.0
10697,20.0,0,4.0
10698,1.0,1,1.0
10699,15.0,0,-0.0
10700,0.0,0,1.0
10701,25.0,0,2.0
10702,29.0,0,0.0
10703,11.0,0,1.0
10704,18.0,0,-1.0
10705,0.0,0,0.0
10706,2.0,0,-2.0
10707,31.0,1,0.0
10708,22.0,0,0.0
10709,31.0,0,-0.0
10710,20.0,1,1.0
10711,0.0,0,2.0
10712,29.0,0,1.0
10713,0.0,0,0.0
10714,19.0,1,2.0
10715,26.0,0,-0.0
10716,30.0,0,-0.0
10717,2.0,1,2.0
10718,1.0,1,1.0
10719,4.0,1,4.0
10720,24.0,0,4.0
10721,0.0,1,0.0
10722,9.0,0,5.0
10723,25.0,0,3.0
10724,7.0,0,3.0
10725,31.0,0,0.0
10726,0.0,0,3.0
10727,0.0,0,1.0
10728,24.0,0,1.0
10729,2.0,1,2.0
10730,14.0,0,1.0
10731,28.0,0,-1.0
10732,31.0,0,0.0
10733,0.0,0,2.0
10734,5.0,0,4.0
10735,14.0,0,3.0
10736,31.0,0,0.0
10737,0.0,0,0.0
10738,0.0,0,1.0
10739,27.0,0,0.0
10740,0.0,0,0.0
10741,26.0,0,1.0
10742,0.0,0,1.0
10743,0.0,0,2.0
10744,0.0,0,2.0
10745,0.0,0,1.0
10746,23.0,0,4.0
10747,0.0,1,0.0
10748,29.0,0,1.0
10749,18.0,0,2.0
10750,30.0,0,-0.0
10751,0.0,0,0.0
10752,14.0,0,1.0
10753,13.0,1,-2.0
10754,0.0,0,1.0
10755,22.0,0,0.0
10756,30.0,0,1.0
10757,0.0,0,0.0
10758,4.0,0,0.0
10759,26.0,0,2.0
10760,31.0,0,0.0
10761,12.0,0,3.0
10762,18.0,0,3.0
10763,9.0,0,-0.0
10764,27.0,0,0.0
10765,11.0,0,-1.0
10766,0.0,0,0.0
10767,23.0,0,1.0
10768,31.0,0,-1.0
10769,31.0,0,0.0
10770,30.0,0,1.0
10771,28.0,0,2.0
10772,31.0,1,2.0
10773,31.0,0,0.0
10774,17.0,0,2.0
10775,0.0,0,0.0
10776,14.0,0,-1.0
10777,31.0,0,-1.0
10778,9.0,0,-0.0
10779,30.0,1,-1.0
10780,31.0,1,0.0
10781,0.0,0,1.0
10782,28.0,1,-1.0
10783,16.0,1,1.0
10784,0.0,0,3.0
10785,3.0,1,-0.0
10786,19.0,0,-1.0
10787,31.0,0,0.0
10788,17.0,0,3.0
10789,0.0,0,1.0
10790,0.0,0,2.0
10791,10.0,0,2.0
10792,30.0,0,1.0
10793,31.0,0,0.0
10794,2.0,1,2.0
10795,0.0,0,0.0
10796,31.0,0,0.0
10797,0.0,0,1.0
10798,26.0,0,2.0
10799,10.0,1,2.0
10800,0.0,0,1.0
10801,29.0,0,-3.0
10802,1.0,1,1.0
10803,31.0,1,1.0
10804,31.0,0,0.0
10805,0.0,1,0.0
10806,15.0,0,-1.0
10807,3.0,1,3.0
10808,2.0,0,3.0
10809,31.0,0,0.0
10810,0.0,0,1.0
10811,18.0,0,1.0
10812,0.0,0,3.0
10813,27.0,0,-1.0
10814,20.0,0,4.0
10815,0.0,1,0.0
10816,29.0,0,2.0
10817,0.0,0,2.0
10818,0.0,0,4.0
10819,15.0,1,1.0
10820,29.0,0,-0.0
10821,22.0,0,2.0
10822,5.0,0,-0.0
10823,4.0,0,0.0
10824,1.0,0,1.0
10825,16.0,0,-1.0
10826,0.0,0,0.0
10827,0.0,0,0.0
10828,11.0,0,-1.0
10829,0.0,0,1.0
10830,23.0,0,-0.0
10831,31.0,0,0.0
10832,15.0,0,-2.0
10833,8.0,0,-0.0
10834,23.0,0,2.0
10835,0.0,0,5.0
10836,0.0,0,0.0
10837,0.0,0,0.0
10838,16.0,1,4.0
10839,9.0,0,2.0
10840,0.0,0,2.0
10841,0.0,0,3.0
10842,22.0,0,1.0
10843,22.0,0,1.0
10844,26.0,0,0.0
10845,31.0,0,0.0
10846,0.0,0,1.0
10847,0.0,0,0.0
10848,29.0,1,2.0
10849,5.0,0,2.0
10850,31.0,0,0.0
10851,8.0,1,3.0
10852,6.0,0,3.0
10853,30.0,1,4.0
10854,0.0,0,4.0
10855,27.0,0,2.0
10856,13.0,0,2.0
10857,27.0,0,2.0
10858,31.0,0,0.0
10859,10.0,0,0.0
10860,26.0,0,1.0
10861,27.0,0,-1.0
10862,11.0,1,5.0
10863,3.0,1,3.0
10864,28.0,0,2.0
10865,15.0,0,1.0
10866,11.0,0,1.0
10867,2.0,1,2.0
10868,24.0,0,2.0
10869,29.0,0,1.0
10870,0.0,0,1.0
10871,17.0,0,3.0
10872,0.0,0,0.0
10873,28.0,1,0.0
10874,27.0,0,4.0
10875,0.0,0,0.0
10876,11.0,0,-1.0
10877,0.0,0,0.0
10878,1.0,1,1.0
10879,23.0,0,1.0
10880,4.0,1,4.0
10881,0.0,0,0.0
10882,0.0,0,2.0
10883,26.0,0,3.0
10884,29.0,0,1.0
10885,0.0,0,1.0
10886,15.0,0,2.0
10887,31.0,0,0.0
10888,31.0,1,0.0
10889,31.0,1,0.0
10890,13.0,0,1.0
10891,0.0,0,0.0
10892,0.0,0,0.0
10893,0.0,0,3.0
10894,31.0,0,0.0
10895,16.0,0,3.0
10896,11.0,0,4.0
10897,0.0,0,0.0
10898,17.0,0,2.0
10899,7.0,1,2.0
10900,0.0,1,0.0
10901,24.0,0,5.0
10902,14.0,0,-1.0
10903,10.0,0,-2.0
10904,31.0,0,0.0
10905,24.0,1,1.0
10906,3.0,1,3.0
10907,18.0,0,3.0
10908,26.0,0,3.0
10909,2.0,0,2.0
10910,30.0,0,1.0
10911,18.0,1,1.0
10912,16.0,0,3.0
10913,0.0,0,0.0
10914,23.0,0,2.0
10915,31.0,0,0.0
10916,0.0,0,3.0
10917,0.0,0,0.0
10918,10.0,0,6.0
10919,28.0,0,1.0
10920,26.0,0,1.0
10921,31.0,0,0.0
10922,21.0,0,3.0
10923,30.0,0,1.0
10924,0.0,0,1.0
10925,15.0,0,2.0
10926,31.0,1,0.0
10927,0.0,0,0.0
10928,31.0,0,0.0
10929,31.0,0,0.0
10930,30.0,0,1.0
10931,1.0,0,2.0
10932,0.0,0,1.0
10933,0.0,0,0.0
10934,26.0,0,2.0
10935,0.0,0,1.0
10936,0.0,0,0.0
10937,0.0,0,0.0
10938,3.0,0,2.0
10939,24.0,0,1.0
10940,0.0,0,2.0
10941,27.0,0,-0.0
10942,11.0,0,2.0
10943,0.0,0,1.0
10944,6.0,0,-0.0
10945,16.0,0,-0.0
10946,13.0,0,2.0
10947,16.0,0,0.0
10948,2.0,1,2.0
10949,12.0,0,-2.0
10950,17.0,0,-1.0
10951,0.0,0,0.0
10952,30.0,0,1.0
10953,29.0,0,2.0
10954,18.0,0,4.0
10955,31.0,0,0.0
10956,26.0,0,-2.0
10957,0.0,0,2.0
10958,7.0,0,1.0
10959,0.0,0,1.0
10960,26.0,0,2.0
10961,29.0,0,2.0
10962,26.0,1,-0.0
10963,9.0,1,-1.0
10964,26.0,1,0.0
10965,24.0,0,0.0
10966,23.0,1,1.0
10967,18.0,0,1.0
10968,30.0,0,1.0
10969,9.0,1,0.0
10970,29.0,0,2.0
10971,0.0,0,0.0
10972,0.0,0,0.0
10973,15.0,1,2.0
10974,0.0,0,0.0
10975,0.0,0,0.0
10976,0.0,0,0.0
10977,28.0,1,0.0
10978,27.0,1,2.0
10979,22.0,0,3.0
10980,0.0,0,2.0
10981,31.0,1,-0.0
10982,0.0,0,2.0
10983,0.0,0,0.0
10984,28.0,0,1.0
10985,23.0,0,3.0
10986,26.0,0,-0.0
10987,18.0,0,2.0
10988,20.0,0,1.0
10989,14.0,0,2.0
10990,18.0,0,-3.0
10991,31.0,0,0.0
10992,26.0,0,1.0
10993,2.0,0,-1.0
10994,14.0,1,-1.0
10995,0.0,0,0.0
10996,31.0,0,0.0
10997,0.0,0,1.0
10998,26.0,0,2.0
10999,19.0,1,1.0
11000,21.0,1,1.0
11001,6.0,0,1.0
11002,0.0,0,2.0
11003,31.0,0,-1.0
11004,0.0,0,2.0
11005,31.0,1,0.0
11006,30.0,0,-2.0
11007,0.0,0,4.0
11008,12.0,0,1.0
11009,26.0,0,2.0
11010,15.0,0,1.0
11011,24.0,1,3.0
11012,29.0,0,2.0
11013,15.0,0,3.0
11014,0.0,0,4.0
11015,5.0,0,3.0
11016,0.0,0,0.0
11017,0.0,0,1.0
11018,0.0,0,0.0
11019,18.0,1,-1.0
11020,0.0,0,1.0
11021,31.0,0,0.0
11022,0.0,0,0.0
11023,0.0,0,0.0
11024,0.0,0,1.0
11025,31.0,0,0.0
11026,0.0,0,0.0
11027,24.0,0,3.0
11028,0.0,1,0.0
11029,5.0,0,2.0
11030,2.0,0,1.0
11031,12.0,0,0.0
11032,15.0,0,1.0
11033,6.0,0,1.0
11034,31.0,0,-0.0
11035,26.0,0,2.0
11036,22.0,0,2.0
11037,29.0,0,2.0
11038,24.0,0,2.0
11039,0.0,0,1.0
11040,0.0,0,0.0
11041,0.0,0,0.0
11042,1.0,1,1.0
11043,17.0,0,2.0
11044,20.0,0,-0.0
11045,18.0,0,4.0
11046,29.0,0,-0.0
11047,2.0,0,2.0
11048,0.0,0,0.0
11049,29.0,0,2.0
11050,20.0,0,-0.0
11051,0.0,0,0.0
11052,24.0,0,0.0
11053,0.0,0,1.0
11054,0.0,0,0.0
11055,21.0,0,2.0
11056,12.0,0,-0.0
11057,0.0,0,0.0
11058,0.0,0,1.0
11059,31.0,0,0.0
11060,0.0,1,0.0
11061,31.0,1,2.0
11062,30.0,1,5.0
11063,22.0,0,0.0
11064,28.0,0,1.0
11065,22.0,0,3.0
11066,0.0,0,0.0
11067,3.0,0,4.0
11068,0.0,0,3.0
11069,31.0,0,0.0
11070,3.0,0,-2.0
11071,0.0,0,1.0
11072,5.0,0,1.0
11073,0.0,0,0.0
11074,4.0,0,4.0
11075,12.0,1,-2.0
11076,29.0,0,1.0
11077,1.0,1,1.0
11078,31.0,0,0.0
11079,0.0,0,4.0
11080,14.0,1,-1.0
11081,2.0,1,2.0
11082,0.0,0,3.0
11083,30.0,0,1.0
11084,0.0,0,3.0
11085,0.0,0,0.0
11086,0.0,0,4.0
11087,6.0,0,1.0
11088,0.0,0,2.0
11089,31.0,0,0.0
11090,31.0,0,0.0
11091,26.0,0,2.0
11092,25.0,0,-1.0
11093,0.0,0,0.0
11094,0.0,0,2.0
11095,21.0,0,1.0
11096,23.0,0,0.0
11097,31.0,1,0.0
11098,0.0,0,3.0
11099,0.0,0,1.0
11100,0.0,0,2.0
11101,4.0,0,0.0
11102,28.0,0,-2.0
11103,24.0,0,2.0
11104,0.0,0,3.0
11105,31.0,0,-1.0
11106,25.0,0,1.0
11107,0.0,0,2.0
11108,3.0,0,-1.0
11109,0.0,0,0.0
11110,0.0,0,1.0
11111,0.0,0,0.0
11112,0.0,0,0.0
11113,31.0,0,-1.0
11114,9.0,0,3.0
11115,0.0,0,0.0
11116,23.0,1,-0.0
11117,0.0,0,0.0
11118,31.0,0,0.0
11119,0.0,0,2.0
11120,31.0,0,0.0
11121,29.0,0,0.0
11122,20.0,0,2.0
11123,4.0,0,-1.0
11124,30.0,0,-2.0
11125,31.0,1,0.0
11126,29.0,0,2.0
11127,26.0,0,1.0
11128,17.0,0,1.0
11129,30.0,0,1.0
11130,1.0,1,1.0
11131,0.0,0,2.0
11132,6.0,1,6.0
11133,31.0,0,0.0
11134,20.0,1,-0.0
11135,0.0,0,1.0
11136,0.0,0,0.0
11137,1.0,0,-1.0
11138,8.0,0,-1.0
11139,8.0,0,-1.0
11140,0.0,0,1.0
11141,2.0,1,2.0
11142,0.0,0,0.0
11143,21.0,0,-1.0
11144,24.0,0,1.0
11145,24.0,0,1.0
11146,0.0,0,0.0
11147,29.0,0,1.0
11148,30.0,1,-0.0
11149,26.0,0,-0.0
11150,0.0,0,3.0
11151,30.0,0,-1.0
11152,19.0,0,0.0
11153,31.0,0,0.0
11154,19.0,0,3.0
11155,21.0,0,-1.0
11156,15.0,1,-2.0
11157,20.0,0,-2.0
11158,0.0,0,0.0
11159,15.0,0,2.0
11160,13.0,0,2.0
11161,0.0,0,3.0
11162,1.0,1,1.0
11163,25.0,0,1.0
11164,23.0,0,1.0
11165,0.0,0,1.0
11166,29.0,0,-1.0
11167,0.0,0,3.0
11168,21.0,0,-2.0
11169,3.0,1,3.0
11170,11.0,1,-1.0
11171,21.0,1,0.0
11172,15.0,0,-1.0
11173,25.0,0,3.0
11174,0.0,0,0.0
11175,27.0,0,1.0
11176,31.0,1,0.0
11177,31.0,1,-0.0
11178,9.0,0,-1.0
11179,6.0,0,0.0
11180,0.0,0,0.0
11181,26.0,0,3.0
11182,3.0,1,3.0
11183,16.0,0,-1.0
11184,20.0,0,1.0
11185,27.0,0,1.0
11186,31.0,0,-0.0
11187,0.0,0,0.0
11188,8.0,1,3.0
11189,29.0,0,2.0
11190,14.0,0,1.0
11191,30.0,0,1.0
11192,6.0,0,3.0
11193,22.0,1,4.0
11194,12.0,0,1.0
11195,18.0,0,0.0
11196,3.0,0,-0.0
11197,0.0,0,3.0
11198,0.0,1,0.0
11199,29.0,0,1.0
11200,30.0,0,-0.0
11201,25.0,1,2.0
11202,24.0,0,1.0
11203,24.0,1,1.0
11204,31.0,0,0.0
11205,0.0,0,0.0
11206,24.0,0,1.0
11207,0.0,0,0.0
11208,0.0,1,-1.0
11209,0.0,0,3.0
11210,24.0,1,1.0
11211,27.0,1,4.0
11212,24.0,0,-1.0
11213,0.0,0,0.0
11214,23.0,0,-2.0
11215,0.0,0,3.0
11216,25.0,0,3.0
11217,22.0,1,1.0
11218,1.0,0,1.0
11219,17.0,0,0.0
11220,0.0,0,2.0
11221,20.0,0,3.0
11222,30.0,0,-2.0
11223,0.0,0,1.0
11224,25.0,0,1.0
11225,19.0,0,2.0
11226,31.0,1,0.0
11227,15.0,0,-1.0
11228,22.0,0,3.0
11229,0.0,0,5.0
11230,31.0,1,-0.0
11231,31.0,0,-2.0
11232,29.0,0,1.0
11233,0.0,0,1.0
11234,0.0,0,2.0
11235,0.0,0,0.0
11236,0.0,1,0.0
11237,31.0,0,0.0
11238,22.0,1,1.0
11239,0.0,0,1.0
11240,0.0,0,3.0
11241,8.0,0,0.0
11242,24.0,0,3.0
11243,23.0,1,-3.0
11244,14.0,0,-0.0
11245,0.0,0,0.0
11246,31.0,1,1.0
11247,2.0,1,1.0
11248,1.0,1,1.0
11249,3.0,1,-0.0
11250,25.0,1,1.0
11251,17.0,0,0.0
11252,29.0,0,2.0
11253,25.0,0,2.0
11254,18.0,0,-1.0
11255,0.0,0,2.0
11256,17.0,1,6.0
11257,31.0,0,0.0
11258,0.0,0,2.0
11259,31.0,0,-0.0
11260,25.0,1,1.0
11261,23.0,0,-2.0
11262,0.0,0,2.0
11263,20.0,0,2.0
11264,31.0,0,-1.0
11265,31.0,0,0.0
11266,9.0,0,-1.0
11267,31.0,0,-2.0
11268,25.0,0,3.0
11269,0.0,0,5.0
11270,1.0,1,1.0
11271,0.0,0,0.0
11272,0.0,0,0.0
11273,0.0,0,0.0
11274,0.0,0,3.0
11275,0.0,0,3.0
11276,0.0,0,3.0
11277,31.0,0,0.0
11278,27.0,0,-0.0
11279,2.0,1,2.0
11280,0.0,0,0.0
11281,28.0,1,2.0
11282,23.0,0,5.0
11283,8.0,0,1.0
11284,20.0,0,-0.0
11285,0.0,0,0.0
11286,15.0,0,4.0
11287,28.0,0,-2.0
11288,31.0,0,0.0
11289,31.0,1,0.0
11290,0.0,0,0.0
11291,11.0,0,0.0
11292,0.0,0,0.0
11293,7.0,0,1.0
11294,9.0,0,3.0
11295,0.0,0,2.0
11296,9.0,0,3.0
11297,27.0,0,4.0
11298,0.0,0,1.0
11299,31.0,0,0.0
11300,0.0,0,5.0
11301,5.0,0,-1.0
11302,20.0,0,2.0
11303,0.0,0,1.0
11304,28.0,0,2.0
11305,0.0,0,0.0
11306,12.0,0,4.0
11307,21.0,0,1.0
11308,7.0,1,-1.0
11309,24.0,0,-0.0
11310,7.0,0,2.0
11311,0.0,0,2.0
11312,15.0,1,3.0
11313,3.0,1,3.0
11314,9.0,0,1.0
11315,15.0,0,3.0
11316,0.0,0,4.0
11317,24.0,0,-0.0
11318,9.0,0,1.0
11319,0.0,0,0.0
11320,13.0,0,0.0
11321,0.0,0,3.0
11322,0.0,0,4.0
11323,0.0,0,6.0
11324,31.0,0,-2.0
11325,0.0,0,0.0
11326,25.0,1,6.0
11327,23.0,0,-0.0
11328,31.0,0,0.0
11329,30.0,0,1.0
11330,9.0,0,1.0
11331,0.0,0,1.0
11332,0.0,0,0.0
11333,1.0,1,1.0
11334,0.0,0,1.0
11335,5.0,0,-0.0
11336,19.0,0,1.0
11337,1.0,0,1.0
11338,10.0,0,3.0
11339,14.0,0,2.0
11340,30.0,0,1.0
11341,28.0,0,-0.0
11342,1.0,1,1.0
11343,20.0,0,3.0
11344,17.0,0,4.0
11345,25.0,0,5.0
11346,16.0,0,1.0
11347,30.0,0,1.0
11348,17.0,0,4.0
11349,0.0,0,2.0
11350,26.0,0,1.0
11351,19.0,1,-1.0
11352,16.0,0,2.0
11353,29.0,0,1.0
11354,0.0,0,0.0
11355,16.0,0,-2.0
11356,0.0,0,2.0
11357,27.0,0,1.0
11358,18.0,0,-0.0
11359,0.0,0,0.0
11360,8.0,0,3.0
11361,2.0,1,2.0
11362,16.0,1,-1.0
11363,15.0,0,2.0
11364,0.0,0,1.0
11365,0.0,0,1.0
11366,20.0,1,1.0
11367,17.0,0,2.0
11368,25.0,0,2.0
11369,14.0,0,1.0
11370,11.0,0,1.0
11371,18.0,0,2.0
11372,0.0,0,3.0
11373,29.0,0,0.0
11374,0.0,0,2.0
11375,26.0,1,2.0
11376,28.0,0,3.0
11377,0.0,0,4.0
11378,17.0,0,-2.0
11379,3.0,0,5.0
11380,6.0,0,-0.0
11381,30.0,0,1.0
11382,1.0,1,-0.0
11383,0.0,1,0.0
11384,31.0,1,0.0
11385,0.0,0,1.0
11386,30.0,0,1.0
11387,18.0,0,4.0
11388,30.0,0,-1.0
11389,18.0,0,2.0
11390,9.0,1,1.0
11391,19.0,0,1.0
11392,0.0,0,0.0
11393,20.0,0,7.0
11394,23.0,0,2.0
11395,30.0,0,1.0
11396,17.0,0,2.0
11397,23.0,0,0.0
11398,0.0,0,0.0
11399,14.0,0,-0.0
11400,31.0,0,0.0
11401,1.0,0,-0.0
11402,10.0,0,1.0
11403,0.0,0,0.0
11404,0.0,0,3.0
11405,21.0,0,1.0
11406,2.0,0,-1.0
11407,13.0,0,-0.0
11408,0.0,0,1.0
11409,0.0,0,1.0
11410,24.0,0,4.0
11411,21.0,0,2.0
11412,7.0,0,2.0
11413,2.0,0,1.0
11414,22.0,0,-0.0
11415,0.0,0,0.0
11416,0.0,0,0.0
11417,23.0,0,3.0
11418,19.0,0,-1.0
11419,9.0,0,3.0
11420,24.0,0,-1.0
11421,22.0,0,1.0
11422,18.0,0,4.0
11423,22.0,1,3.0
11424,24.0,1,3.0
11425,31.0,0,0.0
11426,5.0,1,2.0
11427,14.0,0,-0.0
11428,0.0,0,1.0
11429,8.0,0,-2.0
11430,29.0,0,2.0
11431,0.0,1,0.0
11432,1.0,1,1.0
11433,12.0,0,1.0
11434,24.0,1,0.0
11435,12.0,0,1.0
11436,19.0,0,-0.0
11437,22.0,0,2.0
11438,0.0,0,5.0
11439,0.0,0,1.0
11440,0.0,0,2.0
11441,29.0,0,2.0
11442,0.0,0,0.0
11443,29.0,0,2.0
11444,12.0,0,-1.0
11445,17.0,0,1.0
11446,3.0,1,3.0
11447,4.0,0,2.0
11448,16.0,0,4.0
11449,29.0,0,1.0
11450,11.0,0,-1.0
11451,10.0,0,1.0
11452,26.0,0,1.0
11453,30.0,0,0.0
11454,25.0,0,4.0
11455,0.0,0,1.0
11456,31.0,0,0.0
11457,9.0,0,2.0
11458,30.0,0,-0.0
11459,0.0,0,0.0
11460,31.0,0,-0.0
11461,0.0,0,3.0
11462,0.0,0,2.0
11463,0.0,0,0.0
11464,31.0,0,-0.0
11465,12.0,0,0.0
11466,0.0,0,0.0
11467,10.0,0,2.0
11468,0.0,0,0.0
11469,0.0,0,1.0
11470,31.0,1,0.0
11471,24.0,0,-0.0
11472,0.0,0,2.0
11473,23.0,0,4.0
11474,0.0,0,3.0
11475,5.0,1,0.0
11476,0.0,0,1.0
11477,0.0,0,0.0
11478,4.0,0,-0.0
11479,29.0,0,-1.0
11480,8.0,0,0.0
11481,31.0,0,0.0
11482,0.0,0,1.0
11483,29.0,0,-1.0
11484,13.0,0,2.0
11485,0.0,0,3.0
11486,13.0,0,3.0
11487,0.0,1,0.0
11488,7.0,1,-1.0
11489,30.0,1,0.0
11490,20.0,0,1.0
11491,23.0,0,5.0
11492,0.0,1,0.0
11493,0.0,0,0.0
11494,0.0,0,1.0
11495,0.0,0,3.0
11496,16.0,1,2.0
11497,0.0,0,1.0
11498,0.0,0,2.0
11499,28.0,0,2.0
11500,28.0,0,-1.0
11501,3.0,1,3.0
11502,16.0,0,5.0
11503,0.0,0,0.0
11504,0.0,0,0.0
11505,10.0,0,0.0
11506,0.0,0,2.0
11507,4.0,0,-0.0
11508,10.0,0,-0.0
11509,30.0,0,-0.0
11510,6.0,0,3.0
11511,3.0,0,-2.0
11512,0.0,0,0.0
11513,0.0,0,2.0
11514,3.0,1,3.0
11515,0.0,0,1.0
11516,23.0,0,1.0
11517,0.0,0,6.0
11518,9.0,1,0.0
11519,0.0,0,0.0
11520,31.0,0,0.0
11521,15.0,0,-0.0
11522,0.0,0,3.0
11523,15.0,1,0.0
11524,24.0,0,0.0
11525,0.0,0,1.0
11526,0.0,0,0.0
11527,31.0,0,0.0
11528,31.0,0,0.0
11529,0.0,0,2.0
11530,10.0,0,-1.0
11531,0.0,0,2.0
11532,0.0,0,3.0
11533,0.0,0,0.0
11534,28.0,0,3.0
11535,31.0,0,0.0
11536,24.0,0,0.0
11537,31.0,0,0.0
11538,20.0,0,-1.0
11539,31.0,0,0.0
11540,16.0,0,2.0
11541,31.0,0,0.0
11542,9.0,1,1.0
11543,0.0,0,2.0
11544,11.0,0,2.0
11545,9.0,1,-3.0
11546,0.0,0,8.0
11547,0.0,0,0.0
11548,31.0,0,0.0
11549,4.0,0,-1.0
11550,0.0,0,0.0
11551,2.0,0,1.0
11552,0.0,0,0.0
11553,0.0,0,3.0
11554,28.0,0,2.0
11555,0.0,0,1.0
11556,0.0,0,1.0
11557,18.0,0,1.0
11558,16.0,0,3.0
11559,23.0,0,0.0
11560,24.0,1,0.0
11561,3.0,0,-3.0
11562,1.0,1,1.0
11563,14.0,1,2.0
11564,0.0,0,0.0
11565,5.0,0,3.0
11566,29.0,0,0.0
11567,29.0,0,2.0
11568,0.0,0,0.0
11569,20.0,0,2.0
11570,0.0,0,1.0
11571,15.0,0,2.0
11572,17.0,0,1.0
11573,0.0,0,0.0
11574,0.0,0,2.0
11575,9.0,1,2.0
11576,0.0,1,0.0
11577,15.0,0,-2.0
11578,31.0,1,0.0
11579,31.0,0,0.0
11580,27.0,0,1.0
11581,4.0,0,-1.0
11582,21.0,1,1.0
11583,0.0,0,1.0
11584,27.0,0,3.0
11585,31.0,0,0.0
11586,0.0,0,1.0
11587,12.0,0,-4.0
11588,12.0,0,1.0
11589,0.0,0,0.0
11590,8.0,0,-2.0
11591,19.0,0,2.0
11592,6.0,0,0.0
11593,8.0,0,0.0
11594,5.0,0,-0.0
11595,14.0,0,1.0
11596,0.0,1,0.0
11597,7.0,0,1.0
11598,31.0,0,0.0
11599,30.0,0,-2.0
11600,0.0,0,0.0
11601,0.0,0,2.0
11602,20.0,0,2.0
11603,31.0,0,-1.0
11604,15.0,0,-1.0
11605,0.0,0,4.0
11606,19.0,0,1.0
11607,18.0,0,-1.0
11608,14.0,0,1.0
11609,28.0,0,3.0
11610,0.0,0,0.0
11611,29.0,0,1.0
11612,20.0,0,-0.0
11613,0.0,0,3.0
11614,0.0,0,1.0
11615,21.0,0,2.0
11616,22.0,0,3.0
11617,19.0,0,3.0
11618,31.0,0,0.0
11619,20.0,0,-0.0
11620,0.0,0,0.0
11621,0.0,0,0.0
11622,2.0,1,2.0
11623,1.0,1,1.0
11624,20.0,0,1.0
11625,1.0,1,1.0
11626,24.0,1,-0.0
11627,0.0,0,0.0
11628,26.0,1,3.0
11629,1.0,0,-1.0
11630,25.0,0,3.0
11631,0.0,0,0.0
11632,18.0,1,-1.0
11633,15.0,0,1.0
11634,31.0,0,0.0
11635,31.0,0,-1.0
11636,19.0,0,3.0
11637,16.0,0,2.0
11638,5.0,0,0.0
11639,24.0,0,2.0
11640,17.0,0,2.0
11641,15.0,0,-0.0
11642,0.0,0,0.0
11643,1.0,1,1.0
11644,0.0,1,0.0
11645,0.0,0,1.0
11646,10.0,0,1.0
11647,0.0,0,0.0
11648,15.0,0,2.0
11649,18.0,0,-0.0
11650,0.0,0,0.0
11651,20.0,1,-3.0
11652,20.0,0,3.0
11653,3.0,1,-1.0
11654,0.0,0,0.0
11655,0.0,0,2.0
11656,20.0,1,2.0
11657,30.0,1,1.0
11658,17.0,0,1.0
11659,1.0,0,1.0
11660,2.0,1,2.0
11661,23.0,0,-1.0
11662,31.0,0,-0.0
11663,28.0,0,1.0
11664,0.0,1,0.0
11665,11.0,0,4.0
11666,0.0,0,6.0
11667,0.0,0,0.0
11668,0.0,0,0.0
11669,24.0,0,-2.0
11670,4.0,0,1.0
11671,0.0,0,3.0
11672,26.0,0,1.0
11673,16.0,0,3.0
11674,0.0,0,1.0
11675,2.0,0,-1.0
11676,23.0,0,-2.0
11677,19.0,0,2.0
11678,31.0,0,0.0
11679,7.0,0,-1.0
11680,31.0,0,0.0
11681,17.0,0,4.0
11682,27.0,0,2.0
11683,28.0,1,0.0
11684,3.0,0,2.0
11685,17.0,0,-0.0
11686,31.0,0,0.0
11687,25.0,1,0.0
11688,25.0,0,-1.0
11689,31.0,0,0.0
11690,30.0,0,-1.0
11691,21.0,0,1.0
11692,0.0,0,0.0
11693,0.0,1,0.0
11694,16.0,0,1.0
11695,0.0,0,0.0
11696,18.0,0,1.0
11697,2.0,0,0.0
11698,8.0,0,-1.0
11699,7.0,0,3.0
11700,13.0,0,2.0
11701,0.0,1,0.0
11702,12.0,0,0.0
11703,31.0,1,2.0
11704,22.0,1,1.0
11705,0.0,0,0.0
11706,0.0,0,1.0
11707,16.0,0,3.0
11708,17.0,0,-0.0
11709,3.0,0,-2.0
11710,5.0,0,1.0
11711,21.0,0,0.0
11712,31.0,0,-2.0
11713,11.0,0,4.0
11714,25.0,0,0.0
11715,1.0,1,1.0
11716,29.0,0,2.0
11717,0.0,0,1.0
11718,8.0,0,1.0
11719,9.0,0,3.0
11720,5.0,0,0.0
11721,3.0,0,0.0
11722,19.0,1,-2.0
11723,4.0,0,2.0
11724,0.0,0,1.0
11725,20.0,1,1.0
11726,28.0,0,3.0
11727,24.0,0,4.0
11728,10.0,0,2.0
11729,23.0,0,2.0
11730,11.0,0,0.0
11731,0.0,0,1.0
11732,0.0,1,0.0
11733,0.0,0,3.0
11734,14.0,0,1.0
11735,19.0,0,-1.0
11736,31.0,0,0.0
11737,15.0,1,1.0
11738,24.0,0,-2.0
11739,27.0,0,1.0
11740,0.0,0,1.0
11741,28.0,0,1.0
11742,0.0,0,0.0
11743,23.0,0,0.0
11744,20.0,0,4.0
11745,0.0,0,0.0
11746,31.0,0,0.0
11747,20.0,0,1.0
11748,0.0,0,0.0
11749,24.0,0,-0.0
11750,29.0,1,-1.0
11751,31.0,1,2.0
11752,31.0,1,2.0
11753,5.0,0,4.0
11754,0.0,0,2.0
11755,0.0,0,3.0
11756,31.0,1,0.0
11757,7.0,0,1.0
11758,12.0,0,3.0
11759,16.0,0,-1.0
11760,0.0,0,0.0
11761,0.0,0,1.0
11762,31.0,0,0.0
11763,0.0,0,0.0
11764,0.0,0,0.0
11765,0.0,0,1.0
11766,0.0,0,1.0
11767,14.0,1,-1.0
11768,1.0,1,1.0
11769,31.0,1,0.0
11770,25.0,0,2.0
11771,20.0,0,-3.0
11772,31.0,0,0.0
11773,31.0,0,0.0
11774,23.0,0,-0.0
11775,8.0,1,2.0
11776,0.0,1,0.0
11777,13.0,0,3.0
11778,0.0,0,0.0
11779,28.0,0,1.0
11780,24.0,0,1.0
11781,0.0,0,5.0
11782,26.0,0,-0.0
11783,18.0,0,-1.0
11784,31.0,0,0.0
11785,18.0,0,0.0
11786,10.0,0,2.0
11787,0.0,0,1.0
11788,31.0,0,0.0
11789,14.0,0,-0.0
11790,31.0,1,0.0
11791,1.0,1,1.0
11792,0.0,0,2.0
11793,25.0,0,0.0
11794,28.0,0,0.0
11795,12.0,1,5.0
11796,0.0,0,1.0
11797,0.0,0,0.0
11798,24.0,0,1.0
11799,0.0,0,0.0
11800,18.0,0,-2.0
11801,1.0,1,1.0
11802,14.0,0,4.0
11803,28.0,0,3.0
11804,28.0,0,0.0
11805,11.0,0,-0.0
11806,0.0,0,2.0
11807,3.0,0,0.0
11808,0.0,0,2.0
11809,15.0,0,1.0
11810,18.0,0,1.0
11811,3.0,1,3.0
11812,25.0,0,-1.0
11813,13.0,0,-1.0
11814,0.0,0,3.0
11815,0.0,1,0.0
11816,14.0,0,1.0
11817,26.0,0,-0.0
11818,8.0,1,3.0
11819,0.0,0,4.0
11820,13.0,0,-0.0
11821,13.0,0,2.0
11822,27.0,0,0.0
11823,0.0,0,0.0
11824,0.0,0,2.0
11825,0.0,0,1.0
11826,23.0,0,5.0
11827,25.0,0,-2.0
11828,0.0,0,0.0
11829,18.0,0,-0.0
11830,30.0,0,1.0
11831,27.0,0,-0.0
11832,13.0,0,-1.0
11833,1.0,1,1.0
11834,18.0,0,-0.0
11835,30.0,1,0.0
11836,21.0,0,0.0
11837,26.0,0,-1.0
11838,30.0,0,0.0
11839,10.0,0,-0.0
11840,25.0,0,2.0
11841,8.0,0,2.0
11842,18.0,0,2.0
11843,31.0,1,0.0
11844,27.0,1,5.0
11845,0.0,0,0.0
11846,0.0,0,2.0
11847,20.0,0,-1.0
11848,1.0,1,1.0
11849,0.0,0,1.0
11850,0.0,0,0.0
11851,0.0,0,1.0
11852,0.0,0,2.0
11853,18.0,0,-1.0
11854,23.0,0,1.0
11855,6.0,0,1.0
11856,0.0,0,0.0
11857,27.0,0,1.0
11858,25.0,0,3.0
11859,5.0,1,1.0
11860,0.0,1,0.0
11861,8.0,0,2.0
11862,1.0,0,2.0
11863,15.0,1,-0.0
11864,1.0,1,1.0
11865,30.0,0,1.0
11866,16.0,0,0.0
11867,5.0,0,0.0
11868,12.0,0,2.0
11869,21.0,1,2.0
11870,0.0,1,0.0
11871,0.0,0,0.0
11872,29.0,0,-1.0
11873,14.0,0,1.0
11874,11.0,1,-4.0
11875,3.0,0,1.0
11876,7.0,1,2.0
11877,16.0,1,3.0
11878,17.0,0,1.0
11879,29.0,0,2.0
11880,31.0,1,3.0
11881,3.0,0,2.0
11882,21.0,0,0.0
11883,4.0,1,4.0
11884,31.0,0,-1.0
11885,11.0,0,3.0
11886,29.0,0,2.0
11887,27.0,0,1.0
11888,31.0,0,0.0
11889,30.0,0,1.0
11890,15.0,0,-1.0
11891,22.0,1,-4.0
11892,0.0,0,0.0
11893,0.0,0,2.0
11894,21.0,0,3.0
11895,23.0,0,0.0
11896,18.0,1,-1.0
11897,7.0,0,-1.0
11898,3.0,1,3.0
11899,9.0,1,4.0
11900,29.0,0,-1.0
11901,3.0,1,3.0
11902,12.0,0,-3.0
11903,0.0,0,0.0
11904,5.0,0,1.0
11905,0.0,0,3.0
11906,0.0,0,1.0
11907,0.0,0,0.0
11908,17.0,0,1.0
11909,24.0,0,2.0
11910,0.0,0,0.0
11911,0.0,0,3.0
11912,0.0,0,3.0
11913,0.0,0,0.0
11914,22.0,0,3.0
11915,12.0,0,-1.0
11916,4.0,1,-0.0
11917,0.0,0,3.0
11918,19.0,0,1.0
11919,18.0,1,1.0
11920,17.0,0,0.0
11921,0.0,0,0.0
11922,24.0,0,3.0
11923,1.0,0,0.0
11924,0.0,0,6.0
11925,8.0,0,1.0
11926,8.0,1,3.0
11927,31.0,0,0.0
11928,30.0,0,1.0
11929,0.0,0,0.0
11930,8.0,0,-1.0
11931,0.0,0,0.0
11932,31.0,0,0.0
11933,0.0,0,3.0
11934,19.0,0,-1.0
11935,0.0,0,2.0
11936,9.0,0,-2.0
11937,24.0,0,-0.0
11938,0.0,0,3.0
11939,0.0,0,0.0
11940,31.0,0,0.0
11941,29.0,1,1.0
11942,4.0,0,-0.0
11943,7.0,0,-1.0
11944,0.0,0,1.0
11945,13.0,1,2.0
11946,3.0,1,3.0
11947,31.0,1,0.0
11948,0.0,0,0.0
11949,0.0,0,2.0
11950,29.0,0,2.0
11951,30.0,0,1.0
11952,3.0,0,-1.0
11953,0.0,0,0.0
11954,1.0,1,1.0
11955,10.0,0,3.0
11956,4.0,1,1.0
11957,0.0,0,0.0
11958,18.0,0,1.0
11959,31.0,0,0.0
11960,0.0,0,6.0
11961,21.0,1,-2.0
11962,8.0,0,1.0
11963,0.0,0,0.0
11964,31.0,0,-1.0
11965,31.0,0,0.0
11966,0.0,0,0.0
11967,0.0,0,0.0
11968,0.0,0,1.0
11969,7.0,0,7.0
11970,0.0,0,1.0
11971,20.0,1,2.0
11972,29.0,0,0.0
11973,30.0,0,1.0
11974,6.0,1,-0.0
11975,0.0,0,0.0
11976,21.0,1,2.0
11977,26.0,0,1.0
11978,0.0,0,0.0
11979,4.0,0,1.0
11980,22.0,0,2.0
11981,24.0,0,1.0
11982,28.0,0,0.0
11983,18.0,0,-0.0
11984,8.0,0,0.0
11985,9.0,0,1.0
11986,23.0,0,1.0
11987,29.0,0,0.0
11988,23.0,0,3.0
11989,0.0,0,2.0
11990,18.0,0,0.0
11991,22.0,1,-1.0
11992,18.0,0,-1.0
11993,26.0,0,-0.0
11994,14.0,0,0.0
11995,0.0,0,0.0
11996,7.0,0,-1.0
11997,30.0,0,1.0
11998,5.0,0,1.0
11999,21.0,1,1.0
12000,8.0,0,1.0
12001,0.0,0,4.0
12002,0.0,0,3.0
12003,0.0,0,0.0
12004,0.0,0,0.0
12005,5.0,0,-0.0
12006,21.0,0,2.0
12007,0.0,0,0.0
12008,0.0,0,2.0
12009,12.0,0,3.0
12010,14.0,0,5.0
12011,14.0,0,2.0
12012,31.0,0,0.0
12013,0.0,0,0.0
12014,0.0,0,0.0
12015,0.0,0,0.0
12016,15.0,0,1.0
12017,31.0,0,0.0
12018,0.0,0,3.0
12019,10.0,0,1.0
12020,0.0,0,2.0
12021,0.0,0,0.0
12022,22.0,0,3.0
12023,31.0,0,-1.0
12024,19.0,0,2.0
12025,31.0,1,0.0
12026,15.0,0,1.0
12027,0.0,0,0.0
12028,0.0,1,0.0
12029,14.0,1,1.0
12030,14.0,0,4.0
12031,31.0,0,0.0
12032,2.0,1,2.0
12033,26.0,0,5.0
12034,23.0,1,3.0
12035,26.0,0,2.0
12036,5.0,1,-2.0
12037,18.0,0,1.0
12038,0.0,0,1.0
12039,25.0,0,1.0
12040,22.0,0,0.0
12041,28.0,1,-1.0
12042,0.0,0,2.0
12043,0.0,0,6.0
12044,0.0,0,1.0
12045,0.0,0,1.0
12046,21.0,0,1.0
12047,14.0,0,2.0
12048,27.0,0,-0.0
12049,0.0,0,6.0
12050,31.0,0,0.0
12051,27.0,0,1.0
12052,0.0,0,0.0
12053,0.0,0,0.0
12054,0.0,0,0.0
12055,0.0,0,3.0
12056,9.0,1,1.0
12057,8.0,0,2.0
12058,16.0,0,1.0
12059,0.0,0,0.0
12060,1.0,1,1.0
12061,15.0,0,-0.0
12062,9.0,0,1.0
12063,7.0,0,0.0
12064,15.0,0,3.0
12065,0.0,0,0.0
12066,31.0,0,-1.0
12067,0.0,0,3.0
12068,5.0,0,0.0
12069,28.0,0,2.0
12070,0.0,1,0.0
12071,15.0,0,-2.0
12072,0.0,0,3.0
12073,21.0,0,4.0
12074,0.0,0,0.0
12075,0.0,1,0.0
12076,23.0,0,2.0
12077,0.0,0,1.0
12078,0.0,0,1.0
12079,12.0,0,1.0
12080,3.0,0,0.0
12081,6.0,0,-2.0
12082,0.0,0,3.0
12083,0.0,0,4.0
12084,0.0,0,2.0
12085,27.0,0,-1.0
12086,31.0,1,1.0
12087,15.0,0,3.0
12088,0.0,0,3.0
12089,24.0,0,1.0
12090,0.0,1,0.0
12091,0.0,0,1.0
12092,0.0,0,1.0
12093,0.0,0,1.0
12094,23.0,0,-1.0
12095,5.0,0,-1.0
12096,30.0,0,-1.0
12097,27.0,0,-1.0
12098,31.0,1,-0.0
12099,0.0,0,2.0
12100,6.0,0,3.0
12101,25.0,0,4.0
12102,0.0,0,0.0
12103,4.0,0,1.0
12104,0.0,0,0.0
12105,31.0,0,0.0
12106,30.0,0,0.0
12107,0.0,0,0.0
12108,4.0,0,2.0
12109,11.0,0,2.0
12110,19.0,0,3.0
12111,23.0,0,-1.0
12112,0.0,0,3.0
12113,15.0,0,0.0
12114,31.0,0,0.0
12115,0.0,0,0.0
12116,30.0,0,-1.0
12117,16.0,0,2.0
12118,24.0,0,2.0
12119,13.0,0,1.0
12120,3.0,1,3.0
12121,0.0,1,0.0
12122,0.0,0,1.0
12123,0.0,0,0.0
12124,29.0,0,2.0
12125,26.0,0,1.0
12126,14.0,0,-0.0
12127,30.0,1,0.0
12128,19.0,0,2.0
12129,9.0,0,-0.0
12130,31.0,0,0.0
12131,23.0,0,0.0
12132,1.0,1,1.0
12133,5.0,0,0.0
12134,11.0,0,-1.0
12135,22.0,0,2.0
12136,21.0,0,-1.0
12137,30.0,0,0.0
12138,26.0,0,3.0
12139,30.0,0,0.0
12140,30.0,0,1.0
12141,9.0,0,2.0
12142,0.0,0,3.0
12143,23.0,1,1.0
12144,31.0,0,-0.0
12145,0.0,0,1.0
12146,9.0,0,0.0
12147,31.0,1,2.0
12148,18.0,0,1.0
12149,0.0,0,0.0
12150,30.0,0,-2.0
12151,0.0,0,0.0
12152,15.0,1,-1.0
12153,13.0,0,2.0
12154,3.0,0,1.0
12155,0.0,0,3.0
12156,14.0,0,-1.0
12157,19.0,0,1.0
12158,0.0,0,0.0
12159,31.0,0,0.0
12160,0.0,0,0.0
12161,21.0,0,-0.0
12162,31.0,0,0.0
12163,0.0,0,1.0
12164,28.0,0,-2.0
12165,0.0,0,2.0
12166,31.0,0,0.0
12167,2.0,1,2.0
12168,31.0,0,0.0
12169,9.0,0,1.0
12170,7.0,0,-2.0
12171,31.0,0,0.0
12172,14.0,0,1.0
12173,26.0,0,1.0
12174,27.0,1,-1.0
12175,0.0,0,0.0
12176,5.0,0,1.0
12177,0.0,0,2.0
12178,0.0,0,2.0
12179,0.0,0,1.0
12180,31.0,0,0.0
12181,13.0,1,3.0
12182,31.0,0,0.0
12183,25.0,0,2.0
12184,29.0,0,2.0
12185,27.0,1,2.0
12186,0.0,0,0.0
12187,0.0,0,1.0
12188,0.0,0,0.0
12189,0.0,0,0.0
12190,6.0,0,8.0
12191,24.0,0,1.0
12192,0.0,0,3.0
12193,26.0,0,2.0
12194,8.0,0,2.0
12195,10.0,0,2.0
12196,28.0,0,-1.0
12197,16.0,0,3.0
12198,0.0,0,0.0
12199,31.0,1,0.0
12200,0.0,0,0.0
12201,0.0,0,0.0
12202,30.0,1,-1.0
12203,26.0,0,0.0
12204,11.0,0,0.0
12205,8.0,0,1.0
12206,17.0,0,0.0
12207,24.0,0,1.0
12208,13.0,0,-1.0
12209,0.0,0,3.0
12210,24.0,0,3.0
12211,21.0,0,2.0
12212,27.0,0,-1.0
12213,0.0,0,2.0
12214,29.0,0,2.0
12215,0.0,0,3.0
12216,0.0,0,0.0
12217,0.0,0,2.0
12218,28.0,0,2.0
12219,6.0,0,1.0
12220,0.0,0,1.0
12221,24.0,0,2.0
12222,25.0,1,0.0
12223,14.0,1,1.0
12224,26.0,0,3.0
12225,0.0,0,0.0
12226,0.0,0,1.0
12227,31.0,0,0.0
12228,0.0,0,3.0
12229,0.0,0,0.0
12230,11.0,0,-2.0
12231,16.0,0,-0.0
12232,25.0,0,-1.0
12233,2.0,1,2.0
12234,28.0,0,-0.0
12235,27.0,0,-0.0
12236,20.0,0,3.0
12237,0.0,0,0.0
12238,4.0,0,-3.0
12239,0.0,0,0.0
12240,2.0,0,0.0
12241,0.0,0,3.0
12242,0.0,0,1.0
12243,0.0,0,3.0
12244,26.0,0,-0.0
12245,1.0,1,1.0
12246,27.0,1,-0.0
12247,0.0,0,1.0
12248,26.0,0,-1.0
12249,0.0,0,1.0
12250,23.0,0,0.0
12251,21.0,0,1.0
12252,0.0,0,1.0
12253,0.0,0,1.0
12254,4.0,0,2.0
12255,0.0,0,0.0
12256,31.0,0,0.0
12257,30.0,0,1.0
12258,24.0,0,1.0
12259,19.0,0,3.0
12260,26.0,0,-2.0
12261,0.0,0,0.0
12262,16.0,1,2.0
12263,27.0,0,-0.0
12264,31.0,0,0.0
12265,28.0,1,1.0
12266,0.0,1,0.0
12267,0.0,0,1.0
12268,0.0,0,2.0
12269,0.0,0,0.0
12270,14.0,0,3.0
12271,0.0,0,0.0
12272,25.0,0,2.0
12273,25.0,0,3.0
12274,14.0,0,4.0
12275,0.0,0,2.0
12276,30.0,0,1.0
12277,18.0,0,-1.0
12278,19.0,0,0.0
12279,0.0,0,0.0
12280,0.0,0,2.0
12281,15.0,0,1.0
12282,9.0,0,1.0
12283,24.0,0,7.0
12284,16.0,0,2.0
12285,22.0,1,1.0
12286,10.0,0,3.0
12287,8.0,1,4.0
12288,0.0,0,2.0
12289,18.0,1,1.0
12290,18.0,0,3.0
12291,3.0,0,-0.0
12292,12.0,0,3.0
12293,0.0,1,0.0
12294,27.0,0,4.0
12295,0.0,0,0.0
12296,0.0,0,2.0
12297,13.0,0,-2.0
12298,0.0,0,0.0
12299,0.0,0,0.0
12300,9.0,0,5.0
12301,0.0,0,0.0
12302,0.0,0,0.0
12303,0.0,0,4.0
12304,8.0,0,0.0
12305,0.0,0,0.0
12306,20.0,0,0.0
12307,31.0,1,0.0
12308,15.0,0,1.0
12309,29.0,0,-0.0
12310,21.0,0,2.0
12311,12.0,0,1.0
12312,29.0,0,1.0
12313,0.0,0,1.0
12314,10.0,0,1.0
12315,19.0,0,1.0
12316,0.0,0,4.0
12317,24.0,0,-0.0
12318,16.0,0,1.0
12319,12.0,0,4.0
12320,5.0,0,3.0
12321,28.0,0,1.0
12322,0.0,0,0.0
12323,16.0,0,-1.0
12324,30.0,0,0.0
12325,30.0,0,1.0
12326,22.0,0,3.0
12327,22.0,0,-1.0
12328,13.0,1,2.0
12329,0.0,0,2.0
12330,30.0,0,1.0
12331,28.0,0,1.0
12332,29.0,0,1.0
12333,1.0,1,1.0
12334,27.0,1,0.0
12335,0.0,0,0.0
12336,30.0,1,1.0
12337,22.0,0,2.0
12338,29.0,0,1.0
12339,31.0,0,0.0
12340,10.0,1,2.0
12341,10.0,0,2.0
12342,0.0,1,0.0
12343,0.0,0,0.0
12344,24.0,0,-0.0
12345,25.0,1,-0.0
12346,21.0,0,-0.0
12347,23.0,0,0.0
12348,31.0,0,-1.0
12349,23.0,1,-1.0
12350,20.0,1,1.0
12351,30.0,0,0.0
12352,24.0,0,0.0
12353,30.0,0,0.0
12354,30.0,0,-1.0
12355,21.0,0,-1.0
12356,25.0,0,0.0
12357,24.0,0,-1.0
12358,31.0,0,0.0
12359,28.0,0,1.0
12360,26.0,0,2.0
12361,31.0,1,0.0
12362,7.0,0,0.0
12363,0.0,0,0.0
12364,0.0,0,2.0
12365,0.0,0,4.0
12366,16.0,0,3.0
12367,19.0,0,2.0
12368,1.0,1,1.0
12369,20.0,0,2.0
12370,13.0,0,2.0
12371,0.0,0,0.0
12372,11.0,0,1.0
12373,29.0,1,0.0
12374,2.0,1,2.0
12375,20.0,0,2.0
12376,0.0,0,2.0
12377,18.0,0,-0.0
12378,2.0,1,2.0
12379,16.0,0,1.0
12380,4.0,1,-2.0
12381,0.0,0,0.0
12382,13.0,0,4.0
12383,15.0,0,2.0
12384,0.0,0,0.0
12385,2.0,1,2.0
12386,25.0,0,1.0
12387,22.0,0,2.0
12388,11.0,0,2.0
12389,31.0,0,-1.0
12390,0.0,0,1.0
12391,8.0,0,3.0
12392,27.0,0,-2.0
12393,24.0,0,0.0
12394,31.0,1,0.0
12395,29.0,0,2.0
12396,21.0,0,-1.0
12397,11.0,1,-2.0
12398,29.0,0,0.0
12399,0.0,0,1.0
12400,3.0,1,3.0
12401,25.0,0,1.0
12402,0.0,1,0.0
12403,31.0,0,-0.0
12404,10.0,0,1.0
12405,4.0,0,-0.0
12406,20.0,0,1.0
12407,0.0,0,1.0
12408,16.0,1,0.0
12409,29.0,0,2.0
12410,0.0,0,0.0
12411,2.0,0,0.0
12412,31.0,0,0.0
12413,0.0,0,3.0
12414,0.0,0,2.0
12415,5.0,0,1.0
12416,15.0,0,-3.0
12417,31.0,1,2.0
12418,18.0,0,3.0
12419,16.0,0,-2.0
12420,19.0,0,-3.0
12421,0.0,0,3.0
12422,0.0,0,3.0
12423,18.0,0,0.0
12424,0.0,0,0.0
12425,30.0,0,1.0
12426,19.0,0,2.0
12427,31.0,0,0.0
12428,31.0,1,0.0
12429,25.0,0,5.0
12430,0.0,0,0.0
12431,26.0,0,2.0
12432,0.0,0,0.0
12433,17.0,0,-1.0
12434,0.0,0,4.0
12435,0.0,0,0.0
12436,0.0,0,2.0
12437,27.0,0,2.0
12438,13.0,0,-1.0
12439,10.0,0,1.0
12440,31.0,1,2.0
12441,31.0,0,0.0
12442,17.0,0,4.0
12443,8.0,0,2.0
12444,30.0,1,2.0
12445,23.0,0,0.0
12446,20.0,0,2.0
12447,0.0,0,0.0
12448,0.0,0,0.0
12449,25.0,0,3.0
12450,7.0,0,-3.0
12451,9.0,0,5.0
12452,28.0,0,-1.0
12453,8.0,1,-1.0
12454,7.0,1,-0.0
12455,0.0,0,2.0
12456,0.0,0,1.0
12457,0.0,0,3.0
12458,13.0,1,-1.0
12459,24.0,0,-2.0
12460,10.0,0,1.0
12461,22.0,1,1.0
12462,2.0,0,0.0
12463,0.0,0,0.0
12464,14.0,1,0.0
12465,12.0,0,2.0
12466,0.0,0,1.0
12467,3.0,1,3.0
12468,0.0,0,4.0
12469,0.0,0,5.0
12470,0.0,0,4.0
12471,14.0,0,2.0
12472,0.0,0,0.0
12473,29.0,1,1.0
12474,25.0,0,1.0
12475,24.0,0,3.0
12476,15.0,0,-2.0
12477,18.0,0,3.0
12478,31.0,0,-1.0
12479,0.0,0,3.0
12480,0.0,0,1.0
12481,6.0,1,6.0
12482,0.0,0,0.0
12483,0.0,1,0.0
12484,31.0,0,0.0
12485,28.0,0,-1.0
12486,24.0,0,-3.0
12487,23.0,0,2.0
12488,22.0,0,2.0
12489,20.0,0,0.0
12490,31.0,0,-1.0
12491,0.0,0,1.0
12492,26.0,0,2.0
12493,26.0,0,2.0
12494,28.0,0,1.0
12495,0.0,0,0.0
12496,13.0,1,3.0
12497,0.0,0,0.0
12498,0.0,0,2.0
12499,0.0,0,0.0
12500,0.0,0,2.0
12501,0.0,0,2.0
12502,19.0,0,3.0
12503,31.0,0,0.0
12504,10.0,0,-0.0
12505,1.0,0,-1.0
12506,14.0,1,1.0
12507,0.0,1,0.0
12508,0.0,0,0.0
12509,16.0,0,2.0
12510,11.0,0,0.0
12511,20.0,0,1.0
12512,5.0,0,-2.0
12513,31.0,0,0.0
12514,3.0,1,3.0
12515,20.0,0,3.0
12516,0.0,0,2.0
12517,1.0,0,-0.0
12518,24.0,1,2.0
12519,0.0,0,1.0
12520,27.0,0,1.0
12521,0.0,0,0.0
12522,23.0,0,-0.0
12523,20.0,0,3.0
12524,31.0,0,0.0
12525,31.0,0,0.0
12526,5.0,0,0.0
12527,0.0,0,3.0
12528,13.0,0,2.0
12529,0.0,1,0.0
12530,29.0,1,3.0
12531,31.0,0,-3.0
12532,0.0,0,1.0
12533,27.0,0,2.0
12534,31.0,0,0.0
12535,0.0,0,0.0
12536,0.0,0,2.0
12537,0.0,0,0.0
12538,2.0,0,2.0
12539,0.0,0,0.0
12540,0.0,0,0.0
12541,25.0,0,-0.0
12542,0.0,0,2.0
12543,0.0,0,0.0
12544,0.0,0,0.0
12545,13.0,0,4.0
12546,23.0,0,0.0
12547,23.0,0,5.0
12548,3.0,0,2.0
12549,0.0,1,0.0
12550,0.0,0,0.0
12551,24.0,0,3.0
12552,31.0,0,0.0
12553,0.0,0,0.0
12554,11.0,0,1.0
12555,9.0,0,4.0
12556,28.0,0,2.0
12557,12.0,0,3.0
12558,24.0,0,5.0
12559,31.0,0,-2.0
12560,30.0,0,1.0
12561,30.0,0,0.0
12562,0.0,0,2.0
12563,0.0,0,0.0
12564,0.0,0,0.0
12565,1.0,1,1.0
12566,31.0,1,0.0
12567,20.0,0,2.0
12568,9.0,0,2.0
12569,31.0,0,0.0
12570,26.0,0,2.0
12571,7.0,0,-0.0
12572,15.0,1,1.0
12573,26.0,0,2.0
12574,0.0,0,0.0
12575,0.0,0,0.0
12576,23.0,0,1.0
12577,31.0,1,0.0
12578,0.0,0,0.0
12579,0.0,0,3.0
12580,25.0,0,1.0
12581,0.0,0,1.0
12582,15.0,0,-1.0
12583,29.0,0,0.0
12584,0.0,0,1.0
12585,1.0,0,-0.0
12586,21.0,0,-1.0
12587,7.0,0,-1.0
12588,5.0,0,1.0
12589,30.0,0,0.0
12590,22.0,0,-1.0
12591,14.0,0,-3.0
12592,0.0,0,2.0
12593,0.0,0,1.0
12594,31.0,0,0.0
12595,27.0,0,4.0
12596,0.0,0,2.0
12597,13.0,1,0.0
12598,0.0,0,0.0
12599,26.0,0,-0.0
12600,0.0,1,0.0
12601,25.0,1,-1.0
12602,0.0,0,1.0
12603,2.0,0,2.0
12604,26.0,0,-0.0
12605,16.0,0,-2.0
12606,0.0,0,1.0
12607,4.0,0,0.0
12608,26.0,1,3.0
12609,0.0,0,0.0
12610,22.0,0,2.0
12611,9.0,1,-1.0
12612,0.0,0,0.0
12613,22.0,0,0.0
12614,24.0,0,-0.0
12615,0.0,0,0.0
12616,23.0,0,1.0
12617,0.0,1,0.0
12618,2.0,1,2.0
12619,29.0,0,2.0
12620,19.0,0,-1.0
12621,0.0,0,3.0
12622,0.0,0,0.0
12623,9.0,0,3.0
12624,0.0,0,1.0
12625,16.0,0,2.0
12626,31.0,1,3.0
12627,11.0,0,-1.0
12628,30.0,0,-0.0
12629,0.0,0,3.0
12630,31.0,1,-0.0
12631,25.0,0,1.0
12632,14.0,0,1.0
12633,0.0,0,2.0
12634,0.0,0,3.0
12635,28.0,0,3.0
12636,12.0,0,0.0
12637,24.0,0,1.0
12638,11.0,1,-0.0
12639,14.0,0,8.0
12640,29.0,1,2.0
12641,1.0,1,1.0
12642,15.0,1,-2.0
12643,4.0,1,0.0
12644,30.0,0,1.0
12645,24.0,0,-0.0
12646,31.0,0,0.0
12647,0.0,0,1.0
12648,4.0,0,-0.0
12649,0.0,0,0.0
12650,0.0,0,1.0
12651,2.0,1,1.0
12652,17.0,1,-0.0
12653,26.0,0,2.0
12654,30.0,1,-1.0
12655,0.0,0,0.0
12656,29.0,1,-1.0
12657,30.0,0,-0.0
12658,1.0,0,0.0
12659,24.0,0,-2.0
12660,6.0,0,4.0
12661,21.0,0,-1.0
12662,20.0,0,1.0
12663,24.0,0,4.0
12664,15.0,0,3.0
12665,4.0,0,-1.0
12666,0.0,0,1.0
12667,26.0,0,3.0
12668,0.0,0,3.0
12669,28.0,1,0.0
12670,0.0,0,0.0
12671,13.0,1,5.0
12672,0.0,0,0.0
12673,0.0,0,0.0
12674,0.0,0,1.0
12675,21.0,0,-1.0
12676,0.0,0,2.0
12677,26.0,1,2.0
12678,2.0,1,2.0
12679,0.0,1,0.0
12680,0.0,0,2.0
12681,31.0,0,0.0
12682,0.0,0,1.0
12683,27.0,0,3.0
12684,23.0,0,2.0
12685,0.0,0,2.0
12686,25.0,0,1.0
12687,1.0,1,1.0
12688,8.0,1,3.0
12689,0.0,0,2.0
12690,0.0,0,0.0
12691,19.0,0,4.0
12692,0.0,0,0.0
12693,8.0,0,-0.0
12694,23.0,0,0.0
12695,12.0,0,3.0
12696,27.0,0,0.0
12697,15.0,0,-1.0
12698,31.0,1,0.0
12699,29.0,0,2.0
12700,12.0,1,-1.0
12701,13.0,0,2.0
12702,6.0,0,0.0
12703,29.0,0,2.0
12704,18.0,0,1.0
12705,2.0,0,3.0
12706,25.0,0,2.0
12707,0.0,0,3.0
12708,16.0,0,1.0
12709,20.0,0,3.0
12710,0.0,0,5.0
12711,22.0,0,0.0
12712,4.0,1,2.0
12713,0.0,0,3.0
12714,0.0,0,0.0
12715,11.0,0,1.0
12716,10.0,1,5.0
12717,0.0,0,1.0
12718,31.0,0,-0.0
12719,24.0,0,2.0
12720,28.0,0,1.0
12721,0.0,0,1.0
12722,23.0,0,-1.0
12723,10.0,1,-1.0
12724,14.0,0,4.0
12725,0.0,0,1.0
12726,0.0,0,0.0
12727,0.0,0,0.0
12728,6.0,0,1.0
12729,22.0,1,-3.0
12730,31.0,0,0.0
12731,26.0,0,0.0
12732,19.0,0,1.0
12733,3.0,1,3.0
12734,30.0,0,1.0
12735,5.0,1,-2.0
12736,16.0,0,3.0
12737,0.0,0,0.0
12738,29.0,0,1.0
12739,0.0,0,3.0
12740,0.0,0,0.0
12741,10.0,0,1.0
12742,31.0,1,0.0
12743,21.0,0,1.0
12744,13.0,0,2.0
12745,2.0,0,-1.0
12746,18.0,0,2.0
12747,31.0,0,0.0
12748,0.0,0,0.0
12749,10.0,0,-2.0
12750,0.0,0,0.0
12751,2.0,0,-1.0
12752,22.0,0,1.0
12753,0.0,0,1.0
12754,27.0,0,3.0
12755,31.0,0,0.0
12756,0.0,0,0.0
12757,0.0,0,0.0
12758,0.0,0,0.0
12759,1.0,1,1.0
12760,31.0,0,-1.0
12761,0.0,0,1.0
12762,25.0,0,4.0
12763,28.0,0,0.0
12764,0.0,0,2.0
12765,1.0,0,1.0
12766,14.0,0,0.0
12767,14.0,0,0.0
12768,26.0,0,3.0
12769,22.0,0,1.0
12770,10.0,0,-1.0
12771,1.0,0,2.0
12772,30.0,0,1.0
12773,27.0,0,2.0
12774,22.0,1,-2.0
12775,29.0,0,0.0
12776,0.0,0,0.0
12777,0.0,0,0.0
12778,31.0,0,0.0
12779,0.0,0,0.0
12780,13.0,0,-2.0
12781,0.0,0,3.0
12782,29.0,0,2.0
12783,5.0,0,1.0
12784,24.0,1,-2.0
12785,0.0,0,1.0
12786,14.0,0,2.0
12787,0.0,0,3.0
12788,31.0,0,-2.0
12789,31.0,1,1.0
12790,9.0,0,0.0
12791,30.0,0,-0.0
12792,6.0,0,-1.0
12793,2.0,0,1.0
12794,0.0,0,2.0
12795,29.0,0,2.0
12796,21.0,0,1.0
12797,24.0,0,1.0
12798,0.0,0,0.0
12799,31.0,1,3.0
12800,28.0,0,2.0
12801,17.0,1,1.0
12802,26.0,1,1.0
12803,11.0,0,2.0
12804,10.0,1,0.0
12805,2.0,0,1.0
12806,9.0,0,1.0
12807,0.0,0,0.0
12808,30.0,1,1.0
12809,31.0,0,0.0
12810,22.0,0,-1.0
12811,5.0,0,0.0
12812,19.0,0,1.0
12813,0.0,0,0.0
12814,20.0,0,-0.0
12815,0.0,0,1.0
12816,0.0,0,1.0
12817,11.0,0,1.0
12818,1.0,0,-0.0
12819,12.0,0,-1.0
12820,26.0,0,2.0
12821,28.0,0,1.0
12822,30.0,0,1.0
12823,3.0,1,3.0
12824,0.0,0,0.0
12825,14.0,0,-0.0
12826,29.0,0,-1.0
12827,0.0,1,0.0
12828,31.0,0,0.0
12829,28.0,0,-0.0
12830,9.0,0,-0.0
12831,16.0,0,3.0
12832,31.0,1,1.0
12833,30.0,0,-2.0
12834,24.0,1,-1.0
12835,16.0,0,3.0
12836,16.0,0,-3.0
12837,0.0,0,4.0
12838,20.0,0,1.0
12839,1.0,0,1.0
12840,0.0,0,3.0
12841,14.0,0,4.0
12842,27.0,0,-2.0
12843,24.0,1,1.0
12844,4.0,1,4.0
12845,6.0,0,-0.0
12846,0.0,0,1.0
12847,14.0,1,3.0
12848,23.0,0,1.0
12849,27.0,0,3.0
12850,0.0,0,0.0
12851,26.0,0,0.0
12852,0.0,0,0.0
12853,3.0,0,-1.0
12854,2.0,0,-2.0
12855,0.0,1,0.0
12856,0.0,0,0.0
12857,19.0,0,2.0
12858,9.0,0,-1.0
12859,23.0,0,-1.0
12860,0.0,0,0.0
12861,7.0,0,2.0
12862,0.0,0,0.0
12863,0.0,0,0.0
12864,17.0,0,4.0
12865,0.0,0,0.0
12866,0.0,0,2.0
12867,0.0,0,0.0
12868,0.0,0,1.0
12869,0.0,1,0.0
12870,0.0,0,1.0
12871,20.0,0,6.0
12872,0.0,0,0.0
12873,0.0,0,1.0
12874,31.0,0,0.0
12875,0.0,1,0.0
12876,0.0,0,0.0
12877,27.0,0,-2.0
12878,31.0,0,-0.0
12879,0.0,0,2.0
12880,21.0,0,2.0
12881,31.0,0,0.0
12882,0.0,0,1.0
12883,31.0,0,-1.0
12884,24.0,0,0.0
12885,0.0,1,0.0
12886,0.0,0,0.0
12887,0.0,0,1.0
12888,0.0,0,3.0
12889,1.0,0,-1.0
12890,28.0,0,3.0
12891,0.0,0,0.0
12892,0.0,0,4.0
12893,11.0,0,1.0
12894,7.0,0,1.0
12895,22.0,0,1.0
12896,31.0,0,0.0
12897,0.0,0,0.0
12898,0.0,0,1.0
12899,15.0,0,1.0
12900,23.0,0,-2.0
12901,31.0,0,0.0
12902,0.0,0,2.0
12903,0.0,0,0.0
12904,14.0,0,1.0
12905,6.0,0,-1.0
12906,31.0,0,0.0
12907,31.0,1,0.0
12908,3.0,0,-1.0
12909,28.0,0,2.0
12910,18.0,0,0.0
12911,22.0,0,1.0
12912,0.0,0,0.0
12913,31.0,0,-0.0
12914,0.0,0,2.0
12915,27.0,1,1.0
12916,3.0,1,3.0
12917,2.0,0,1.0
12918,18.0,0,3.0
12919,0.0,0,0.0
12920,18.0,1,4.0
12921,0.0,0,1.0
12922,20.0,0,2.0
12923,31.0,0,0.0
12924,0.0,0,0.0
12925,13.0,0,-2.0
12926,28.0,0,-1.0
12927,8.0,0,0.0
12928,0.0,0,1.0
12929,0.0,0,0.0
12930,31.0,0,-1.0
12931,0.0,0,2.0
12932,0.0,0,1.0
12933,8.0,0,-0.0
12934,27.0,0,0.0
12935,0.0,1,0.0
12936,0.0,0,0.0
12937,23.0,0,3.0
12938,0.0,0,1.0
12939,14.0,0,-2.0
12940,0.0,0,0.0
12941,0.0,0,1.0
12942,0.0,0,0.0
12943,31.0,0,0.0
12944,5.0,0,4.0
12945,25.0,0,4.0
12946,0.0,0,0.0
12947,8.0,1,-1.0
12948,6.0,1,1.0
12949,27.0,1,0.0
12950,18.0,0,-2.0
12951,15.0,0,4.0
12952,31.0,0,0.0
12953,0.0,0,3.0
12954,0.0,0,1.0
12955,0.0,0,3.0
12956,0.0,0,1.0
12957,13.0,0,3.0
12958,28.0,0,-2.0
12959,15.0,0,-1.0
12960,31.0,0,-0.0
12961,11.0,0,2.0
12962,4.0,1,4.0
12963,31.0,0,0.0
12964,21.0,0,1.0
12965,19.0,0,6.0
12966,0.0,0,5.0
12967,2.0,0,1.0
12968,0.0,0,0.0
12969,31.0,0,-1.0
12970,31.0,0,0.0
12971,19.0,0,1.0
12972,25.0,0,1.0
12973,0.0,0,1.0
12974,30.0,1,-1.0
12975,22.0,0,3.0
12976,31.0,0,0.0
12977,18.0,0,2.0
12978,0.0,0,0.0
12979,1.0,0,-1.0
12980,0.0,1,0.0
12981,25.0,0,2.0
12982,29.0,0,-1.0
12983,0.0,0,1.0
12984,0.0,0,2.0
12985,7.0,0,3.0
12986,0.0,0,2.0
12987,24.0,0,1.0
12988,20.0,0,-0.0
12989,0.0,0,0.0
12990,1.0,0,0.0
12991,0.0,0,1.0
12992,0.0,0,0.0
12993,2.0,1,2.0
12994,13.0,0,5.0
12995,30.0,0,1.0
12996,0.0,0,0.0
12997,0.0,0,2.0
12998,22.0,0,-2.0
12999,31.0,1,4.0
13000,20.0,0,5.0
13001,0.0,0,1.0
13002,4.0,0,4.0
13003,26.0,0,0.0
13004,22.0,0,3.0
13005,0.0,0,0.0
13006,0.0,0,1.0
13007,22.0,0,2.0
13008,31.0,0,0.0
13009,19.0,0,1.0
13010,0.0,0,0.0
13011,18.0,0,-3.0
13012,0.0,0,0.0
13013,0.0,1,0.0
13014,21.0,0,2.0
13015,13.0,0,-0.0
13016,6.0,0,3.0
13017,0.0,0,0.0
13018,12.0,0,0.0
13019,18.0,0,-1.0
13020,11.0,0,-0.0
13021,0.0,0,1.0
13022,5.0,0,-0.0
13023,0.0,0,1.0
13024,1.0,1,0.0
13025,8.0,0,1.0
13026,20.0,0,-2.0
13027,11.0,0,-2.0
13028,10.0,1,1.0
13029,23.0,0,3.0
13030,0.0,0,1.0
13031,0.0,0,1.0
13032,24.0,0,1.0
13033,31.0,1,4.0
13034,8.0,0,-0.0
13035,31.0,0,-1.0
13036,0.0,0,0.0
13037,0.0,0,2.0
13038,0.0,0,2.0
13039,31.0,1,0.0
13040,28.0,0,2.0
13041,28.0,1,0.0
13042,0.0,1,0.0
13043,7.0,0,-0.0
13044,15.0,0,-1.0
13045,20.0,1,1.0
13046,3.0,0,2.0
13047,0.0,0,2.0
13048,0.0,0,2.0
13049,23.0,0,0.0
13050,1.0,1,1.0
13051,21.0,0,1.0
13052,29.0,0,-2.0
13053,11.0,0,-0.0
13054,25.0,0,-0.0
13055,19.0,0,0.0
13056,31.0,0,-1.0
13057,0.0,0,0.0
13058,5.0,0,4.0
13059,0.0,0,0.0
13060,31.0,0,-0.0
13061,29.0,1,2.0
13062,30.0,0,-0.0
13063,10.0,0,-2.0
13064,4.0,0,-1.0
13065,31.0,0,0.0
13066,5.0,0,1.0
13067,25.0,0,2.0
13068,26.0,0,4.0
13069,9.0,0,-4.0
13070,0.0,0,0.0
13071,0.0,0,1.0
13072,10.0,1,0.0
13073,0.0,0,0.0
13074,0.0,0,0.0
13075,0.0,1,0.0
13076,31.0,0,0.0
13077,8.0,0,2.0
13078,7.0,0,2.0
13079,0.0,1,0.0
13080,28.0,0,0.0
13081,0.0,0,0.0
13082,26.0,0,-2.0
13083,13.0,1,-1.0
13084,0.0,0,2.0
13085,13.0,0,-0.0
13086,6.0,0,3.0
13087,0.0,0,1.0
13088,7.0,0,-1.0
13089,26.0,0,-2.0
13090,31.0,0,0.0
13091,0.0,0,1.0
13092,0.0,0,0.0
13093,20.0,0,1.0
13094,14.0,0,3.0
13095,0.0,1,0.0
13096,29.0,0,1.0
13097,17.0,1,3.0
13098,30.0,0,1.0
13099,0.0,0,2.0
13100,9.0,0,-0.0
13101,2.0,1,2.0
13102,0.0,0,2.0
13103,13.0,0,-1.0
13104,24.0,0,2.0
13105,0.0,0,4.0
13106,0.0,0,1.0
13107,0.0,0,0.0
13108,0.0,0,0.0
13109,14.0,0,0.0
13110,5.0,0,1.0
13111,0.0,0,0.0
13112,0.0,0,4.0
13113,20.0,1,1.0
13114,28.0,0,-1.0
13115,0.0,0,0.0
13116,31.0,0,0.0
13117,13.0,0,4.0
13118,11.0,1,2.0
13119,24.0,0,4.0
13120,0.0,0,0.0
13121,0.0,0,0.0
13122,21.0,1,-0.0
13123,0.0,0,1.0
13124,17.0,0,2.0
13125,29.0,1,-1.0
13126,6.0,0,-1.0
13127,12.0,0,3.0
13128,0.0,0,0.0
13129,31.0,0,0.0
13130,0.0,0,0.0
13131,29.0,0,-0.0
13132,5.0,1,2.0
13133,25.0,0,-1.0
13134,14.0,0,-2.0
13135,17.0,0,2.0
13136,15.0,0,3.0
13137,30.0,1,0.0
13138,0.0,0,0.0
13139,0.0,0,0.0
13140,31.0,0,0.0
13141,0.0,0,0.0
13142,4.0,0,-2.0
13143,0.0,0,0.0
13144,31.0,0,0.0
13145,27.0,0,3.0
13146,0.0,0,0.0
13147,31.0,0,-1.0
13148,29.0,0,1.0
13149,23.0,0,0.0
13150,0.0,0,3.0
13151,9.0,0,3.0
13152,30.0,0,0.0
13153,0.0,0,0.0
13154,0.0,0,4.0
13155,20.0,0,0.0
13156,20.0,0,2.0
13157,0.0,0,0.0
13158,31.0,0,0.0
13159,31.0,0,-2.0
13160,0.0,0,0.0
13161,0.0,0,0.0
13162,6.0,1,1.0
13163,21.0,0,-1.0
13164,31.0,1,5.0
13165,19.0,0,-0.0
13166,21.0,0,-0.0
13167,9.0,1,0.0
13168,0.0,0,0.0
13169,18.0,0,1.0
13170,27.0,0,-2.0
13171,1.0,0,-0.0
13172,0.0,0,0.0
13173,25.0,0,1.0
13174,0.0,0,3.0
13175,28.0,0,1.0
13176,31.0,0,0.0
13177,0.0,0,1.0
13178,20.0,1,3.0
13179,0.0,0,0.0
13180,18.0,0,-2.0
13181,17.0,1,4.0
13182,0.0,0,1.0
13183,30.0,1,4.0
13184,31.0,0,-0.0
13185,10.0,1,2.0
13186,2.0,1,2.0
13187,25.0,1,-2.0
13188,11.0,0,-0.0
13189,21.0,0,-2.0
13190,30.0,0,1.0
13191,31.0,0,0.0
13192,29.0,1,3.0
13193,7.0,0,1.0
13194,0.0,0,0.0
13195,0.0,0,0.0
13196,21.0,0,2.0
13197,1.0,1,1.0
13198,28.0,0,1.0
13199,4.0,0,-1.0
13200,0.0,0,2.0
13201,0.0,1,0.0
13202,0.0,1,0.0
13203,0.0,0,0.0
13204,14.0,0,1.0
13205,31.0,0,0.0
13206,2.0,0,4.0
13207,0.0,0,0.0
13208,16.0,0,2.0
13209,0.0,0,0.0
13210,31.0,1,0.0
13211,12.0,0,1.0
13212,30.0,0,-1.0
13213,31.0,0,0.0
13214,25.0,0,3.0
13215,31.0,0,0.0
13216,3.0,1,3.0
13217,31.0,0,0.0
13218,15.0,0,2.0
13219,7.0,0,1.0
13220,31.0,0,0.0
13221,19.0,0,-0.0
13222,26.0,0,2.0
13223,26.0,1,1.0
13224,0.0,0,1.0
13225,29.0,0,1.0
13226,25.0,1,1.0
13227,11.0,0,-0.0
13228,23.0,0,1.0
13229,16.0,0,4.0
13230,13.0,0,2.0
13231,0.0,0,0.0
13232,27.0,1,3.0
13233,1.0,0,4.0
13234,0.0,1,0.0
13235,0.0,0,0.0
13236,23.0,0,2.0
13237,0.0,0,0.0
13238,31.0,0,-0.0
13239,0.0,0,5.0
13240,8.0,0,2.0
13241,26.0,0,-1.0
13242,13.0,0,0.0
13243,0.0,0,1.0
13244,20.0,0,1.0
13245,0.0,0,5.0
13246,13.0,0,2.0
13247,0.0,0,0.0
13248,14.0,0,2.0
13249,0.0,0,2.0
13250,0.0,0,3.0
13251,11.0,0,1.0
13252,0.0,0,2.0
13253,31.0,0,0.0
13254,29.0,0,2.0
13255,10.0,0,0.0
13256,30.0,1,1.0
13257,23.0,0,3.0
13258,30.0,1,2.0
13259,23.0,0,3.0
13260,5.0,0,1.0
13261,0.0,0,0.0
13262,15.0,0,3.0
13263,0.0,0,0.0
13264,20.0,0,2.0
13265,0.0,0,0.0
13266,3.0,0,-1.0
13267,10.0,0,4.0
13268,0.0,0,2.0
13269,18.0,0,4.0
13270,14.0,0,0.0
13271,0.0,0,0.0
13272,18.0,0,4.0
13273,0.0,0,2.0
13274,0.0,0,1.0
13275,0.0,1,0.0
13276,30.0,0,1.0
13277,15.0,0,1.0
13278,0.0,0,4.0
13279,15.0,0,3.0
13280,28.0,0,1.0
13281,11.0,0,3.0
13282,12.0,1,2.0
13283,26.0,0,2.0
13284,0.0,0,0.0
13285,30.0,0,1.0
13286,28.0,0,1.0
13287,14.0,0,4.0
13288,2.0,1,2.0
13289,0.0,1,0.0
13290,24.0,0,3.0
13291,7.0,0,3.0
13292,0.0,1,0.0
13293,31.0,0,-1.0
13294,0.0,0,0.0
13295,0.0,0,3.0
13296,0.0,0,0.0
13297,20.0,1,0.0
13298,0.0,0,0.0
13299,0.0,0,2.0
13300,31.0,0,0.0
13301,30.0,0,-2.0
13302,2.0,1,2.0
13303,0.0,0,1.0
13304,25.0,0,4.0
13305,6.0,0,1.0
13306,0.0,0,4.0
13307,0.0,0,0.0
13308,25.0,0,-1.0
13309,17.0,0,-0.0
13310,0.0,0,3.0
13311,12.0,0,-4.0
13312,0.0,0,0.0
13313,0.0,0,2.0
13314,16.0,0,1.0
13315,25.0,0,-0.0
13316,17.0,0,1.0
13317,9.0,0,-0.0
13318,0.0,0,0.0
13319,25.0,0,2.0
13320,18.0,1,1.0
13321,18.0,0,0.0
13322,22.0,0,1.0
13323,28.0,0,1.0
13324,2.0,0,1.0
13325,9.0,1,9.0
13326,18.0,0,4.0
13327,30.0,1,-1.0
13328,0.0,0,0.0
13329,19.0,0,1.0
13330,1.0,0,-1.0
13331,5.0,0,3.0
13332,0.0,0,2.0
13333,31.0,1,-0.0
13334,24.0,0,-1.0
13335,25.0,1,1.0
13336,9.0,0,-3.0
13337,20.0,0,-0.0
13338,14.0,0,1.0
13339,0.0,0,3.0
13340,0.0,0,0.0
13341,0.0,0,3.0
13342,0.0,0,1.0
13343,31.0,0,0.0
13344,0.0,1,0.0
13345,29.0,1,1.0
13346,0.0,0,0.0
13347,27.0,0,-0.0
13348,0.0,0,0.0
13349,13.0,1,2.0
13350,3.0,1,3.0
13351,20.0,0,-1.0
13352,31.0,0,0.0
13353,25.0,1,1.0
13354,0.0,0,0.0
13355,0.0,0,0.0
13356,0.0,0,0.0
13357,9.0,0,-2.0
13358,0.0,0,0.0
13359,31.0,0,-2.0
13360,0.0,0,3.0
13361,15.0,0,1.0
13362,31.0,0,-0.0
13363,20.0,0,1.0
13364,31.0,0,0.0
13365,21.0,0,2.0
13366,31.0,1,1.0
13367,1.0,1,1.0
13368,28.0,0,3.0
13369,22.0,0,-2.0
13370,11.0,0,3.0
13371,4.0,1,4.0
13372,16.0,0,-1.0
13373,0.0,0,2.0
13374,31.0,0,0.0
13375,21.0,0,-0.0
13376,0.0,0,0.0
13377,18.0,0,-1.0
13378,10.0,0,1.0
13379,15.0,1,1.0
13380,26.0,0,3.0
13381,10.0,0,3.0
13382,0.0,0,0.0
13383,21.0,0,-1.0
13384,31.0,0,-0.0
13385,28.0,0,-0.0
13386,0.0,0,1.0
13387,31.0,0,0.0
13388,0.0,0,2.0
13389,1.0,0,1.0
13390,31.0,0,0.0
13391,31.0,0,-1.0
13392,31.0,0,0.0
13393,20.0,0,-2.0
13394,16.0,0,-1.0
13395,21.0,0,3.0
13396,24.0,0,3.0
13397,20.0,0,0.0
13398,1.0,1,1.0
13399,29.0,0,2.0
13400,24.0,0,4.0
13401,10.0,0,0.0
13402,9.0,0,-2.0
13403,19.0,0,4.0
13404,4.0,0,2.0
13405,22.0,0,2.0
13406,0.0,0,1.0
13407,0.0,0,1.0
13408,31.0,0,0.0
13409,18.0,0,-0.0
13410,1.0,1,1.0
13411,24.0,1,3.0
13412,30.0,0,1.0
13413,0.0,0,5.0
13414,30.0,0,-1.0
13415,0.0,0,1.0
13416,0.0,0,2.0
13417,0.0,0,2.0
13418,0.0,0,4.0
13419,8.0,0,5.0
13420,24.0,0,0.0
13421,26.0,1,-0.0
13422,0.0,1,0.0
13423,0.0,0,3.0
13424,0.0,0,3.0
13425,0.0,0,0.0
13426,22.0,0,-1.0
13427,17.0,1,0.0
13428,17.0,0,-1.0
13429,31.0,0,-1.0
13430,3.0,1,1.0
13431,14.0,0,0.0
13432,30.0,1,-1.0
13433,1.0,1,1.0
13434,0.0,0,2.0
13435,0.0,0,2.0
13436,14.0,0,-1.0
13437,10.0,0,-2.0
13438,10.0,0,2.0
13439,14.0,0,-2.0
13440,1.0,0,-1.0
13441,28.0,0,-1.0
13442,28.0,1,-3.0
13443,31.0,0,0.0
13444,28.0,0,0.0
13445,26.0,0,1.0
13446,30.0,1,-0.0
13447,0.0,0,3.0
13448,28.0,0,1.0
13449,0.0,1,0.0
13450,9.0,0,2.0
13451,19.0,0,-1.0
13452,29.0,0,-1.0
13453,9.0,0,3.0
13454,27.0,0,1.0
13455,15.0,0,2.0
13456,0.0,0,0.0
13457,19.0,0,-0.0
13458,27.0,0,3.0
13459,0.0,0,0.0
13460,5.0,1,1.0
13461,0.0,0,0.0
13462,13.0,0,1.0
13463,0.0,1,0.0
13464,14.0,0,1.0
13465,26.0,0,-1.0
13466,17.0,0,1.0
13467,22.0,0,1.0
13468,31.0,0,0.0
13469,19.0,0,-2.0
13470,0.0,0,0.0
13471,15.0,0,1.0
13472,0.0,1,0.0
13473,0.0,0,1.0
13474,0.0,0,3.0
13475,0.0,0,0.0
13476,0.0,0,1.0
13477,18.0,0,2.0
13478,0.0,0,1.0
13479,15.0,0,4.0
13480,13.0,0,3.0
13481,0.0,1,0.0
13482,31.0,0,-4.0
13483,0.0,0,3.0
13484,5.0,0,3.0
13485,0.0,1,0.0
13486,0.0,1,0.0
13487,0.0,0,0.0
13488,0.0,0,0.0
13489,2.0,1,-0.0
13490,0.0,0,1.0
13491,11.0,1,2.0
13492,17.0,0,-1.0
13493,0.0,0,0.0
13494,0.0,0,0.0
13495,0.0,0,2.0
13496,12.0,1,3.0
13497,2.0,0,1.0
13498,25.0,0,-0.0
13499,0.0,1,0.0
13500,26.0,0,2.0
13501,25.0,0,1.0
13502,0.0,0,0.0
13503,16.0,0,0.0
13504,9.0,1,1.0
13505,0.0,1,0.0
13506,31.0,0,0.0
13507,17.0,0,2.0
13508,0.0,0,1.0
13509,29.0,0,2.0
13510,24.0,0,1.0
13511,0.0,0,0.0
13512,0.0,0,1.0
13513,22.0,0,-1.0
13514,16.0,0,-0.0
13515,20.0,0,0.0
13516,27.0,0,-0.0
13517,30.0,0,0.0
13518,23.0,1,3.0
13519,30.0,0,1.0
13520,23.0,0,4.0
13521,6.0,0,0.0
13522,0.0,0,0.0
13523,0.0,0,1.0
13524,3.0,0,1.0
13525,27.0,1,1.0
13526,30.0,0,-0.0
13527,0.0,0,1.0
13528,17.0,0,-0.0
13529,0.0,0,0.0
13530,4.0,0,2.0
13531,0.0,0,2.0
13532,0.0,0,5.0
13533,15.0,0,2.0
13534,31.0,0,-0.0
13535,6.0,1,1.0
13536,0.0,1,0.0
13537,22.0,0,1.0
13538,0.0,0,0.0
13539,0.0,0,1.0
13540,0.0,0,0.0
13541,14.0,0,0.0
13542,9.0,1,-0.0
13543,1.0,0,2.0
13544,0.0,0,0.0
13545,10.0,0,1.0
13546,31.0,0,0.0
13547,0.0,0,4.0
13548,0.0,0,0.0
13549,31.0,0,-1.0
13550,0.0,1,0.0
13551,24.0,0,0.0
13552,0.0,0,2.0
13553,2.0,0,1.0
13554,0.0,0,0.0
13555,29.0,0,2.0
13556,20.0,0,3.0
13557,31.0,0,-3.0
13558,0.0,0,2.0
13559,0.0,0,1.0
13560,30.0,0,0.0
13561,0.0,0,4.0
13562,0.0,0,0.0
13563,30.0,0,1.0
13564,23.0,1,-1.0
13565,22.0,0,3.0
13566,19.0,0,7.0
13567,0.0,0,2.0
13568,22.0,0,2.0
13569,0.0,0,0.0
13570,13.0,0,2.0
13571,0.0,0,2.0
13572,28.0,0,1.0
13573,22.0,0,1.0
13574,31.0,0,-1.0
13575,0.0,0,0.0
13576,0.0,0,1.0
13577,0.0,1,0.0
13578,0.0,0,0.0
13579,5.0,0,4.0
13580,0.0,0,0.0
13581,0.0,0,1.0
13582,0.0,0,0.0
13583,0.0,0,0.0
13584,24.0,0,1.0
13585,0.0,0,0.0
13586,0.0,0,0.0
13587,0.0,0,5.0
13588,31.0,1,1.0
13589,31.0,0,0.0
13590,31.0,0,-1.0
13591,12.0,0,-1.0
13592,0.0,0,1.0
13593,9.0,0,1.0
13594,8.0,0,-1.0
13595,0.0,0,0.0
13596,2.0,0,3.0
13597,31.0,0,-0.0
13598,0.0,0,2.0
13599,28.0,0,2.0
13600,15.0,1,-0.0
13601,0.0,0,3.0
13602,7.0,1,-1.0
13603,31.0,1,0.0
13604,20.0,0,1.0
13605,19.0,0,1.0
13606,4.0,1,4.0
13607,31.0,0,0.0
13608,1.0,1,1.0
13609,0.0,1,0.0
13610,0.0,0,2.0
13611,31.0,0,-1.0
13612,28.0,0,3.0
13613,28.0,0,-1.0
13614,17.0,0,-1.0
13615,0.0,0,0.0
13616,11.0,0,-1.0
13617,31.0,0,0.0
13618,31.0,0,0.0
13619,0.0,0,6.0
13620,0.0,0,2.0
13621,14.0,1,2.0
13622,30.0,0,-3.0
13623,0.0,0,0.0
13624,0.0,0,0.0
13625,12.0,0,2.0
13626,23.0,0,-0.0
13627,8.0,0,-1.0
13628,11.0,0,1.0
13629,0.0,0,0.0
13630,0.0,0,1.0
13631,0.0,0,1.0
13632,0.0,0,2.0
13633,31.0,0,0.0
13634,12.0,0,1.0
13635,31.0,0,0.0
13636,31.0,1,3.0
13637,0.0,0,2.0
13638,9.0,0,-1.0
13639,20.0,0,2.0
13640,18.0,0,3.0
13641,0.0,0,0.0
13642,31.0,0,0.0
13643,9.0,0,4.0
13644,16.0,0,1.0
13645,24.0,0,-0.0
13646,30.0,0,-1.0
13647,1.0,1,1.0
13648,26.0,0,1.0
13649,21.0,0,1.0
13650,31.0,0,0.0
13651,22.0,0,1.0
13652,0.0,0,0.0
13653,0.0,0,0.0
13654,17.0,0,2.0
13655,0.0,0,2.0
13656,31.0,1,0.0
13657,0.0,1,0.0
13658,5.0,1,5.0
13659,0.0,0,3.0
13660,0.0,0,3.0
13661,21.0,0,-1.0
13662,0.0,1,0.0
13663,2.0,1,2.0
13664,0.0,0,1.0
13665,27.0,0,3.0
13666,11.0,0,2.0
13667,12.0,0,3.0
13668,31.0,1,0.0
13669,0.0,0,1.0
13670,29.0,0,0.0
13671,0.0,0,0.0
13672,26.0,0,3.0
13673,0.0,0,4.0
13674,0.0,0,4.0
13675,10.0,0,-0.0
13676,1.0,0,1.0
13677,5.0,0,2.0
13678,29.0,0,1.0
13679,16.0,0,-0.0
13680,15.0,0,1.0
13681,0.0,0,1.0
13682,0.0,1,0.0
13683,31.0,0,-1.0
13684,0.0,0,0.0
13685,31.0,1,0.0
13686,31.0,0,0.0
13687,28.0,0,0.0
13688,26.0,0,2.0
13689,31.0,1,0.0
13690,10.0,0,1.0
13691,0.0,0,2.0
13692,28.0,0,0.0
13693,19.0,0,2.0
13694,14.0,0,1.0
13695,10.0,0,-1.0
13696,24.0,0,3.0
13697,19.0,1,0.0
13698,25.0,1,-1.0
13699,15.0,0,3.0
13700,4.0,0,-0.0
13701,0.0,0,3.0
13702,0.0,0,0.0
13703,0.0,0,0.0
13704,31.0,0,0.0
13705,0.0,1,0.0
13706,2.0,1,2.0
13707,8.0,0,2.0
13708,0.0,0,1.0
13709,23.0,0,1.0
13710,0.0,0,4.0
13711,0.0,0,2.0
13712,23.0,0,-1.0
13713,31.0,0,-0.0
13714,22.0,1,0.0
13715,29.0,0,2.0
13716,10.0,1,-0.0
13717,31.0,1,0.0
13718,14.0,1,4.0
13719,0.0,0,2.0
13720,0.0,1,0.0
13721,0.0,0,3.0
13722,21.0,0,-1.0
13723,30.0,0,0.0
13724,29.0,0,0.0
13725,6.0,0,0.0
13726,0.0,0,0.0
13727,26.0,0,2.0
13728,12.0,0,-0.0
13729,31.0,0,-1.0
13730,31.0,1,0.0
13731,31.0,1,0.0
13732,30.0,0,-0.0
13733,31.0,0,0.0
13734,29.0,0,2.0
13735,11.0,0,-2.0
13736,21.0,0,-0.0
13737,0.0,0,0.0
13738,23.0,1,0.0
13739,30.0,1,2.0
13740,31.0,1,2.0
13741,0.0,0,3.0
13742,0.0,0,0.0
13743,11.0,0,-1.0
13744,28.0,0,3.0
13745,0.0,0,1.0
13746,0.0,0,1.0
13747,12.0,0,3.0
13748,2.0,0,2.0
13749,28.0,0,0.0
13750,6.0,0,-0.0
13751,31.0,1,0.0
13752,16.0,0,0.0
13753,0.0,0,0.0
13754,31.0,1,0.0
13755,30.0,0,1.0
13756,2.0,1,2.0
13757,20.0,0,-2.0
13758,0.0,0,1.0
13759,18.0,0,4.0
13760,0.0,1,0.0
13761,24.0,1,1.0
13762,0.0,0,2.0
13763,30.0,0,1.0
13764,25.0,0,1.0
13765,19.0,0,2.0
13766,14.0,0,1.0
13767,0.0,0,0.0
13768,30.0,0,1.0
13769,23.0,0,-0.0
13770,4.0,0,2.0
13771,9.0,1,2.0
13772,28.0,1,0.0
13773,31.0,0,0.0
13774,15.0,0,1.0
13775,30.0,0,1.0
13776,30.0,0,-1.0
13777,0.0,0,0.0
13778,0.0,1,0.0
13779,19.0,0,1.0
13780,10.0,0,1.0
13781,0.0,0,0.0
13782,31.0,1,0.0
13783,0.0,0,2.0
13784,17.0,0,1.0
13785,3.0,0,-0.0
13786,28.0,0,-1.0
13787,0.0,0,1.0
13788,29.0,0,2.0
13789,0.0,0,0.0
13790,0.0,0,4.0
13791,26.0,0,3.0
13792,20.0,0,1.0
13793,0.0,0,2.0
13794,3.0,0,3.0
13795,0.0,0,0.0
13796,31.0,0,-2.0
13797,31.0,0,0.0
13798,0.0,0,6.0
13799,28.0,0,3.0
13800,29.0,0,-1.0
13801,25.0,0,3.0
13802,0.0,0,2.0
13803,21.0,1,1.0
13804,26.0,0,4.0
13805,12.0,1,3.0
13806,0.0,0,2.0
13807,0.0,0,0.0
13808,0.0,0,1.0
13809,6.0,0,1.0
13810,0.0,0,0.0
13811,20.0,0,0.0
13812,0.0,0,2.0
13813,31.0,1,3.0
13814,0.0,0,0.0
13815,13.0,0,-0.0
13816,0.0,0,3.0
13817,26.0,0,2.0
13818,0.0,0,4.0
13819,15.0,0,1.0
13820,23.0,1,-3.0
13821,9.0,0,2.0
13822,0.0,0,2.0
13823,1.0,0,0.0
13824,25.0,0,3.0
13825,0.0,0,2.0
13826,9.0,1,-1.0
13827,0.0,0,0.0
13828,28.0,0,1.0
13829,25.0,0,-0.0
13830,0.0,1,0.0
13831,17.0,0,0.0
13832,0.0,0,1.0
13833,0.0,0,1.0
13834,20.0,0,-0.0
13835,31.0,0,0.0
13836,31.0,0,0.0
13837,0.0,0,3.0
13838,0.0,0,2.0
13839,19.0,0,3.0
13840,17.0,0,3.0
13841,17.0,0,2.0
13842,0.0,0,2.0
13843,0.0,0,2.0
13844,31.0,0,0.0
13845,20.0,0,1.0
13846,13.0,0,4.0
13847,0.0,0,0.0
13848,0.0,0,0.0
13849,29.0,1,0.0
13850,0.0,0,0.0
13851,7.0,1,-3.0
13852,2.0,1,2.0
13853,0.0,0,2.0
13854,0.0,0,0.0
13855,0.0,1,0.0
13856,0.0,0,0.0
13857,16.0,0,1.0
13858,0.0,0,0.0
13859,25.0,0,0.0
13860,0.0,0,0.0
13861,0.0,0,1.0
13862,2.0,1,2.0
13863,31.0,0,0.0
13864,20.0,1,-2.0
13865,28.0,0,2.0
13866,1.0,1,1.0
13867,0.0,0,0.0
13868,24.0,1,-3.0
13869,12.0,0,1.0
13870,17.0,0,1.0
13871,9.0,1,0.0
13872,28.0,0,1.0
13873,29.0,0,2.0
13874,23.0,0,0.0
13875,3.0,0,2.0
13876,3.0,0,4.0
13877,17.0,0,2.0
13878,4.0,0,0.0
13879,2.0,0,3.0
13880,26.0,0,-1.0
13881,26.0,0,2.0
13882,14.0,0,-0.0
13883,24.0,0,0.0
13884,29.0,0,1.0
13885,2.0,1,2.0
13886,0.0,0,0.0
13887,24.0,0,2.0
13888,0.0,0,1.0
13889,17.0,1,5.0
13890,27.0,0,1.0
13891,20.0,0,-2.0
13892,0.0,0,0.0
13893,31.0,0,0.0
13894,21.0,0,2.0
13895,0.0,0,2.0
13896,0.0,0,1.0
13897,28.0,0,2.0
13898,0.0,0,1.0
13899,31.0,1,1.0
13900,0.0,0,0.0
13901,28.0,0,0.0
13902,19.0,0,0.0
13903,28.0,0,1.0
13904,12.0,0,-1.0
13905,0.0,0,0.0
13906,0.0,1,0.0
13907,0.0,0,3.0
13908,31.0,0,0.0
13909,0.0,0,0.0
13910,27.0,0,0.0
13911,20.0,1,3.0
13912,11.0,0,0.0
13913,31.0,0,0.0
13914,31.0,1,0.0
13915,24.0,0,0.0
13916,19.0,0,1.0
13917,8.0,0,1.0
13918,0.0,0,2.0
13919,6.0,0,2.0
13920,31.0,0,0.0
13921,0.0,0,4.0
13922,7.0,1,7.0
13923,5.0,1,1.0
13924,31.0,0,0.0
13925,7.0,0,2.0
13926,17.0,0,2.0
13927,5.0,0,-0.0
13928,31.0,0,0.0
13929,16.0,0,2.0
13930,16.0,0,4.0
13931,3.0,1,-0.0
13932,31.0,0,0.0
13933,18.0,0,-1.0
13934,0.0,0,0.0
13935,31.0,0,-1.0
13936,31.0,1,0.0
13937,24.0,0,0.0
13938,0.0,0,1.0
13939,0.0,0,3.0
13940,27.0,0,1.0
13941,0.0,0,0.0
13942,0.0,0,0.0
13943,0.0,0,4.0
13944,11.0,0,-2.0
13945,17.0,0,4.0
13946,31.0,0,-1.0
13947,0.0,0,1.0
13948,10.0,1,-0.0
13949,0.0,0,0.0
13950,31.0,0,0.0
13951,16.0,0,4.0
13952,21.0,0,2.0
13953,28.0,0,-0.0
13954,0.0,0,1.0
13955,19.0,0,3.0
13956,0.0,0,2.0
13957,0.0,0,2.0
13958,31.0,0,0.0
13959,0.0,0,0.0
13960,27.0,0,-0.0
13961,9.0,0,2.0
13962,0.0,0,1.0
13963,24.0,0,1.0
13964,30.0,0,0.0
13965,6.0,1,-2.0
13966,15.0,0,1.0
13967,23.0,0,1.0
13968,14.0,0,2.0
13969,4.0,0,2.0
13970,30.0,0,1.0
13971,31.0,0,0.0
13972,0.0,0,5.0
13973,26.0,0,2.0
13974,31.0,0,0.0
13975,0.0,0,0.0
13976,31.0,0,0.0
13977,0.0,0,1.0
13978,0.0,0,0.0
13979,0.0,0,0.0
13980,25.0,0,3.0
13981,6.0,1,2.0
13982,0.0,0,0.0
13983,7.0,1,4.0
13984,31.0,0,-2.0
13985,30.0,0,1.0
13986,0.0,0,0.0
13987,0.0,0,3.0
13988,31.0,0,0.0
13989,25.0,1,1.0
13990,20.0,0,7.0
13991,20.0,0,2.0
13992,21.0,0,-1.0
13993,0.0,0,0.0
13994,7.0,0,-0.0
13995,30.0,0,1.0
13996,10.0,0,5.0
13997,30.0,0,1.0
13998,31.0,1,0.0
13999,24.0,0,1.0
14000,30.0,0,-0.0
14001,0.0,1,0.0
14002,0.0,0,0.0
14003,14.0,1,2.0
14004,0.0,0,1.0
14005,0.0,0,0.0
14006,22.0,0,1.0
14007,1.0,0,1.0
14008,0.0,0,1.0
14009,14.0,0,-0.0
14010,0.0,0,0.0
14011,31.0,0,0.0
14012,14.0,0,3.0
14013,14.0,0,-1.0
14014,29.0,1,1.0
14015,15.0,1,-1.0
14016,0.0,0,3.0
14017,0.0,0,2.0
14018,0.0,0,2.0
14019,0.0,0,1.0
14020,0.0,0,1.0
14021,0.0,0,0.0
14022,14.0,0,-3.0
14023,0.0,0,0.0
14024,10.0,0,-1.0
14025,27.0,0,-0.0
14026,24.0,1,1.0
14027,0.0,0,3.0
14028,29.0,0,2.0
14029,3.0,0,2.0
14030,20.0,0,0.0
14031,0.0,0,1.0
14032,22.0,0,-1.0
14033,31.0,0,-0.0
14034,0.0,0,4.0
14035,29.0,0,1.0
14036,0.0,0,0.0
14037,29.0,0,-2.0
14038,3.0,0,0.0
14039,31.0,0,0.0
14040,27.0,0,4.0
14041,0.0,0,0.0
14042,31.0,1,0.0
14043,8.0,0,-1.0
14044,5.0,1,5.0
14045,14.0,0,-3.0
14046,30.0,0,-0.0
14047,30.0,0,1.0
14048,2.0,0,-1.0
14049,31.0,0,0.0
14050,21.0,0,2.0
14051,0.0,0,0.0
14052,0.0,0,0.0
14053,31.0,0,0.0
14054,28.0,0,3.0
14055,4.0,0,3.0
14056,22.0,1,-1.0
14057,29.0,0,2.0
14058,0.0,0,0.0
14059,0.0,0,0.0
14060,31.0,1,6.0
14061,31.0,0,-1.0
14062,2.0,0,-1.0
14063,0.0,0,2.0
14064,3.0,1,1.0
14065,0.0,0,2.0
14066,0.0,0,0.0
14067,31.0,1,0.0
14068,0.0,0,1.0
14069,19.0,1,2.0
14070,0.0,0,0.0
14071,26.0,0,0.0
14072,31.0,0,0.0
14073,21.0,0,-1.0
14074,0.0,0,3.0
14075,29.0,0,-1.0
14076,0.0,0,2.0
14077,0.0,0,1.0
14078,31.0,0,0.0
14079,29.0,0,2.0
14080,0.0,0,1.0
14081,15.0,0,-1.0
14082,23.0,0,-4.0
14083,10.0,0,-3.0
14084,30.0,0,1.0
14085,0.0,0,0.0
14086,0.0,0,1.0
14087,0.0,0,4.0
14088,0.0,0,1.0
14089,28.0,0,2.0
14090,29.0,1,4.0
14091,0.0,0,3.0
14092,0.0,0,5.0
14093,3.0,1,3.0
14094,0.0,0,2.0
14095,0.0,0,1.0
14096,0.0,0,1.0
14097,28.0,0,3.0
14098,30.0,1,5.0
14099,31.0,0,0.0
14100,23.0,0,1.0
14101,4.0,0,0.0
14102,31.0,0,0.0
14103,0.0,0,2.0
14104,10.0,0,2.0
14105,10.0,0,-0.0
14106,31.0,0,0.0
14107,3.0,1,3.0
14108,0.0,0,0.0
14109,3.0,1,3.0
14110,0.0,0,0.0
14111,16.0,0,2.0
14112,15.0,0,-0.0
14113,18.0,0,3.0
14114,17.0,0,-1.0
14115,13.0,0,-1.0
14116,23.0,1,3.0
14117,28.0,0,-1.0
14118,25.0,0,1.0
14119,17.0,0,2.0
14120,0.0,0,0.0
14121,18.0,0,-0.0
14122,1.0,1,1.0
14123,0.0,0,4.0
14124,22.0,1,2.0
14125,31.0,1,2.0
14126,0.0,0,0.0
14127,16.0,0,1.0
14128,31.0,0,-0.0
14129,0.0,0,0.0
14130,15.0,1,2.0
14131,17.0,0,-1.0
14132,31.0,0,-2.0
14133,20.0,1,-1.0
14134,0.0,0,1.0
14135,1.0,1,1.0
14136,5.0,1,5.0
14137,0.0,0,2.0
14138,23.0,0,1.0
14139,4.0,0,-1.0
14140,28.0,0,3.0
14141,31.0,0,0.0
14142,29.0,0,2.0
14143,16.0,0,4.0
14144,20.0,0,0.0
14145,0.0,0,4.0
14146,0.0,0,1.0
14147,22.0,0,1.0
14148,14.0,1,2.0
14149,31.0,0,0.0
14150,25.0,0,0.0
14151,11.0,0,1.0
14152,26.0,0,-0.0
14153,0.0,0,0.0
14154,0.0,0,1.0
14155,26.0,0,2.0
14156,27.0,1,1.0
14157,13.0,0,1.0
14158,31.0,0,0.0
14159,0.0,0,0.0
14160,22.0,1,3.0
14161,2.0,1,2.0
14162,0.0,0,0.0
14163,0.0,0,2.0
14164,23.0,0,1.0
14165,6.0,0,4.0
14166,1.0,1,1.0
14167,0.0,0,1.0
14168,31.0,0,-2.0
14169,0.0,0,2.0
14170,0.0,0,2.0
14171,13.0,0,0.0
14172,0.0,0,0.0
14173,26.0,0,0.0
14174,24.0,0,4.0
14175,0.0,0,2.0
14176,0.0,0,4.0
14177,0.0,0,0.0
14178,2.0,1,2.0
14179,31.0,0,0.0
14180,0.0,0,0.0
14181,0.0,0,0.0
14182,18.0,0,2.0
14183,27.0,0,1.0
14184,22.0,0,3.0
14185,23.0,0,1.0
14186,31.0,0,0.0
14187,5.0,0,-2.0
14188,13.0,0,2.0
14189,30.0,0,-1.0
14190,29.0,0,1.0
14191,22.0,0,1.0
14192,21.0,1,2.0
14193,7.0,1,0.0
14194,12.0,1,2.0
14195,19.0,0,1.0
14196,0.0,0,0.0
14197,19.0,0,0.0
14198,9.0,0,-4.0
14199,0.0,0,1.0
14200,31.0,0,-3.0
14201,31.0,0,0.0
14202,18.0,0,-1.0
14203,31.0,0,0.0
14204,16.0,0,-0.0
14205,3.0,0,1.0
14206,7.0,1,1.0
14207,17.0,0,1.0
14208,20.0,0,0.0
14209,31.0,1,0.0
14210,28.0,0,2.0
14211,31.0,0,0.0
14212,31.0,0,-0.0
14213,31.0,0,0.0
14214,0.0,0,1.0
14215,0.0,0,0.0
14216,13.0,1,-0.0
14217,0.0,0,1.0
14218,0.0,0,2.0
14219,0.0,0,2.0
14220,0.0,0,0.0
14221,30.0,0,0.0
14222,0.0,0,2.0
14223,28.0,1,3.0
14224,26.0,0,0.0
14225,20.0,0,0.0
14226,19.0,0,-3.0
14227,23.0,0,1.0
14228,0.0,0,0.0
14229,28.0,1,3.0
14230,3.0,1,3.0
14231,0.0,0,2.0
14232,2.0,1,2.0
14233,3.0,0,0.0
14234,11.0,0,4.0
14235,26.0,0,2.0
14236,22.0,0,1.0
14237,0.0,0,0.0
14238,28.0,0,-1.0
14239,31.0,0,0.0
14240,11.0,0,0.0
14241,28.0,0,2.0
14242,0.0,0,2.0
14243,0.0,1,0.0
14244,0.0,0,0.0
14245,26.0,0,-2.0
14246,6.0,0,-0.0
14247,0.0,0,1.0
14248,0.0,0,1.0
14249,26.0,0,1.0
14250,19.0,0,-1.0
14251,0.0,0,0.0
14252,21.0,0,4.0
14253,8.0,0,-1.0
14254,30.0,0,-0.0
14255,0.0,0,0.0
14256,30.0,0,-1.0
14257,26.0,0,3.0
14258,0.0,0,3.0
14259,18.0,1,0.0
14260,7.0,0,1.0
14261,0.0,0,0.0
14262,12.0,1,0.0
14263,0.0,0,1.0
14264,21.0,0,-0.0
14265,27.0,0,-1.0
14266,9.0,0,-0.0
14267,0.0,0,0.0
14268,0.0,0,0.0
14269,0.0,0,2.0
14270,0.0,0,5.0
14271,0.0,0,0.0
14272,3.0,0,3.0
14273,31.0,1,0.0
14274,31.0,0,-2.0
14275,0.0,0,0.0
14276,23.0,0,-3.0
14277,31.0,0,0.0
14278,6.0,1,4.0
14279,31.0,1,1.0
14280,0.0,0,0.0
14281,0.0,0,3.0
14282,15.0,1,-3.0
14283,3.0,0,2.0
14284,24.0,0,2.0
14285,0.0,0,1.0
14286,15.0,0,3.0
14287,1.0,0,-1.0
14288,0.0,0,0.0
14289,18.0,0,1.0
14290,20.0,1,-1.0
14291,11.0,0,1.0
14292,23.0,0,0.0
14293,21.0,0,1.0
14294,29.0,1,-1.0
14295,25.0,0,3.0
14296,2.0,0,-0.0
14297,15.0,0,3.0
14298,22.0,0,1.0
14299,28.0,0,3.0
14300,18.0,1,3.0
14301,15.0,0,-1.0
14302,3.0,1,-0.0
14303,0.0,0,0.0
14304,9.0,0,1.0
14305,31.0,0,-1.0
14306,29.0,0,2.0
14307,0.0,0,2.0
14308,21.0,0,-0.0
14309,15.0,0,1.0
14310,22.0,0,1.0
14311,23.0,0,0.0
14312,31.0,0,-4.0
14313,0.0,0,0.0
14314,19.0,0,1.0
14315,2.0,0,1.0
14316,0.0,0,0.0
14317,22.0,0,-2.0
14318,31.0,0,-1.0
14319,2.0,1,2.0
14320,0.0,0,2.0
14321,0.0,0,0.0
14322,27.0,1,1.0
14323,17.0,0,2.0
14324,31.0,0,0.0
14325,0.0,0,2.0
14326,29.0,0,2.0
14327,0.0,0,0.0
14328,31.0,0,0.0
14329,29.0,1,2.0
14330,0.0,1,0.0
14331,0.0,0,0.0
14332,23.0,1,5.0
14333,12.0,0,2.0
14334,11.0,0,2.0
14335,0.0,0,0.0
14336,1.0,0,-1.0
14337,31.0,1,0.0
14338,31.0,1,0.0
14339,0.0,0,4.0
14340,15.0,0,-0.0
14341,0.0,0,0.0
14342,21.0,0,-2.0
14343,0.0,0,0.0
14344,0.0,0,2.0
14345,25.0,0,1.0
14346,3.0,0,-0.0
14347,0.0,0,0.0
14348,0.0,0,4.0
14349,0.0,0,2.0
14350,24.0,1,-2.0
14351,0.0,0,2.0
14352,0.0,0,0.0
14353,0.0,0,0.0
14354,24.0,0,2.0
14355,20.0,0,1.0
14356,0.0,0,1.0
14357,0.0,0,1.0
14358,31.0,0,-1.0
14359,22.0,0,4.0
14360,4.0,1,4.0
14361,5.0,0,-1.0
14362,19.0,0,-3.0
14363,22.0,0,1.0
14364,21.0,0,4.0
14365,23.0,0,1.0
14366,0.0,0,3.0
14367,20.0,0,1.0
14368,30.0,0,1.0
14369,30.0,0,1.0
14370,0.0,0,2.0
14371,22.0,0,3.0
14372,0.0,0,1.0
14373,0.0,0,0.0
14374,23.0,0,-1.0
14375,31.0,0,0.0
14376,0.0,0,3.0
14377,31.0,1,2.0
14378,21.0,0,0.0
14379,13.0,0,3.0
14380,24.0,0,-2.0
14381,31.0,0,0.0
14382,18.0,1,2.0
14383,2.0,1,-0.0
14384,0.0,0,2.0
14385,20.0,0,3.0
14386,12.0,0,2.0
14387,22.0,0,2.0
14388,1.0,1,1.0
14389,17.0,0,1.0
14390,1.0,0,0.0
14391,0.0,0,3.0
14392,25.0,1,-3.0
14393,29.0,0,-1.0
14394,31.0,1,1.0
14395,0.0,0,3.0
14396,0.0,0,1.0
14397,0.0,0,0.0
14398,19.0,0,2.0
14399,14.0,0,2.0
14400,11.0,0,1.0
14401,31.0,0,0.0
14402,23.0,0,0.0
14403,10.0,0,-0.0
14404,5.0,1,-0.0
14405,24.0,0,1.0
14406,0.0,0,0.0
14407,0.0,0,0.0
14408,31.0,0,0.0
14409,30.0,0,0.0
14410,25.0,0,1.0
14411,18.0,0,1.0
14412,12.0,0,-1.0
14413,14.0,0,2.0
14414,31.0,0,0.0
14415,0.0,0,1.0
14416,0.0,0,0.0
14417,1.0,0,-1.0
14418,9.0,0,7.0
14419,26.0,0,-0.0
14420,0.0,0,4.0
14421,14.0,1,1.0
14422,26.0,0,2.0
14423,20.0,0,2.0
14424,0.0,0,1.0
14425,0.0,0,0.0
14426,28.0,0,0.0
14427,0.0,0,0.0
14428,19.0,0,1.0
14429,9.0,0,1.0
14430,25.0,0,2.0
14431,31.0,0,-1.0
14432,25.0,0,1.0
14433,27.0,0,-1.0
14434,17.0,0,2.0
14435,25.0,1,2.0
14436,0.0,0,0.0
14437,1.0,1,1.0
14438,31.0,1,0.0
14439,17.0,0,0.0
14440,13.0,0,1.0
14441,0.0,0,1.0
14442,14.0,0,-1.0
14443,0.0,0,2.0
14444,0.0,0,1.0
14445,27.0,0,-0.0
14446,1.0,1,1.0
14447,13.0,1,1.0
14448,31.0,0,0.0
14449,22.0,0,2.0
14450,31.0,0,0.0
14451,29.0,0,2.0
14452,0.0,0,3.0
14453,0.0,0,0.0
14454,31.0,0,0.0
14455,30.0,0,1.0
14456,0.0,0,1.0
14457,0.0,1,0.0
14458,31.0,0,0.0
14459,25.0,0,0.0
14460,0.0,0,1.0
14461,3.0,0,3.0
14462,14.0,0,1.0
14463,0.0,0,4.0
14464,0.0,0,2.0
14465,30.0,0,1.0
14466,9.0,0,1.0
14467,0.0,0,0.0
14468,0.0,0,0.0
14469,17.0,0,-0.0
14470,0.0,0,2.0
14471,31.0,1,-0.0
14472,3.0,1,3.0
14473,15.0,0,2.0
14474,18.0,0,-0.0
14475,10.0,1,0.0
14476,17.0,0,1.0
14477,26.0,1,3.0
14478,0.0,0,0.0
14479,4.0,0,1.0
14480,22.0,0,2.0
14481,31.0,0,0.0
14482,0.0,1,0.0
14483,14.0,0,-1.0
14484,0.0,0,1.0
14485,30.0,1,3.0
14486,0.0,0,2.0
14487,28.0,0,2.0
14488,5.0,0,-1.0
14489,2.0,1,2.0
14490,0.0,0,3.0
14491,23.0,0,2.0
14492,31.0,0,-4.0
14493,26.0,1,2.0
14494,18.0,1,2.0
14495,0.0,0,0.0
14496,17.0,0,-4.0
14497,30.0,0,1.0
14498,29.0,0,2.0
14499,0.0,0,1.0
14500,31.0,0,-1.0
14501,0.0,0,0.0
14502,0.0,0,0.0
14503,0.0,0,1.0
14504,22.0,0,3.0
14505,12.0,0,-0.0
14506,19.0,1,-2.0
14507,4.0,1,4.0
14508,0.0,0,7.0
14509,0.0,0,0.0
14510,0.0,0,2.0
14511,29.0,0,-0.0
14512,26.0,0,0.0
14513,16.0,0,0.0
14514,0.0,0,3.0
14515,16.0,0,-0.0
14516,19.0,0,2.0
14517,7.0,0,1.0
14518,15.0,0,-0.0
14519,0.0,0,0.0
14520,1.0,1,1.0
14521,14.0,0,1.0
14522,0.0,0,2.0
14523,14.0,0,2.0
14524,12.0,1,6.0
14525,0.0,0,2.0
14526,18.0,0,-0.0
14527,26.0,0,1.0
14528,20.0,0,3.0
14529,31.0,0,-1.0
14530,19.0,1,0.0
14531,0.0,0,1.0
14532,0.0,0,4.0
14533,12.0,0,0.0
14534,0.0,0,5.0
14535,7.0,1,-0.0
14536,0.0,0,0.0
14537,0.0,1,0.0
14538,29.0,0,2.0
14539,31.0,0,-0.0
14540,0.0,0,0.0
14541,26.0,0,2.0
14542,8.0,1,4.0
14543,11.0,0,2.0
14544,31.0,0,0.0
14545,0.0,0,0.0
14546,2.0,1,2.0
14547,0.0,0,2.0
14548,31.0,0,0.0
14549,11.0,0,3.0
14550,20.0,0,-0.0
14551,24.0,0,-0.0
14552,10.0,0,1.0
14553,0.0,0,1.0
14554,26.0,0,-2.0
14555,22.0,1,1.0
14556,0.0,0,0.0
14557,3.0,1,3.0
14558,0.0,0,0.0
14559,3.0,1,3.0
14560,31.0,0,0.0
14561,0.0,0,2.0
14562,3.0,1,3.0
14563,0.0,0,0.0
14564,24.0,0,5.0
14565,0.0,0,4.0
14566,0.0,0,0.0
14567,16.0,0,0.0
14568,26.0,1,0.0
14569,8.0,0,0.0
14570,0.0,0,1.0
14571,0.0,0,0.0
14572,4.0,0,1.0
14573,19.0,0,1.0
14574,31.0,0,0.0
14575,0.0,0,1.0
14576,0.0,0,0.0
14577,0.0,0,1.0
14578,31.0,0,-2.0
14579,0.0,0,0.0
14580,2.0,1,2.0
14581,8.0,0,-0.0
14582,31.0,0,0.0
14583,0.0,0,1.0
14584,0.0,1,0.0
14585,0.0,0,5.0
14586,31.0,0,0.0
14587,9.0,0,2.0
14588,0.0,1,0.0
14589,0.0,0,5.0
14590,31.0,0,0.0
14591,0.0,0,1.0
14592,0.0,0,1.0
14593,28.0,0,-1.0
14594,26.0,0,-0.0
14595,31.0,0,-1.0
14596,30.0,0,1.0
14597,2.0,1,2.0
14598,31.0,0,-0.0
14599,0.0,0,0.0
14600,0.0,0,1.0
14601,5.0,0,0.0
14602,10.0,0,0.0
14603,0.0,1,0.0
14604,27.0,0,3.0
14605,25.0,0,-0.0
14606,31.0,0,-1.0
14607,0.0,0,3.0
14608,0.0,0,0.0
14609,0.0,0,0.0
14610,31.0,0,0.0
14611,0.0,0,0.0
14612,16.0,0,-3.0
14613,30.0,0,1.0
14614,15.0,0,2.0
14615,0.0,0,2.0
14616,31.0,0,0.0
14617,20.0,1,-3.0
14618,24.0,0,1.0
14619,5.0,0,3.0
14620,27.0,0,1.0
14621,30.0,0,1.0
14622,3.0,1,3.0
14623,20.0,0,1.0
14624,31.0,0,0.0
14625,0.0,0,0.0
14626,0.0,0,2.0
14627,20.0,0,-0.0
14628,29.0,0,-2.0
14629,25.0,0,2.0
14630,20.0,1,-1.0
14631,3.0,1,3.0
14632,0.0,0,0.0
14633,3.0,1,3.0
14634,11.0,0,1.0
14635,0.0,0,1.0
14636,0.0,0,0.0
14637,27.0,0,-2.0
14638,0.0,0,1.0
14639,29.0,1,-0.0
14640,11.0,0,0.0
14641,0.0,0,0.0
14642,9.0,0,-0.0
14643,11.0,0,3.0
14644,16.0,0,0.0
14645,31.0,1,2.0
14646,31.0,0,-3.0
14647,7.0,0,3.0
14648,10.0,0,-1.0
14649,17.0,0,-1.0
14650,0.0,0,1.0
14651,30.0,0,1.0
14652,0.0,0,3.0
14653,26.0,0,-2.0
14654,25.0,0,3.0
14655,0.0,0,0.0
14656,2.0,1,2.0
14657,8.0,0,0.0
14658,14.0,1,3.0
14659,3.0,0,4.0
14660,30.0,0,-0.0
14661,0.0,0,0.0
14662,25.0,0,1.0
14663,15.0,0,2.0
14664,4.0,1,4.0
14665,0.0,0,0.0
14666,0.0,0,3.0
14667,23.0,0,2.0
14668,0.0,0,1.0
14669,3.0,0,2.0
14670,0.0,0,0.0
14671,24.0,0,-0.0
14672,0.0,0,1.0
14673,1.0,1,1.0
14674,0.0,0,0.0
14675,23.0,0,5.0
14676,0.0,0,4.0
14677,0.0,0,0.0
14678,13.0,1,-1.0
14679,0.0,0,0.0
14680,0.0,1,0.0
14681,0.0,0,1.0
14682,15.0,1,1.0
14683,31.0,0,0.0
14684,20.0,0,-1.0
14685,31.0,1,0.0
14686,8.0,1,2.0
14687,0.0,0,1.0
14688,15.0,0,2.0
14689,29.0,1,1.0
14690,0.0,0,4.0
14691,1.0,1,1.0
14692,0.0,0,2.0
14693,30.0,0,1.0
14694,23.0,0,-1.0
14695,12.0,0,2.0
14696,23.0,1,0.0
14697,0.0,0,1.0
14698,7.0,0,1.0
14699,22.0,0,3.0
14700,0.0,0,0.0
14701,0.0,0,1.0
14702,24.0,0,-0.0
14703,0.0,0,0.0
14704,0.0,1,0.0
14705,26.0,0,3.0
14706,22.0,0,-0.0
14707,31.0,1,1.0
14708,27.0,0,1.0
14709,23.0,0,-2.0
14710,0.0,0,0.0
14711,0.0,0,0.0
14712,2.0,1,2.0
14713,0.0,0,1.0
14714,0.0,0,4.0
14715,7.0,0,2.0
14716,18.0,0,1.0
14717,26.0,0,-1.0
14718,1.0,1,1.0
14719,26.0,1,4.0
14720,23.0,0,2.0
14721,15.0,0,1.0
14722,25.0,0,0.0
14723,31.0,0,0.0
14724,24.0,0,-3.0
14725,0.0,0,0.0
14726,22.0,0,1.0
14727,30.0,1,-1.0
14728,20.0,0,1.0
14729,31.0,0,0.0
14730,2.0,0,1.0
14731,22.0,0,-0.0
14732,3.0,1,3.0
14733,24.0,0,5.0
14734,23.0,0,3.0
14735,0.0,0,0.0
14736,10.0,0,5.0
14737,3.0,1,3.0
14738,0.0,0,0.0
14739,0.0,0,2.0
14740,31.0,0,-0.0
14741,6.0,0,2.0
14742,29.0,0,1.0
14743,5.0,0,1.0
14744,31.0,0,0.0
14745,10.0,0,1.0
14746,28.0,1,-2.0
14747,0.0,0,0.0
14748,24.0,0,3.0
14749,3.0,0,-0.0
14750,0.0,0,1.0
14751,21.0,0,1.0
14752,22.0,0,-2.0
14753,6.0,0,-0.0
14754,27.0,0,3.0
14755,30.0,0,1.0
14756,5.0,0,0.0
14757,1.0,1,1.0
14758,9.0,1,3.0
14759,0.0,0,0.0
14760,22.0,0,0.0
14761,19.0,0,2.0
14762,17.0,0,-1.0
14763,2.0,1,2.0
14764,30.0,0,1.0
14765,22.0,0,2.0
14766,31.0,0,-1.0
14767,0.0,0,4.0
14768,19.0,0,2.0
14769,16.0,0,2.0
14770,4.0,1,4.0
14771,31.0,1,0.0
14772,26.0,0,0.0
14773,0.0,1,-2.0
14774,14.0,0,-0.0
14775,8.0,0,1.0
14776,0.0,0,5.0
14777,3.0,0,3.0
14778,31.0,0,0.0
14779,28.0,0,-0.0
14780,17.0,1,-2.0
14781,13.0,0,3.0
14782,0.0,0,0.0
14783,8.0,0,1.0
14784,27.0,0,3.0
14785,20.0,0,2.0
14786,0.0,0,3.0
14787,9.0,0,2.0
14788,31.0,0,0.0
14789,19.0,0,0.0
14790,31.0,0,0.0
14791,0.0,0,2.0
14792,0.0,0,1.0
14793,8.0,0,-0.0
14794,14.0,0,2.0
14795,28.0,0,-2.0
14796,26.0,0,2.0
14797,30.0,0,-0.0
14798,21.0,0,1.0
14799,0.0,0,1.0
14800,15.0,0,-0.0
14801,0.0,0,5.0
14802,0.0,0,0.0
14803,0.0,0,1.0
14804,0.0,0,2.0
14805,8.0,0,2.0
14806,0.0,0,0.0
14807,29.0,0,0.0
14808,31.0,0,0.0
14809,16.0,0,3.0
14810,8.0,0,0.0
14811,0.0,1,0.0
14812,31.0,1,0.0
14813,14.0,0,1.0
14814,27.0,0,1.0
14815,0.0,0,1.0
14816,14.0,0,2.0
14817,22.0,0,0.0
14818,6.0,0,1.0
14819,0.0,0,0.0
14820,12.0,0,4.0
14821,31.0,1,2.0
14822,0.0,0,0.0
14823,16.0,0,1.0
14824,0.0,1,0.0
14825,23.0,0,1.0
14826,0.0,0,0.0
14827,1.0,1,1.0
14828,27.0,1,-1.0
14829,29.0,1,2.0
14830,26.0,0,-0.0
14831,0.0,0,0.0
14832,24.0,0,3.0
14833,29.0,1,0.0
14834,0.0,0,0.0
14835,0.0,0,1.0
14836,17.0,0,-1.0
14837,0.0,0,0.0
14838,9.0,0,2.0
14839,10.0,0,-1.0
14840,28.0,1,-0.0
14841,12.0,1,4.0
14842,6.0,1,-0.0
14843,31.0,0,0.0
14844,0.0,0,2.0
14845,2.0,1,2.0
14846,0.0,0,0.0
14847,31.0,1,5.0
14848,0.0,0,0.0
14849,28.0,0,-0.0
14850,13.0,0,2.0
14851,21.0,0,3.0
14852,0.0,0,0.0
14853,9.0,0,4.0
14854,0.0,0,1.0
14855,28.0,0,0.0
14856,0.0,0,1.0
14857,10.0,0,-0.0
14858,4.0,1,4.0
14859,23.0,0,0.0
14860,0.0,1,0.0
14861,0.0,0,1.0
14862,30.0,1,1.0
14863,17.0,0,-0.0
14864,19.0,0,-1.0
14865,31.0,1,0.0
14866,21.0,0,1.0
14867,0.0,0,1.0
14868,0.0,0,1.0
14869,30.0,0,1.0
14870,0.0,0,1.0
14871,25.0,0,1.0
14872,31.0,0,-0.0
14873,19.0,0,1.0
14874,14.0,0,3.0
14875,26.0,0,2.0
14876,5.0,0,4.0
14877,0.0,1,0.0
14878,31.0,0,0.0
14879,0.0,0,0.0
14880,25.0,0,0.0
14881,31.0,0,-0.0
14882,31.0,1,3.0
14883,22.0,0,3.0
14884,18.0,0,0.0
14885,1.0,1,1.0
14886,4.0,0,-0.0
14887,0.0,0,0.0
14888,30.0,0,-2.0
14889,7.0,0,-2.0
14890,0.0,0,3.0
14891,22.0,0,2.0
14892,2.0,1,1.0
14893,31.0,0,0.0
14894,8.0,0,2.0
14895,2.0,0,0.0
14896,31.0,0,-1.0
14897,11.0,0,-1.0
14898,27.0,1,2.0
14899,0.0,0,3.0
14900,16.0,0,2.0
14901,22.0,1,-0.0
14902,0.0,1,0.0
14903,27.0,0,-0.0
14904,0.0,0,0.0
14905,3.0,1,0.0
14906,11.0,0,-1.0
14907,3.0,0,0.0
14908,13.0,0,0.0
14909,24.0,0,1.0
14910,25.0,0,5.0
14911,18.0,0,2.0
14912,23.0,0,2.0
14913,0.0,0,1.0
14914,20.0,0,5.0
14915,3.0,0,2.0
14916,1.0,1,1.0
14917,19.0,0,2.0
14918,19.0,0,2.0
14919,31.0,0,0.0
14920,31.0,0,0.0
14921,22.0,0,2.0
14922,15.0,0,1.0
14923,0.0,0,0.0
14924,15.0,0,0.0
14925,31.0,0,0.0
14926,22.0,0,1.0
14927,29.0,0,1.0
14928,1.0,1,1.0
14929,0.0,0,2.0
14930,30.0,0,1.0
14931,20.0,0,-2.0
14932,0.0,0,2.0
14933,23.0,0,1.0
14934,31.0,0,0.0
14935,13.0,1,1.0
14936,8.0,0,0.0
14937,30.0,0,-1.0
14938,20.0,0,-0.0
14939,16.0,0,-2.0
14940,0.0,0,2.0
14941,0.0,0,0.0
14942,28.0,0,-1.0
14943,0.0,0,0.0
14944,19.0,0,4.0
14945,0.0,0,1.0
14946,25.0,0,4.0
14947,10.0,0,2.0
14948,11.0,0,1.0
14949,31.0,0,0.0
14950,0.0,0,1.0
14951,26.0,0,2.0
14952,0.0,0,0.0
14953,0.0,0,0.0
14954,0.0,0,2.0
14955,26.0,0,3.0
14956,0.0,0,0.0
14957,0.0,0,0.0
14958,13.0,0,2.0
14959,0.0,0,2.0
14960,31.0,0,-3.0
14961,14.0,0,-0.0
14962,26.0,1,2.0
14963,2.0,1,2.0
14964,26.0,0,3.0
14965,31.0,0,-3.0
14966,25.0,0,4.0
14967,14.0,0,3.0
14968,16.0,0,1.0
14969,22.0,0,1.0
14970,0.0,0,0.0
14971,31.0,0,-2.0
14972,0.0,0,1.0
14973,31.0,0,0.0
14974,25.0,0,2.0
14975,0.0,0,0.0
14976,0.0,0,4.0
14977,0.0,0,2.0
14978,31.0,0,0.0
14979,0.0,0,0.0
14980,31.0,0,0.0
14981,2.0,0,2.0
14982,31.0,1,0.0
14983,8.0,0,2.0
14984,27.0,0,-0.0
14985,0.0,0,1.0
14986,0.0,0,0.0
14987,4.0,1,1.0
14988,0.0,0,1.0
14989,25.0,0,1.0
14990,0.0,0,0.0
14991,29.0,0,-2.0
14992,1.0,1,1.0
14993,25.0,0,3.0
14994,0.0,0,1.0
14995,0.0,0,0.0
14996,31.0,0,0.0
14997,4.0,1,1.0
14998,18.0,0,-0.0
14999,24.0,0,-2.0
15000,17.0,0,2.0
15001,6.0,0,2.0
15002,18.0,1,1.0
15003,5.0,0,1.0
15004,29.0,0,1.0
15005,0.0,0,0.0
15006,28.0,0,3.0
15007,25.0,0,1.0
15008,30.0,0,-0.0
15009,4.0,0,-0.0
15010,20.0,0,1.0
15011,0.0,0,3.0
15012,25.0,0,1.0
15013,24.0,0,-2.0
15014,18.0,0,3.0
15015,27.0,0,1.0
15016,0.0,0,0.0
15017,0.0,0,1.0
15018,0.0,1,0.0
15019,30.0,0,1.0
15020,31.0,0,-2.0
15021,0.0,0,1.0
15022,30.0,0,1.0
15023,10.0,0,1.0
15024,28.0,0,-1.0
15025,0.0,0,0.0
15026,31.0,1,0.0
15027,9.0,0,1.0
15028,5.0,0,2.0
15029,0.0,1,0.0
15030,2.0,1,2.0
15031,0.0,0,1.0
15032,2.0,1,2.0
15033,10.0,1,0.0
15034,0.0,0,0.0
15035,31.0,1,0.0
15036,0.0,0,0.0
15037,14.0,0,3.0
15038,3.0,0,-0.0
15039,30.0,1,2.0
15040,0.0,0,0.0
15041,19.0,0,3.0
15042,27.0,0,-2.0
15043,0.0,0,1.0
15044,0.0,0,0.0
15045,26.0,0,1.0
15046,2.0,1,2.0
15047,25.0,0,-0.0
15048,0.0,0,1.0
15049,31.0,0,0.0
15050,31.0,0,0.0
15051,23.0,0,-0.0
15052,31.0,0,0.0
15053,0.0,0,0.0
15054,31.0,0,0.0
15055,12.0,1,3.0
15056,0.0,0,0.0
15057,23.0,1,-1.0
15058,31.0,0,0.0
15059,29.0,0,-1.0
15060,29.0,1,4.0
15061,3.0,0,-0.0
15062,31.0,1,0.0
15063,0.0,0,2.0
15064,13.0,0,3.0
15065,3.0,1,3.0
15066,31.0,1,0.0
15067,6.0,0,4.0
15068,9.0,0,2.0
15069,23.0,1,2.0
15070,14.0,0,-2.0
15071,28.0,0,-5.0
15072,21.0,0,-1.0
15073,0.0,0,0.0
15074,18.0,0,1.0
15075,24.0,0,-0.0
15076,2.0,0,3.0
15077,0.0,0,0.0
15078,0.0,1,0.0
15079,0.0,1,0.0
15080,15.0,1,2.0
15081,0.0,0,1.0
15082,18.0,0,1.0
15083,0.0,0,1.0
15084,18.0,0,-2.0
15085,13.0,1,5.0
15086,0.0,0,2.0
15087,31.0,0,0.0
15088,6.0,0,-0.0
15089,24.0,0,-0.0
15090,1.0,0,2.0
15091,30.0,0,1.0
15092,23.0,0,0.0
15093,29.0,1,1.0
15094,20.0,0,1.0
15095,0.0,0,0.0
15096,28.0,0,-0.0
15097,0.0,0,2.0
15098,0.0,0,0.0
15099,23.0,1,4.0
15100,28.0,0,1.0
15101,16.0,0,1.0
15102,22.0,1,1.0
15103,13.0,0,1.0
15104,0.0,0,1.0
15105,9.0,0,4.0
15106,28.0,0,-0.0
15107,0.0,1,-2.0
15108,1.0,0,-0.0
15109,10.0,0,1.0
15110,0.0,0,2.0
15111,8.0,0,-1.0
15112,23.0,0,2.0
15113,0.0,0,2.0
15114,21.0,1,-3.0
15115,31.0,1,1.0
15116,30.0,0,1.0
15117,24.0,0,1.0
15118,2.0,0,2.0
15119,0.0,0,2.0
15120,22.0,0,3.0
15121,0.0,0,0.0
15122,18.0,0,-1.0
15123,0.0,0,1.0
15124,2.0,1,2.0
15125,30.0,0,1.0
15126,0.0,0,0.0
15127,31.0,0,0.0
15128,7.0,0,0.0
15129,19.0,0,-2.0
15130,25.0,0,0.0
15131,20.0,1,2.0
15132,15.0,0,2.0
15133,24.0,0,0.0
15134,0.0,0,1.0
15135,26.0,0,-1.0
15136,0.0,0,0.0
15137,23.0,0,-0.0
15138,0.0,0,2.0
15139,21.0,1,-0.0
15140,23.0,0,1.0
15141,25.0,0,2.0
15142,12.0,0,-0.0
15143,22.0,0,2.0
15144,24.0,0,1.0
15145,17.0,1,1.0
15146,0.0,1,0.0
15147,0.0,0,1.0
15148,18.0,0,2.0
15149,22.0,0,1.0
15150,29.0,0,1.0
15151,31.0,0,0.0
15152,23.0,0,-0.0
15153,17.0,0,3.0
15154,0.0,0,1.0
15155,17.0,0,2.0
15156,0.0,0,0.0
15157,0.0,0,1.0
15158,30.0,0,0.0
15159,31.0,0,0.0
15160,17.0,0,1.0
15161,19.0,0,3.0
15162,0.0,0,0.0
15163,20.0,1,4.0
15164,31.0,0,0.0
15165,13.0,0,5.0
15166,28.0,0,-1.0
15167,27.0,0,-2.0
15168,0.0,0,0.0
15169,0.0,0,4.0
15170,7.0,0,4.0
15171,20.0,0,1.0
15172,13.0,1,-1.0
15173,0.0,0,0.0
15174,17.0,0,1.0
15175,1.0,1,1.0
15176,0.0,0,0.0
15177,0.0,0,1.0
15178,0.0,0,1.0
15179,0.0,0,0.0
15180,13.0,0,3.0
15181,7.0,1,1.0
15182,19.0,0,2.0
15183,0.0,0,0.0
15184,22.0,0,2.0
15185,26.0,0,2.0
15186,31.0,0,0.0
15187,0.0,0,0.0
15188,16.0,0,1.0
15189,30.0,0,1.0
15190,0.0,0,0.0
15191,0.0,0,1.0
15192,7.0,0,1.0
15193,0.0,0,0.0
15194,19.0,0,-1.0
15195,17.0,0,0.0
15196,0.0,0,0.0
15197,25.0,0,-0.0
15198,0.0,0,0.0
15199,21.0,0,-0.0
15200,24.0,1,4.0
15201,1.0,1,1.0
15202,13.0,0,1.0
15203,8.0,0,-0.0
15204,12.0,0,0.0
15205,26.0,1,-0.0
15206,21.0,0,-0.0
15207,6.0,0,5.0
15208,21.0,0,6.0
15209,31.0,0,0.0
15210,5.0,0,1.0
15211,30.0,0,1.0
15212,31.0,1,1.0
15213,31.0,0,0.0
15214,30.0,1,1.0
15215,24.0,0,2.0
15216,25.0,0,1.0
15217,3.0,0,2.0
15218,18.0,0,2.0
15219,14.0,0,3.0
15220,12.0,1,0.0
15221,19.0,0,2.0
15222,28.0,0,-0.0
15223,20.0,0,2.0
15224,0.0,0,0.0
15225,0.0,0,4.0
15226,0.0,0,0.0
15227,0.0,0,0.0
15228,22.0,0,-1.0
15229,22.0,0,2.0
15230,0.0,0,0.0
15231,14.0,0,1.0
15232,16.0,0,0.0
15233,26.0,0,1.0
15234,17.0,0,1.0
15235,22.0,0,-1.0
15236,29.0,0,2.0
15237,2.0,1,2.0
15238,22.0,0,5.0
15239,30.0,1,3.0
15240,14.0,0,1.0
15241,5.0,0,1.0
15242,31.0,0,0.0
15243,0.0,0,2.0
15244,11.0,0,1.0
15245,25.0,0,2.0
15246,0.0,1,0.0
15247,31.0,0,-1.0
15248,23.0,0,0.0
15249,0.0,0,2.0
15250,16.0,0,1.0
15251,21.0,1,-0.0
15252,25.0,0,-0.0
15253,5.0,0,1.0
15254,11.0,0,3.0
15255,21.0,0,-0.0
15256,5.0,1,5.0
15257,22.0,0,1.0
15258,31.0,0,0.0
15259,18.0,0,0.0
15260,26.0,0,4.0
15261,26.0,0,-0.0
15262,20.0,0,3.0
15263,31.0,1,0.0
15264,17.0,0,1.0
15265,0.0,0,1.0
15266,20.0,0,-1.0
15267,1.0,1,1.0
15268,0.0,0,0.0
15269,2.0,1,2.0
15270,6.0,0,1.0
15271,0.0,1,0.0
15272,31.0,0,0.0
15273,21.0,0,2.0
15274,31.0,1,1.0
15275,0.0,0,6.0
15276,0.0,0,0.0
15277,13.0,0,-1.0
15278,28.0,1,-1.0
15279,0.0,0,0.0
15280,0.0,0,0.0
15281,27.0,0,3.0
15282,17.0,0,2.0
15283,16.0,0,2.0
15284,14.0,0,0.0
15285,1.0,0,4.0
15286,26.0,0,2.0
15287,0.0,0,0.0
15288,4.0,1,0.0
15289,9.0,0,1.0
15290,20.0,0,-1.0
15291,17.0,0,-1.0
15292,31.0,0,0.0
15293,31.0,0,-1.0
15294,0.0,0,2.0
15295,31.0,0,0.0
15296,16.0,0,1.0
15297,31.0,0,0.0
15298,25.0,0,0.0
15299,0.0,1,0.0
15300,29.0,0,2.0
15301,31.0,0,-2.0
15302,24.0,0,2.0
15303,19.0,1,-0.0
15304,0.0,1,0.0
15305,0.0,1,0.0
15306,31.0,0,-1.0
15307,0.0,0,1.0
15308,0.0,0,3.0
15309,0.0,0,0.0
15310,21.0,0,4.0
15311,0.0,0,0.0
15312,16.0,0,-1.0
15313,30.0,0,-1.0
15314,7.0,0,0.0
15315,23.0,1,-1.0
15316,24.0,0,1.0
15317,0.0,0,2.0
15318,22.0,0,-1.0
15319,27.0,0,1.0
15320,8.0,0,2.0
15321,31.0,1,0.0
15322,0.0,0,3.0
15323,28.0,0,0.0
15324,0.0,0,0.0
15325,28.0,0,-0.0
15326,13.0,0,1.0
15327,22.0,0,3.0
15328,20.0,0,2.0
15329,20.0,0,2.0
15330,8.0,0,1.0
15331,12.0,0,-1.0
15332,0.0,0,0.0
15333,30.0,0,0.0
15334,0.0,0,1.0
15335,0.0,0,0.0
15336,0.0,0,0.0
15337,0.0,0,0.0
15338,12.0,0,1.0
15339,0.0,0,0.0
15340,11.0,0,1.0
15341,11.0,0,2.0
15342,22.0,0,1.0
15343,3.0,0,0.0
15344,23.0,0,2.0
15345,0.0,0,1.0
15346,13.0,0,1.0
15347,31.0,0,0.0
15348,0.0,0,1.0
15349,31.0,0,0.0
15350,21.0,1,4.0
15351,29.0,0,-0.0
15352,31.0,0,-1.0
15353,0.0,0,1.0
15354,0.0,1,0.0
15355,16.0,0,1.0
15356,12.0,0,1.0
15357,0.0,0,0.0
15358,29.0,0,-1.0
15359,23.0,0,3.0
15360,31.0,1,3.0
15361,17.0,1,-0.0
15362,20.0,0,2.0
15363,25.0,0,1.0
15364,0.0,0,0.0
15365,27.0,0,-1.0
15366,0.0,0,1.0
15367,11.0,1,-1.0
15368,8.0,1,2.0
15369,22.0,1,-4.0
15370,15.0,0,2.0
15371,31.0,0,0.0
15372,0.0,0,0.0
15373,31.0,0,-3.0
15374,31.0,0,0.0
15375,31.0,1,1.0
15376,0.0,0,1.0
15377,27.0,0,3.0
15378,0.0,0,0.0
15379,0.0,0,0.0
15380,21.0,0,2.0
15381,0.0,0,0.0
15382,0.0,0,0.0
15383,25.0,0,2.0
15384,1.0,0,-0.0
15385,23.0,0,1.0
15386,0.0,0,0.0
15387,31.0,0,-1.0
15388,31.0,0,0.0
15389,29.0,0,1.0
15390,5.0,0,-1.0
15391,31.0,0,0.0
15392,22.0,1,1.0
15393,21.0,0,-1.0
15394,0.0,0,1.0
15395,31.0,0,0.0
15396,28.0,0,2.0
15397,0.0,0,1.0
15398,31.0,0,0.0
15399,0.0,0,1.0
15400,0.0,0,0.0
15401,0.0,0,0.0
15402,0.0,0,0.0
15403,20.0,0,1.0
15404,0.0,0,0.0
15405,23.0,0,-1.0
15406,0.0,0,2.0
15407,22.0,0,3.0
15408,2.0,1,0.0
15409,15.0,0,1.0
15410,31.0,0,0.0
15411,4.0,0,1.0
15412,31.0,0,0.0
15413,3.0,0,6.0
15414,16.0,0,3.0
15415,0.0,0,2.0
15416,12.0,0,2.0
15417,12.0,0,2.0
15418,16.0,1,3.0
15419,24.0,0,0.0
15420,4.0,0,2.0
15421,13.0,0,2.0
15422,21.0,0,2.0
15423,28.0,0,1.0
15424,6.0,0,-1.0
15425,29.0,1,2.0
15426,0.0,0,2.0
15427,31.0,0,-0.0
15428,29.0,0,-2.0
15429,0.0,0,0.0
15430,0.0,0,0.0
15431,0.0,0,0.0
15432,1.0,1,1.0
15433,31.0,0,0.0
15434,0.0,0,5.0
15435,0.0,0,1.0
15436,31.0,1,2.0
15437,9.0,1,1.0
15438,31.0,0,-1.0
15439,22.0,0,0.0
15440,0.0,0,0.0
15441,27.0,0,4.0
15442,23.0,0,0.0
15443,0.0,0,2.0
15444,27.0,0,0.0
15445,0.0,1,0.0
15446,0.0,0,2.0
15447,31.0,0,0.0
15448,18.0,0,0.0
15449,29.0,0,2.0
15450,22.0,0,2.0
15451,29.0,0,-1.0
15452,31.0,0,0.0
15453,19.0,0,0.0
15454,16.0,0,-1.0
15455,23.0,0,1.0
15456,24.0,0,2.0
15457,9.0,0,5.0
15458,27.0,0,-0.0
15459,22.0,0,-1.0
15460,27.0,1,1.0
15461,0.0,0,0.0
15462,0.0,0,1.0
15463,0.0,0,1.0
15464,22.0,0,2.0
15465,0.0,0,5.0
15466,25.0,0,2.0
15467,15.0,0,0.0
15468,24.0,0,-1.0
15469,23.0,1,0.0
15470,5.0,0,-1.0
15471,19.0,0,0.0
15472,0.0,0,0.0
15473,13.0,0,1.0
15474,12.0,0,1.0
15475,27.0,0,-1.0
15476,0.0,0,0.0
15477,0.0,0,1.0
15478,1.0,1,1.0
15479,27.0,0,1.0
15480,5.0,0,4.0
15481,13.0,0,2.0
15482,31.0,0,0.0
15483,29.0,0,-1.0
15484,0.0,0,0.0
15485,0.0,0,0.0
15486,29.0,0,0.0
15487,28.0,0,-0.0
15488,31.0,0,0.0
15489,25.0,0,-0.0
15490,30.0,0,1.0
15491,16.0,0,1.0
15492,0.0,0,0.0
15493,0.0,1,0.0
15494,31.0,1,1.0
15495,29.0,0,1.0
15496,30.0,0,-0.0
15497,18.0,1,3.0
15498,1.0,1,1.0
15499,0.0,0,0.0
15500,0.0,0,1.0
15501,22.0,0,-2.0
15502,0.0,0,0.0
15503,0.0,0,0.0
15504,24.0,0,1.0
15505,25.0,0,1.0
15506,11.0,0,0.0
15507,30.0,1,-1.0
15508,30.0,0,1.0
15509,0.0,0,1.0
15510,29.0,0,1.0
15511,0.0,0,2.0
15512,27.0,0,1.0
15513,31.0,0,0.0
15514,0.0,0,3.0
15515,31.0,0,0.0
15516,18.0,0,-1.0
15517,19.0,0,-2.0
15518,24.0,0,-0.0
15519,0.0,0,1.0
15520,0.0,1,0.0
15521,0.0,0,0.0
15522,12.0,0,1.0
15523,0.0,1,0.0
15524,27.0,0,0.0
15525,22.0,0,0.0
15526,25.0,0,0.0
15527,31.0,0,0.0
15528,12.0,0,3.0
15529,16.0,0,0.0
15530,0.0,0,0.0
15531,0.0,0,2.0
15532,22.0,0,4.0
15533,28.0,0,3.0
15534,0.0,0,0.0
15535,6.0,0,2.0
15536,25.0,1,2.0
15537,13.0,0,2.0
15538,24.0,0,0.0
15539,8.0,0,1.0
15540,1.0,1,-1.0
15541,0.0,0,0.0
15542,0.0,0,0.0
15543,19.0,0,4.0
15544,12.0,0,4.0
15545,21.0,1,-2.0
15546,0.0,0,1.0
15547,28.0,1,3.0
15548,6.0,0,2.0
15549,31.0,0,-2.0
15550,11.0,0,1.0
15551,29.0,0,2.0
15552,0.0,0,0.0
15553,24.0,0,1.0
15554,26.0,1,0.0
15555,0.0,0,0.0
15556,29.0,0,0.0
15557,11.0,0,1.0
15558,19.0,0,3.0
15559,27.0,0,0.0
15560,22.0,0,5.0
15561,21.0,0,0.0
15562,25.0,0,1.0
15563,14.0,0,1.0
15564,0.0,0,1.0
15565,20.0,0,1.0
15566,13.0,0,3.0
15567,31.0,0,-0.0
15568,0.0,0,3.0
15569,31.0,0,0.0
15570,25.0,0,-0.0
15571,12.0,0,-0.0
15572,24.0,0,1.0
15573,3.0,1,3.0
15574,30.0,0,0.0
15575,21.0,0,0.0
15576,25.0,0,0.0
15577,30.0,0,-1.0
15578,0.0,0,1.0
15579,22.0,0,-1.0
15580,0.0,0,0.0
15581,30.0,0,-0.0
15582,0.0,0,0.0
15583,0.0,0,5.0
15584,23.0,0,0.0
15585,19.0,0,2.0
15586,27.0,0,3.0
15587,31.0,0,-0.0
15588,19.0,0,1.0
15589,0.0,0,2.0
15590,26.0,0,0.0
15591,10.0,0,-2.0
15592,0.0,0,0.0
15593,12.0,0,2.0
15594,15.0,0,1.0
15595,13.0,0,2.0
15596,0.0,0,0.0
15597,20.0,0,1.0
15598,31.0,1,0.0
15599,0.0,0,2.0
15600,0.0,0,3.0
15601,0.0,0,0.0
15602,0.0,0,1.0
15603,0.0,0,1.0
15604,2.0,0,-2.0
15605,5.0,0,-0.0
15606,31.0,1,-0.0
15607,15.0,0,-1.0
15608,2.0,0,1.0
15609,6.0,1,0.0
15610,29.0,0,1.0
15611,30.0,0,-1.0
15612,29.0,0,2.0
15613,31.0,0,-2.0
15614,13.0,1,-1.0
15615,31.0,1,0.0
15616,31.0,0,0.0
15617,0.0,1,0.0
15618,31.0,0,0.0
15619,0.0,0,0.0
15620,31.0,1,0.0
15621,24.0,0,2.0
15622,31.0,1,1.0
15623,0.0,0,0.0
15624,17.0,0,1.0
15625,27.0,0,-1.0
15626,27.0,1,-0.0
15627,0.0,0,5.0
15628,29.0,1,1.0
15629,3.0,0,-0.0
15630,0.0,0,0.0
15631,0.0,0,2.0
15632,3.0,0,2.0
15633,18.0,0,1.0
15634,13.0,0,3.0
15635,0.0,0,0.0
15636,1.0,1,1.0
15637,11.0,0,0.0
15638,30.0,1,1.0
15639,29.0,0,1.0
15640,30.0,1,-0.0
15641,0.0,0,4.0
15642,0.0,0,0.0
15643,0.0,0,1.0
15644,0.0,0,0.0
15645,18.0,0,4.0
15646,15.0,1,-0.0
15647,0.0,0,0.0
15648,24.0,0,-0.0
15649,15.0,0,1.0
15650,16.0,0,2.0
15651,31.0,0,0.0
15652,0.0,0,1.0
15653,30.0,0,1.0
15654,0.0,0,3.0
15655,0.0,0,1.0
15656,30.0,0,-2.0
15657,0.0,0,1.0
15658,30.0,0,1.0
15659,0.0,0,2.0
15660,0.0,0,0.0
15661,22.0,0,1.0
15662,0.0,0,0.0
15663,0.0,0,3.0
15664,0.0,0,0.0
15665,29.0,0,2.0
15666,0.0,0,0.0
15667,0.0,0,0.0
15668,7.0,1,2.0
15669,19.0,0,0.0
15670,25.0,0,0.0
15671,0.0,0,0.0
15672,0.0,0,1.0
15673,12.0,0,-1.0
15674,0.0,0,0.0
15675,30.0,0,-1.0
15676,2.0,0,-2.0
15677,0.0,0,1.0
15678,15.0,0,-0.0
15679,28.0,0,0.0
15680,13.0,0,1.0
15681,31.0,0,0.0
15682,0.0,0,0.0
15683,21.0,0,-1.0
15684,13.0,0,-1.0
15685,30.0,0,0.0
15686,0.0,0,0.0
15687,0.0,0,1.0
15688,17.0,0,1.0
15689,0.0,0,7.0
15690,7.0,0,-5.0
15691,22.0,0,3.0
15692,20.0,0,2.0
15693,12.0,0,2.0
15694,26.0,1,1.0
15695,26.0,0,2.0
15696,0.0,0,1.0
15697,21.0,0,1.0
15698,0.0,0,3.0
15699,31.0,0,0.0
15700,31.0,0,0.0
15701,31.0,1,1.0
15702,0.0,0,0.0
15703,3.0,1,3.0
15704,14.0,0,2.0
15705,0.0,0,0.0
15706,0.0,0,0.0
15707,0.0,1,0.0
15708,16.0,0,1.0
15709,5.0,1,1.0
15710,31.0,0,0.0
15711,0.0,1,0.0
15712,22.0,0,-1.0
15713,18.0,0,1.0
15714,31.0,0,0.0
15715,27.0,0,-0.0
15716,12.0,0,4.0
15717,17.0,0,1.0
15718,5.0,0,1.0
15719,28.0,0,-2.0
15720,14.0,0,1.0
15721,0.0,0,0.0
15722,29.0,0,1.0
15723,0.0,0,2.0
15724,11.0,0,2.0
15725,23.0,0,-1.0
15726,25.0,0,-0.0
15727,17.0,0,0.0
15728,20.0,0,-0.0
15729,31.0,1,0.0
15730,11.0,0,0.0
15731,30.0,0,-2.0
15732,31.0,0,0.0
15733,0.0,0,0.0
15734,26.0,0,1.0
15735,21.0,0,-0.0
15736,28.0,0,-2.0
15737,14.0,0,-4.0
15738,31.0,0,0.0
15739,0.0,0,0.0
15740,30.0,0,0.0
15741,17.0,0,2.0
15742,13.0,0,-3.0
15743,1.0,1,1.0
15744,14.0,0,-4.0
15745,22.0,0,-1.0
15746,0.0,0,0.0
15747,16.0,0,-2.0
15748,6.0,0,1.0
15749,31.0,1,3.0
15750,31.0,1,1.0
15751,1.0,1,-5.0
15752,0.0,0,2.0
15753,22.0,1,-0.0
15754,21.0,0,1.0
15755,9.0,0,1.0
15756,0.0,0,0.0
15757,0.0,0,1.0
15758,6.0,0,1.0
15759,31.0,0,0.0
15760,28.0,0,3.0
15761,16.0,0,-0.0
15762,13.0,0,2.0
15763,10.0,1,0.0
15764,8.0,1,8.0
15765,0.0,0,1.0
15766,10.0,0,4.0
15767,0.0,0,0.0
15768,18.0,1,0.0
15769,0.0,0,0.0
15770,29.0,0,-0.0
15771,0.0,0,2.0
15772,0.0,1,0.0
15773,0.0,0,0.0
15774,13.0,1,2.0
15775,10.0,0,3.0
15776,24.0,0,1.0
15777,22.0,0,4.0
15778,0.0,0,0.0
15779,23.0,0,0.0
15780,0.0,0,0.0
15781,20.0,0,2.0
15782,13.0,0,-1.0
15783,0.0,0,0.0
15784,0.0,0,0.0
15785,16.0,0,2.0
15786,2.0,1,2.0
15787,13.0,0,1.0
15788,2.0,1,2.0
15789,0.0,0,2.0
15790,29.0,0,1.0
15791,0.0,0,0.0
15792,31.0,0,-1.0
15793,6.0,0,-1.0
15794,0.0,0,0.0
15795,0.0,0,2.0
15796,0.0,0,0.0
15797,27.0,0,2.0
15798,3.0,0,0.0
15799,13.0,0,5.0
15800,23.0,0,2.0
15801,0.0,0,3.0
15802,0.0,0,7.0
15803,0.0,0,1.0
15804,0.0,0,1.0
15805,21.0,0,-2.0
15806,25.0,0,2.0
15807,14.0,1,-4.0
15808,8.0,1,-1.0
15809,28.0,1,1.0
15810,28.0,0,1.0
15811,31.0,0,0.0
15812,0.0,0,3.0
15813,0.0,0,0.0
15814,26.0,0,1.0
15815,0.0,0,0.0
15816,31.0,1,0.0
15817,23.0,0,2.0
15818,22.0,1,-1.0
15819,17.0,0,2.0
15820,2.0,1,2.0
15821,0.0,0,2.0
15822,24.0,1,-1.0
15823,16.0,0,-0.0
15824,0.0,0,1.0
15825,0.0,1,0.0
15826,25.0,0,1.0
15827,25.0,1,4.0
15828,17.0,0,-1.0
15829,31.0,0,0.0
15830,15.0,0,2.0
15831,0.0,0,1.0
15832,30.0,0,-2.0
15833,16.0,0,1.0
15834,4.0,0,2.0
15835,31.0,1,0.0
15836,0.0,1,0.0
15837,0.0,0,3.0
15838,16.0,0,5.0
15839,25.0,0,1.0
15840,30.0,0,0.0
15841,16.0,0,2.0
15842,0.0,0,1.0
15843,10.0,0,-2.0
15844,0.0,0,1.0
15845,24.0,0,-0.0
15846,0.0,0,2.0
15847,31.0,0,0.0
15848,0.0,0,0.0
15849,0.0,0,0.0
15850,0.0,0,1.0
15851,5.0,0,-1.0
15852,31.0,0,0.0
15853,27.0,1,1.0
15854,13.0,0,1.0
15855,0.0,0,0.0
15856,3.0,0,1.0
15857,12.0,0,0.0
15858,0.0,0,3.0
15859,0.0,0,4.0
15860,27.0,1,2.0
15861,25.0,0,-0.0
15862,30.0,0,1.0
15863,31.0,0,0.0
15864,29.0,1,2.0
15865,9.0,0,3.0
15866,0.0,1,0.0
15867,26.0,0,2.0
15868,23.0,0,-0.0
15869,0.0,0,0.0
15870,15.0,0,1.0
15871,3.0,1,3.0
15872,26.0,0,1.0
15873,12.0,0,2.0
15874,0.0,0,0.0
15875,18.0,0,1.0
15876,14.0,0,-2.0
15877,30.0,0,-1.0
15878,0.0,0,1.0
15879,31.0,0,0.0
15880,1.0,1,1.0
15881,31.0,1,1.0
15882,0.0,0,2.0
15883,0.0,0,1.0
15884,1.0,1,1.0
15885,11.0,0,1.0
15886,26.0,1,0.0
15887,4.0,0,1.0
15888,11.0,0,2.0
15889,0.0,0,0.0
15890,24.0,0,1.0
15891,18.0,0,-2.0
15892,5.0,0,0.0
15893,20.0,1,0.0
15894,0.0,0,2.0
15895,5.0,0,0.0
15896,31.0,0,-1.0
15897,17.0,0,0.0
15898,4.0,0,1.0
15899,30.0,0,1.0
15900,23.0,0,-0.0
15901,0.0,0,0.0
15902,21.0,1,2.0
15903,16.0,0,-1.0
15904,0.0,0,4.0
15905,18.0,1,-1.0
15906,0.0,0,0.0
15907,0.0,0,0.0
15908,0.0,0,1.0
15909,18.0,0,2.0
15910,0.0,0,0.0
15911,31.0,0,0.0
15912,0.0,0,1.0
15913,0.0,1,0.0
15914,27.0,0,-0.0
15915,31.0,0,0.0
15916,20.0,0,1.0
15917,0.0,0,0.0
15918,10.0,0,1.0
15919,9.0,1,2.0
15920,31.0,0,0.0
15921,15.0,1,-4.0
15922,2.0,1,2.0
15923,7.0,0,-0.0
15924,15.0,1,3.0
15925,1.0,0,1.0
15926,31.0,0,-0.0
15927,27.0,1,0.0
15928,0.0,0,1.0
15929,8.0,0,2.0
15930,0.0,0,5.0
15931,22.0,0,-0.0
15932,16.0,1,2.0
15933,2.0,1,2.0
15934,0.0,0,1.0
15935,2.0,0,0.0
15936,15.0,0,-2.0
15937,0.0,0,2.0
15938,26.0,0,5.0
15939,28.0,0,-3.0
15940,1.0,1,1.0
15941,30.0,0,1.0
15942,13.0,0,3.0
15943,0.0,0,0.0
15944,0.0,0,0.0
15945,15.0,0,0.0
15946,10.0,1,0.0
15947,0.0,0,1.0
15948,30.0,0,1.0
15949,31.0,0,-0.0
15950,0.0,0,0.0
15951,0.0,0,0.0
15952,10.0,1,-2.0
15953,0.0,0,3.0
15954,31.0,0,0.0
15955,0.0,0,0.0
15956,0.0,0,1.0
15957,0.0,0,0.0
15958,2.0,1,2.0
15959,3.0,0,-1.0
15960,0.0,0,0.0
15961,27.0,0,1.0
15962,0.0,0,1.0
15963,30.0,0,-2.0
15964,0.0,0,3.0
15965,27.0,0,-1.0
15966,0.0,0,2.0
15967,31.0,0,0.0
15968,0.0,0,3.0
15969,0.0,0,0.0
15970,0.0,0,0.0
15971,0.0,0,1.0
15972,12.0,0,1.0
15973,29.0,1,0.0
15974,5.0,0,-2.0
15975,19.0,0,1.0
15976,18.0,0,0.0
15977,31.0,0,0.0
15978,0.0,0,1.0
15979,8.0,0,2.0
15980,9.0,0,1.0
15981,31.0,0,0.0
15982,12.0,0,3.0
15983,0.0,0,0.0
15984,18.0,1,3.0
15985,31.0,0,0.0
15986,30.0,0,-2.0
15987,22.0,0,2.0
15988,0.0,0,0.0
15989,0.0,1,0.0
15990,19.0,0,-0.0
15991,4.0,0,-2.0
15992,0.0,0,1.0
15993,14.0,0,2.0
15994,30.0,0,1.0
15995,28.0,0,-2.0
15996,29.0,0,2.0
15997,0.0,0,4.0
15998,0.0,0,0.0
15999,31.0,0,0.0
16000,11.0,0,-0.0
16001,27.0,0,2.0
16002,0.0,0,2.0
16003,0.0,0,1.0
16004,0.0,0,0.0
16005,31.0,0,0.0
16006,31.0,0,0.0
16007,27.0,0,-2.0
16008,22.0,0,1.0
16009,1.0,0,-0.0
16010,23.0,0,2.0
16011,18.0,1,0.0
16012,31.0,0,0.0
16013,20.0,0,2.0
16014,0.0,0,1.0
16015,17.0,0,-0.0
16016,0.0,0,5.0
16017,28.0,0,3.0
16018,29.0,0,2.0
16019,0.0,0,0.0
16020,20.0,0,1.0
16021,12.0,0,-0.0
16022,8.0,0,2.0
16023,19.0,1,-2.0
16024,17.0,1,1.0
16025,31.0,0,0.0
16026,7.0,0,2.0
16027,0.0,0,0.0
16028,28.0,1,-1.0
16029,0.0,0,0.0
16030,13.0,0,-0.0
16031,26.0,0,3.0
16032,2.0,1,2.0
16033,0.0,0,0.0
16034,19.0,0,-1.0
16035,31.0,1,1.0
16036,31.0,0,0.0
16037,22.0,0,-2.0
16038,7.0,0,3.0
16039,21.0,0,2.0
16040,31.0,0,0.0
16041,14.0,0,-1.0
16042,25.0,0,-1.0
16043,0.0,0,1.0
16044,0.0,1,0.0
16045,12.0,0,-1.0
16046,0.0,1,0.0
16047,12.0,1,3.0
16048,0.0,0,2.0
16049,19.0,0,1.0
16050,9.0,0,-0.0
16051,5.0,0,-0.0
16052,0.0,0,2.0
16053,12.0,0,-2.0
16054,0.0,0,0.0
16055,8.0,0,-1.0
16056,29.0,0,1.0
16057,26.0,0,1.0
16058,26.0,0,-2.0
16059,0.0,0,2.0
16060,0.0,0,3.0
16061,26.0,0,2.0
16062,30.0,0,1.0
16063,0.0,0,0.0
16064,1.0,1,1.0
16065,1.0,0,-1.0
16066,10.0,0,2.0
16067,0.0,1,0.0
16068,16.0,0,3.0
16069,2.0,1,2.0
16070,0.0,0,0.0
16071,0.0,0,1.0
16072,0.0,0,6.0
16073,31.0,0,0.0
16074,0.0,0,0.0
16075,0.0,1,0.0
16076,31.0,0,-0.0
16077,16.0,0,2.0
16078,13.0,0,-1.0
16079,18.0,1,4.0
16080,13.0,0,2.0
16081,4.0,0,-2.0
16082,13.0,0,1.0
16083,0.0,0,2.0
16084,1.0,0,0.0
16085,0.0,0,0.0
16086,0.0,0,1.0
16087,0.0,0,1.0
16088,0.0,0,4.0
16089,18.0,0,2.0
16090,24.0,0,0.0
16091,0.0,0,0.0
16092,0.0,0,0.0
16093,0.0,0,0.0
16094,1.0,1,1.0
16095,0.0,1,0.0
16096,0.0,0,3.0
16097,26.0,0,-2.0
16098,31.0,0,-1.0
16099,28.0,1,-1.0
16100,2.0,1,2.0
16101,11.0,0,1.0
16102,0.0,0,0.0
16103,29.0,0,2.0
16104,24.0,0,2.0
16105,0.0,0,1.0
16106,0.0,0,1.0
16107,13.0,0,-0.0
16108,31.0,0,-2.0
16109,31.0,1,0.0
16110,30.0,1,-1.0
16111,0.0,0,1.0
16112,0.0,0,3.0
16113,0.0,0,3.0
16114,2.0,0,0.0
16115,1.0,0,2.0
16116,0.0,0,0.0
16117,26.0,0,5.0
16118,0.0,0,1.0
16119,0.0,1,0.0
16120,20.0,0,3.0
16121,0.0,0,1.0
16122,16.0,0,1.0
16123,0.0,0,0.0
16124,4.0,0,0.0
16125,0.0,0,0.0
16126,14.0,1,2.0
16127,31.0,0,0.0
16128,30.0,0,1.0
16129,31.0,1,0.0
16130,16.0,0,-2.0
16131,31.0,1,0.0
16132,0.0,0,0.0
16133,26.0,0,3.0
16134,3.0,1,1.0
16135,0.0,1,0.0
16136,8.0,0,-1.0
16137,28.0,0,-0.0
16138,15.0,0,2.0
16139,12.0,0,-0.0
16140,3.0,1,3.0
16141,31.0,1,0.0
16142,15.0,0,-0.0
16143,31.0,0,0.0
16144,20.0,0,-1.0
16145,10.0,0,1.0
16146,31.0,0,-1.0
16147,15.0,0,1.0
16148,31.0,1,0.0
16149,29.0,0,-3.0
16150,0.0,0,1.0
16151,11.0,0,-1.0
16152,30.0,0,1.0
16153,0.0,0,0.0
16154,0.0,0,2.0
16155,9.0,0,3.0
16156,0.0,0,2.0
16157,16.0,0,2.0
16158,0.0,1,0.0
16159,5.0,0,-1.0
16160,0.0,0,0.0
16161,9.0,0,1.0
16162,12.0,0,0.0
16163,31.0,0,-0.0
16164,17.0,0,1.0
16165,8.0,0,0.0
16166,0.0,0,0.0
16167,0.0,0,0.0
16168,19.0,0,1.0
16169,27.0,0,-1.0
16170,7.0,0,1.0
16171,25.0,0,-2.0
16172,0.0,0,0.0
16173,13.0,0,2.0
16174,0.0,0,1.0
16175,20.0,0,4.0
16176,31.0,0,0.0
16177,10.0,0,0.0
16178,0.0,0,0.0
16179,23.0,1,2.0
16180,0.0,0,0.0
16181,26.0,0,-3.0
16182,31.0,0,0.0
16183,22.0,0,-2.0
16184,18.0,0,2.0
16185,0.0,0,2.0
16186,31.0,0,0.0
16187,0.0,0,1.0
16188,9.0,1,2.0
16189,31.0,0,0.0
16190,11.0,0,2.0
16191,9.0,1,0.0
16192,0.0,0,0.0
16193,2.0,0,1.0
16194,11.0,1,3.0
16195,26.0,0,1.0
16196,13.0,0,1.0
16197,27.0,0,1.0
16198,19.0,0,1.0
16199,17.0,0,-1.0
16200,11.0,0,2.0
16201,0.0,0,2.0
16202,29.0,0,2.0
16203,0.0,0,2.0
16204,27.0,1,1.0
16205,0.0,0,2.0
16206,0.0,0,0.0
16207,25.0,0,1.0
16208,20.0,1,1.0
16209,0.0,0,0.0
16210,30.0,0,1.0
16211,24.0,0,3.0
16212,0.0,0,1.0
16213,24.0,0,-0.0
16214,0.0,0,0.0
16215,0.0,0,0.0
16216,0.0,0,0.0
16217,18.0,1,-1.0
16218,0.0,0,1.0
16219,23.0,0,2.0
16220,14.0,0,1.0
16221,31.0,0,-1.0
16222,19.0,0,2.0
16223,0.0,1,0.0
16224,0.0,0,0.0
16225,1.0,0,1.0
16226,18.0,0,1.0
16227,19.0,0,3.0
16228,0.0,0,0.0
16229,0.0,0,0.0
16230,14.0,0,-1.0
16231,31.0,0,0.0
16232,0.0,0,3.0
16233,1.0,0,1.0
16234,31.0,1,0.0
16235,5.0,0,5.0
16236,8.0,0,2.0
16237,5.0,0,1.0
16238,0.0,0,0.0
16239,27.0,0,4.0
16240,0.0,0,0.0
16241,27.0,0,-1.0
16242,2.0,0,-1.0
16243,21.0,0,0.0
16244,31.0,1,-0.0
16245,0.0,0,2.0
16246,0.0,0,2.0
16247,0.0,0,2.0
16248,30.0,0,0.0
16249,30.0,0,-1.0
16250,14.0,1,3.0
16251,7.0,0,0.0
16252,31.0,0,0.0
16253,25.0,0,1.0
16254,15.0,1,-3.0
16255,30.0,0,1.0
16256,23.0,0,2.0
16257,0.0,0,1.0
16258,0.0,1,0.0
16259,31.0,0,0.0
16260,0.0,0,5.0
16261,0.0,0,0.0
16262,0.0,0,2.0
16263,19.0,0,0.0
16264,15.0,0,2.0
16265,0.0,0,1.0
16266,4.0,1,0.0
16267,0.0,0,4.0
16268,31.0,1,0.0
16269,25.0,1,1.0
16270,2.0,1,2.0
16271,30.0,1,-1.0
16272,0.0,0,2.0
16273,0.0,0,1.0
16274,13.0,0,-3.0
16275,23.0,0,1.0
16276,0.0,0,0.0
16277,0.0,0,0.0
16278,30.0,1,2.0
16279,29.0,0,1.0
16280,0.0,0,4.0
16281,0.0,0,0.0
16282,25.0,0,-0.0
16283,23.0,0,-1.0
16284,31.0,0,0.0
16285,2.0,1,2.0
16286,5.0,0,3.0
16287,28.0,0,3.0
16288,0.0,0,0.0
16289,12.0,0,1.0
16290,0.0,0,4.0
16291,1.0,1,1.0
16292,0.0,0,0.0
16293,31.0,0,-0.0
16294,14.0,0,2.0
16295,0.0,0,0.0
16296,9.0,1,-0.0
16297,0.0,0,0.0
16298,1.0,0,1.0
16299,0.0,0,1.0
16300,0.0,0,0.0
16301,12.0,0,1.0
16302,12.0,0,2.0
16303,29.0,0,2.0
16304,0.0,0,2.0
16305,23.0,1,3.0
16306,0.0,0,0.0
16307,3.0,0,-2.0
16308,13.0,1,2.0
16309,8.0,0,3.0
16310,17.0,0,-2.0
16311,0.0,0,1.0
16312,8.0,1,-0.0
16313,4.0,1,4.0
16314,8.0,0,0.0
16315,13.0,0,6.0
16316,31.0,0,0.0
16317,16.0,0,3.0
16318,22.0,0,2.0
16319,20.0,0,2.0
16320,0.0,0,0.0
16321,19.0,1,-1.0
16322,29.0,0,2.0
16323,31.0,0,-0.0
16324,31.0,0,0.0
16325,13.0,0,3.0
16326,0.0,0,0.0
16327,24.0,0,-0.0
16328,0.0,0,2.0
16329,31.0,0,0.0
16330,0.0,0,2.0
16331,0.0,1,0.0
16332,1.0,0,0.0
16333,24.0,0,-1.0
16334,24.0,0,1.0
16335,17.0,1,-3.0
16336,31.0,0,0.0
16337,0.0,0,0.0
16338,31.0,0,-1.0
16339,2.0,1,2.0
16340,12.0,0,-2.0
16341,0.0,0,1.0
16342,0.0,0,0.0
16343,0.0,0,0.0
16344,23.0,0,2.0
16345,16.0,0,0.0
16346,22.0,1,1.0
16347,0.0,0,0.0
16348,0.0,0,3.0
16349,2.0,1,2.0
16350,23.0,0,4.0
16351,27.0,0,3.0
16352,0.0,0,0.0
16353,0.0,0,0.0
16354,27.0,1,1.0
16355,0.0,0,1.0
16356,9.0,0,-1.0
16357,16.0,1,1.0
16358,23.0,0,1.0
16359,0.0,0,0.0
16360,25.0,1,0.0
16361,5.0,0,1.0
16362,31.0,0,0.0
16363,23.0,0,-1.0
16364,31.0,0,0.0
16365,31.0,0,0.0
16366,30.0,1,0.0
16367,0.0,0,3.0
16368,28.0,0,1.0
16369,27.0,1,1.0
16370,14.0,0,2.0
16371,0.0,0,1.0
16372,0.0,0,0.0
16373,0.0,0,1.0
16374,13.0,0,-0.0
16375,31.0,0,0.0
16376,14.0,0,-0.0
16377,28.0,0,1.0
16378,21.0,0,-1.0
16379,26.0,0,1.0
16380,31.0,0,0.0
16381,22.0,0,1.0
16382,31.0,0,0.0
16383,2.0,0,4.0
16384,31.0,0,0.0
16385,29.0,0,-3.0
16386,28.0,0,3.0
16387,0.0,0,2.0
16388,29.0,0,0.0
16389,31.0,0,0.0
16390,30.0,0,1.0
16391,0.0,0,0.0
16392,26.0,1,-3.0
16393,15.0,0,2.0
16394,19.0,0,4.0
16395,22.0,1,1.0
16396,24.0,0,1.0
16397,30.0,0,0.0
16398,0.0,0,0.0
16399,0.0,0,1.0
16400,30.0,0,1.0
16401,0.0,0,1.0
16402,0.0,0,0.0
16403,20.0,0,1.0
16404,28.0,0,2.0
16405,17.0,1,2.0
16406,31.0,0,0.0
16407,0.0,0,1.0
16408,0.0,0,0.0
16409,13.0,0,1.0
16410,2.0,1,2.0
16411,0.0,0,0.0
16412,25.0,0,2.0
16413,31.0,1,0.0
16414,6.0,0,-4.0
16415,0.0,0,0.0
16416,31.0,0,-0.0
16417,0.0,0,2.0
16418,0.0,0,4.0
16419,27.0,0,-1.0
16420,11.0,1,1.0
16421,28.0,0,3.0
16422,0.0,0,0.0
16423,0.0,0,0.0
16424,0.0,0,0.0
16425,0.0,0,1.0
16426,27.0,0,-1.0
16427,6.0,0,2.0
16428,10.0,0,-0.0
16429,23.0,0,1.0
16430,30.0,1,-1.0
16431,23.0,0,4.0
16432,28.0,0,-1.0
16433,19.0,0,1.0
16434,0.0,1,0.0
16435,23.0,0,0.0
16436,29.0,0,1.0
16437,23.0,1,0.0
16438,19.0,0,4.0
16439,10.0,0,3.0
16440,30.0,0,1.0
16441,0.0,0,1.0
16442,0.0,0,1.0
16443,31.0,0,0.0
16444,0.0,0,1.0
16445,0.0,0,0.0
16446,0.0,0,0.0
16447,29.0,0,1.0
16448,11.0,0,2.0
16449,0.0,0,0.0
16450,27.0,0,-1.0
16451,3.0,1,3.0
16452,8.0,0,2.0
16453,26.0,0,-0.0
16454,31.0,1,0.0
16455,0.0,0,1.0
16456,17.0,0,0.0
16457,5.0,0,-1.0
16458,20.0,0,2.0
16459,7.0,0,0.0
16460,8.0,0,3.0
16461,18.0,0,-2.0
16462,0.0,0,3.0
16463,27.0,0,-0.0
16464,19.0,0,3.0
16465,0.0,0,2.0
16466,6.0,0,1.0
16467,0.0,0,1.0
16468,30.0,0,-0.0
16469,0.0,0,2.0
16470,0.0,0,0.0
16471,0.0,0,0.0
16472,0.0,0,0.0
16473,0.0,0,0.0
16474,1.0,1,1.0
16475,3.0,0,2.0
16476,3.0,0,-3.0
16477,25.0,1,-1.0
16478,0.0,0,1.0
16479,25.0,0,0.0
16480,21.0,0,5.0
16481,31.0,1,0.0
16482,2.0,1,2.0
16483,31.0,0,-2.0
16484,24.0,0,-2.0
16485,26.0,0,-0.0
16486,24.0,0,-0.0
16487,12.0,0,1.0
16488,30.0,0,1.0
16489,0.0,0,0.0
16490,0.0,0,3.0
16491,0.0,0,2.0
16492,20.0,0,1.0
16493,22.0,0,3.0
16494,11.0,0,-2.0
16495,0.0,0,0.0
16496,22.0,0,4.0
16497,31.0,0,0.0
16498,0.0,0,1.0
16499,26.0,0,-1.0
16500,17.0,0,0.0
16501,24.0,0,5.0
16502,31.0,0,-1.0
16503,26.0,1,3.0
16504,4.0,1,4.0
16505,7.0,0,-2.0
16506,0.0,0,0.0
16507,31.0,0,0.0
16508,0.0,0,2.0
16509,28.0,0,2.0
16510,0.0,0,1.0
16511,0.0,0,0.0
16512,29.0,0,2.0
16513,0.0,1,0.0
16514,0.0,0,4.0
16515,0.0,0,2.0
16516,0.0,0,1.0
16517,0.0,0,0.0
16518,14.0,1,3.0
16519,23.0,0,1.0
16520,0.0,0,1.0
16521,24.0,0,0.0
16522,14.0,0,2.0
16523,30.0,0,1.0
16524,30.0,0,1.0
16525,3.0,0,3.0
16526,9.0,0,2.0
16527,4.0,0,0.0
16528,8.0,0,0.0
16529,0.0,0,3.0
16530,26.0,1,3.0
16531,0.0,0,0.0
16532,31.0,0,-1.0
16533,0.0,0,1.0
16534,26.0,0,0.0
16535,31.0,0,0.0
16536,11.0,0,5.0
16537,26.0,0,2.0
16538,14.0,0,1.0
16539,14.0,0,0.0
16540,1.0,1,1.0
16541,0.0,0,0.0
16542,26.0,1,1.0
16543,30.0,0,1.0
16544,0.0,1,0.0
16545,24.0,0,2.0
16546,0.0,0,0.0
16547,2.0,0,4.0
16548,31.0,0,0.0
16549,0.0,0,0.0
16550,0.0,0,0.0
16551,18.0,0,2.0
16552,30.0,1,-1.0
16553,8.0,0,-1.0
16554,18.0,0,3.0
16555,0.0,0,1.0
16556,28.0,0,-1.0
16557,0.0,1,0.0
16558,22.0,0,-1.0
16559,0.0,0,0.0
16560,18.0,0,3.0
16561,21.0,1,1.0
16562,1.0,1,1.0
16563,31.0,0,-0.0
16564,31.0,0,0.0
16565,20.0,0,3.0
16566,1.0,1,1.0
16567,12.0,0,0.0
16568,0.0,0,0.0
16569,0.0,0,0.0
16570,6.0,0,-1.0
16571,12.0,0,3.0
16572,0.0,1,0.0
16573,0.0,0,2.0
16574,0.0,0,1.0
16575,17.0,0,1.0
16576,31.0,1,0.0
16577,8.0,0,-1.0
16578,1.0,0,-0.0
16579,16.0,1,2.0
16580,17.0,0,2.0
16581,0.0,0,0.0
16582,29.0,1,1.0
16583,0.0,0,2.0
16584,12.0,0,-2.0
16585,26.0,1,-0.0
16586,0.0,0,0.0
16587,31.0,1,0.0
16588,0.0,1,0.0
16589,31.0,0,0.0
16590,30.0,0,-0.0
16591,30.0,0,1.0
16592,5.0,0,2.0
16593,18.0,1,7.0
16594,0.0,0,1.0
16595,0.0,0,0.0
16596,25.0,0,1.0
16597,31.0,0,0.0
16598,31.0,0,0.0
16599,26.0,0,2.0
16600,2.0,0,0.0
16601,29.0,1,2.0
16602,31.0,0,0.0
16603,0.0,0,1.0
16604,0.0,0,2.0
16605,13.0,0,1.0
16606,0.0,0,2.0
16607,17.0,1,5.0
16608,3.0,0,1.0
16609,11.0,1,2.0
16610,27.0,0,-0.0
16611,29.0,0,-2.0
16612,31.0,0,0.0
16613,30.0,0,1.0
16614,31.0,0,0.0
16615,28.0,0,0.0
16616,0.0,1,0.0
16617,0.0,0,1.0
16618,30.0,0,1.0
16619,26.0,0,2.0
16620,0.0,0,0.0
16621,14.0,0,0.0
16622,0.0,1,0.0
16623,26.0,1,1.0
16624,0.0,0,1.0
16625,31.0,0,0.0
16626,29.0,1,-1.0
16627,0.0,0,0.0
16628,31.0,0,-1.0
16629,0.0,0,1.0
16630,27.0,1,0.0
16631,0.0,0,1.0
16632,0.0,0,1.0
16633,19.0,0,2.0
16634,2.0,1,2.0
16635,10.0,0,3.0
16636,20.0,0,1.0
16637,30.0,0,1.0
16638,29.0,1,0.0
16639,24.0,0,1.0
16640,0.0,0,0.0
16641,31.0,0,-0.0
16642,0.0,0,3.0
16643,0.0,0,0.0
16644,0.0,0,2.0
16645,14.0,0,3.0
16646,0.0,0,3.0
16647,0.0,0,3.0
16648,27.0,1,5.0
16649,0.0,0,0.0
16650,15.0,0,0.0
16651,10.0,0,3.0
16652,31.0,0,0.0
16653,2.0,1,2.0
16654,0.0,0,0.0
16655,23.0,0,-1.0
16656,22.0,0,1.0
16657,3.0,0,3.0
16658,0.0,0,0.0
16659,29.0,0,1.0
16660,31.0,0,0.0
16661,21.0,0,4.0
16662,0.0,0,0.0
16663,31.0,1,0.0
16664,0.0,0,0.0
16665,10.0,0,0.0
16666,22.0,1,3.0
16667,26.0,0,2.0
16668,0.0,0,7.0
16669,21.0,0,1.0
16670,27.0,0,0.0
16671,0.0,0,0.0
16672,0.0,0,2.0
16673,26.0,0,-1.0
16674,0.0,0,1.0
16675,9.0,0,1.0
16676,13.0,0,1.0
16677,28.0,0,3.0
16678,1.0,1,1.0
16679,24.0,0,-2.0
16680,30.0,0,-3.0
16681,28.0,0,1.0
16682,17.0,0,3.0
16683,1.0,1,1.0
16684,21.0,0,1.0
16685,0.0,1,0.0
16686,30.0,1,1.0
16687,21.0,0,0.0
16688,31.0,0,0.0
16689,0.0,0,1.0
16690,0.0,0,2.0
16691,31.0,0,0.0
16692,10.0,0,2.0
16693,3.0,0,3.0
16694,2.0,1,2.0
16695,2.0,1,2.0
16696,30.0,0,-1.0
16697,20.0,0,-1.0
16698,6.0,0,2.0
16699,29.0,0,1.0
16700,0.0,0,0.0
16701,31.0,0,0.0
16702,14.0,0,1.0
16703,0.0,0,1.0
16704,11.0,0,-3.0
16705,29.0,0,2.0
16706,0.0,0,1.0
16707,15.0,0,1.0
16708,0.0,1,0.0
16709,0.0,0,1.0
16710,30.0,0,-1.0
16711,31.0,0,0.0
16712,1.0,0,0.0
16713,0.0,0,0.0
16714,19.0,0,3.0
16715,17.0,1,-1.0
16716,2.0,0,-1.0
16717,6.0,0,0.0
16718,14.0,0,-1.0
16719,28.0,0,-4.0
16720,0.0,0,0.0
16721,0.0,0,1.0
16722,4.0,0,1.0
16723,7.0,0,0.0
16724,0.0,1,0.0
16725,0.0,0,2.0
16726,27.0,0,-4.0
16727,0.0,0,2.0
16728,19.0,0,2.0
16729,16.0,0,-0.0
16730,0.0,0,2.0
16731,21.0,0,2.0
16732,0.0,0,0.0
16733,11.0,0,-3.0
16734,0.0,0,0.0
16735,0.0,0,1.0
16736,2.0,1,2.0
16737,31.0,0,0.0
16738,31.0,0,0.0
16739,23.0,1,1.0
16740,23.0,1,1.0
16741,26.0,0,2.0
16742,0.0,0,2.0
16743,0.0,0,2.0
16744,15.0,0,4.0
16745,0.0,0,0.0
16746,26.0,0,1.0
16747,25.0,1,1.0
16748,31.0,1,3.0
16749,0.0,0,2.0
16750,27.0,0,4.0
16751,24.0,0,-2.0
16752,0.0,0,6.0
16753,25.0,0,2.0
16754,28.0,0,2.0
16755,0.0,0,2.0
16756,31.0,0,0.0
16757,28.0,0,2.0
16758,29.0,0,2.0
16759,0.0,0,2.0
16760,5.0,0,2.0
16761,8.0,1,1.0
16762,29.0,0,2.0
16763,31.0,1,0.0
16764,3.0,0,2.0
16765,29.0,1,2.0
16766,22.0,0,-0.0
16767,26.0,0,2.0
16768,25.0,0,1.0
16769,0.0,0,0.0
16770,14.0,1,3.0
16771,28.0,0,1.0
16772,3.0,0,1.0
16773,23.0,0,-1.0
16774,0.0,0,0.0
16775,31.0,0,0.0
16776,1.0,0,-1.0
16777,26.0,0,0.0
16778,21.0,0,4.0
16779,0.0,0,4.0
16780,15.0,1,-2.0
16781,0.0,0,0.0
16782,0.0,0,1.0
16783,16.0,0,1.0
16784,22.0,0,3.0
16785,17.0,1,0.0
16786,0.0,0,0.0
16787,1.0,1,1.0
16788,24.0,0,1.0
16789,1.0,1,1.0
16790,24.0,0,1.0
16791,12.0,0,-0.0
16792,28.0,0,3.0
16793,0.0,0,3.0
16794,0.0,0,1.0
16795,31.0,1,1.0
16796,18.0,0,4.0
16797,0.0,0,0.0
16798,22.0,0,0.0
16799,30.0,0,1.0
16800,0.0,0,1.0
16801,2.0,0,1.0
16802,0.0,0,0.0
16803,27.0,0,0.0
16804,0.0,0,0.0
16805,7.0,0,4.0
16806,14.0,0,0.0
16807,28.0,0,1.0
16808,0.0,0,0.0
16809,0.0,0,0.0
16810,0.0,0,0.0
16811,31.0,0,-1.0
16812,24.0,0,-2.0
16813,0.0,0,2.0
16814,2.0,1,2.0
16815,0.0,0,0.0
16816,0.0,0,0.0
16817,0.0,0,2.0
16818,28.0,0,0.0
16819,2.0,1,0.0
16820,0.0,1,0.0
16821,0.0,1,0.0
16822,28.0,0,-1.0
16823,5.0,1,1.0
16824,31.0,0,0.0
16825,0.0,0,1.0
16826,31.0,0,0.0
16827,31.0,1,0.0
16828,0.0,0,0.0
16829,30.0,0,1.0
16830,29.0,1,1.0
16831,10.0,0,-1.0
16832,7.0,0,0.0
16833,20.0,0,4.0
16834,12.0,0,-2.0
16835,31.0,0,-1.0
16836,24.0,0,2.0
16837,18.0,0,1.0
16838,11.0,0,0.0
16839,20.0,0,2.0
16840,18.0,0,0.0
16841,31.0,1,0.0
16842,31.0,0,0.0
16843,29.0,0,-1.0
16844,0.0,0,0.0
16845,27.0,0,-1.0
16846,3.0,0,0.0
16847,0.0,0,2.0
16848,0.0,0,1.0
16849,0.0,0,0.0
16850,25.0,0,1.0
16851,19.0,0,0.0
16852,0.0,0,4.0
16853,0.0,0,1.0
16854,0.0,0,0.0
16855,31.0,1,0.0
16856,7.0,0,-0.0
16857,10.0,0,1.0
16858,27.0,0,-1.0
16859,29.0,0,1.0
16860,24.0,0,4.0
16861,13.0,0,4.0
16862,4.0,1,2.0
16863,30.0,0,-3.0
16864,31.0,0,-4.0
16865,0.0,0,2.0
16866,0.0,0,1.0
16867,0.0,0,0.0
16868,29.0,0,-3.0
16869,31.0,0,0.0
16870,29.0,0,2.0
16871,23.0,1,1.0
16872,24.0,0,0.0
16873,4.0,0,-1.0
16874,25.0,1,-0.0
16875,6.0,0,0.0
16876,31.0,0,0.0
16877,31.0,0,-1.0
16878,22.0,0,3.0
16879,28.0,1,5.0
16880,0.0,1,0.0
16881,0.0,0,3.0
16882,23.0,1,3.0
16883,30.0,0,1.0
16884,12.0,0,-1.0
16885,27.0,1,3.0
16886,27.0,0,2.0
16887,21.0,0,1.0
16888,13.0,1,3.0
16889,2.0,0,-2.0
16890,28.0,0,1.0
16891,0.0,0,0.0
16892,30.0,1,-1.0
16893,0.0,0,0.0
16894,0.0,1,0.0
16895,0.0,0,0.0
16896,16.0,0,-1.0
16897,31.0,0,0.0
16898,0.0,0,0.0
16899,11.0,1,6.0
16900,0.0,0,0.0
16901,1.0,0,-1.0
16902,27.0,0,2.0
16903,20.0,1,2.0
16904,0.0,0,0.0
16905,15.0,0,-1.0
16906,0.0,0,1.0
16907,24.0,0,0.0
16908,0.0,0,3.0
16909,29.0,0,-0.0
16910,6.0,0,1.0
16911,0.0,1,0.0
16912,0.0,0,0.0
16913,21.0,0,1.0
16914,29.0,1,2.0
16915,0.0,0,0.0
16916,12.0,0,4.0
16917,0.0,0,0.0
16918,0.0,0,0.0
16919,31.0,0,0.0
16920,0.0,0,3.0
16921,18.0,0,1.0
16922,0.0,0,0.0
16923,0.0,0,2.0
16924,0.0,0,0.0
16925,2.0,1,2.0
16926,0.0,0,2.0
16927,15.0,0,2.0
16928,4.0,0,1.0
16929,27.0,0,2.0
16930,0.0,0,0.0
16931,30.0,0,1.0
16932,0.0,1,0.0
16933,0.0,0,2.0
16934,6.0,0,2.0
16935,25.0,0,4.0
16936,12.0,0,3.0
16937,31.0,0,-4.0
16938,22.0,0,0.0
16939,30.0,0,-0.0
16940,13.0,0,3.0
16941,20.0,0,3.0
16942,10.0,1,3.0
16943,27.0,0,1.0
16944,13.0,0,3.0
16945,17.0,1,1.0
16946,31.0,0,-2.0
16947,0.0,0,2.0
16948,0.0,0,2.0
16949,15.0,0,2.0
16950,26.0,0,2.0
16951,5.0,0,2.0
16952,0.0,0,0.0
16953,0.0,0,0.0
16954,17.0,0,-1.0
16955,4.0,0,-1.0
16956,0.0,0,0.0
16957,28.0,0,1.0
16958,31.0,0,0.0
16959,6.0,0,3.0
16960,0.0,1,0.0
16961,31.0,1,3.0
16962,19.0,0,2.0
16963,23.0,0,4.0
16964,0.0,0,1.0
16965,0.0,0,1.0
16966,15.0,0,-1.0
16967,0.0,0,2.0
16968,1.0,0,2.0
16969,0.0,0,1.0
16970,30.0,0,1.0
16971,13.0,0,3.0
16972,16.0,0,2.0
16973,0.0,0,0.0
16974,30.0,0,-0.0
16975,17.0,0,2.0
16976,1.0,1,1.0
16977,31.0,0,0.0
16978,0.0,0,0.0
16979,28.0,0,0.0
16980,29.0,0,2.0
16981,0.0,0,0.0
16982,1.0,1,1.0
16983,9.0,0,2.0
16984,31.0,1,0.0
16985,26.0,0,-2.0
16986,12.0,0,2.0
16987,0.0,0,2.0
16988,31.0,0,0.0
16989,26.0,0,0.0
16990,0.0,0,2.0
16991,22.0,0,2.0
16992,0.0,0,0.0
16993,17.0,0,1.0
16994,0.0,0,4.0
16995,20.0,0,2.0
16996,28.0,0,2.0
16997,17.0,0,2.0
16998,31.0,0,0.0
16999,30.0,0,1.0
17000,0.0,0,0.0
17001,10.0,0,0.0
17002,0.0,0,1.0
17003,13.0,0,2.0
17004,15.0,0,2.0
17005,0.0,0,2.0
17006,19.0,0,-0.0
17007,31.0,0,0.0
17008,0.0,0,2.0
17009,28.0,0,1.0
17010,0.0,0,0.0
17011,0.0,0,2.0
17012,17.0,0,4.0
17013,31.0,0,-0.0
17014,22.0,0,0.0
17015,19.0,0,3.0
17016,31.0,0,0.0
17017,0.0,0,0.0
17018,18.0,1,1.0
17019,6.0,0,1.0
17020,1.0,1,1.0
17021,23.0,0,-1.0
17022,0.0,0,2.0
17023,17.0,1,-1.0
17024,28.0,0,0.0
17025,31.0,0,-0.0
17026,31.0,0,0.0
17027,11.0,0,-0.0
17028,18.0,0,0.0
17029,31.0,1,4.0
17030,24.0,0,2.0
17031,0.0,0,0.0
17032,6.0,1,2.0
17033,5.0,0,2.0
17034,0.0,0,0.0
17035,0.0,0,3.0
17036,0.0,0,2.0
17037,0.0,0,3.0
17038,24.0,0,-3.0
17039,31.0,0,-1.0
17040,0.0,0,1.0
17041,0.0,0,2.0
17042,0.0,1,0.0
17043,26.0,0,2.0
17044,17.0,1,2.0
17045,0.0,0,5.0
17046,23.0,1,-1.0
17047,31.0,0,0.0
17048,3.0,1,3.0
17049,30.0,0,1.0
17050,0.0,0,1.0
17051,14.0,0,3.0
17052,0.0,0,1.0
17053,11.0,1,1.0
17054,2.0,1,2.0
17055,15.0,0,1.0
17056,29.0,0,2.0
17057,16.0,1,3.0
17058,15.0,1,0.0
17059,29.0,0,2.0
17060,31.0,1,0.0
17061,31.0,0,-1.0
17062,19.0,0,4.0
17063,4.0,0,2.0
17064,21.0,1,1.0
17065,8.0,0,3.0
17066,30.0,0,0.0
17067,31.0,0,0.0
17068,31.0,0,0.0
17069,0.0,0,2.0
17070,0.0,0,3.0
17071,0.0,0,0.0
17072,0.0,0,0.0
17073,10.0,0,0.0
17074,3.0,0,2.0
17075,1.0,1,1.0
17076,12.0,0,0.0
17077,15.0,0,-1.0
17078,0.0,0,0.0
17079,25.0,0,3.0
17080,1.0,1,1.0
17081,0.0,0,1.0
17082,20.0,0,3.0
17083,31.0,0,0.0
17084,11.0,0,2.0
17085,31.0,0,-1.0
17086,31.0,0,0.0
17087,31.0,1,1.0
17088,16.0,0,5.0
17089,0.0,0,0.0
17090,21.0,0,-1.0
17091,20.0,0,-1.0
17092,0.0,0,1.0
17093,27.0,0,3.0
17094,4.0,0,0.0
17095,0.0,0,1.0
17096,0.0,1,0.0
17097,0.0,0,0.0
17098,19.0,0,-1.0
17099,24.0,0,3.0
17100,14.0,0,0.0
17101,17.0,0,-0.0
17102,0.0,0,0.0
17103,31.0,1,0.0
17104,15.0,0,2.0
17105,0.0,0,3.0
17106,31.0,0,0.0
17107,0.0,0,0.0
17108,0.0,0,2.0
17109,10.0,0,-1.0
17110,31.0,1,0.0
17111,31.0,0,-1.0
17112,0.0,1,0.0
17113,0.0,0,0.0
17114,31.0,0,0.0
17115,14.0,1,2.0
17116,7.0,1,-3.0
17117,8.0,1,2.0
17118,0.0,0,3.0
17119,28.0,0,3.0
17120,3.0,0,1.0
17121,5.0,1,2.0
17122,31.0,0,-2.0
17123,31.0,0,0.0
17124,9.0,1,-2.0
17125,18.0,0,0.0
17126,18.0,0,-2.0
17127,0.0,0,1.0
17128,8.0,0,1.0
17129,31.0,0,0.0
17130,16.0,0,2.0
17131,15.0,0,3.0
17132,17.0,0,-1.0
17133,16.0,0,0.0
17134,0.0,0,1.0
17135,9.0,0,1.0
17136,0.0,0,0.0
17137,0.0,0,2.0
17138,4.0,1,4.0
17139,18.0,0,-0.0
17140,9.0,0,2.0
17141,27.0,0,0.0
17142,18.0,0,2.0
17143,0.0,0,0.0
17144,0.0,0,4.0
17145,31.0,0,0.0
17146,10.0,0,-1.0
17147,2.0,0,-1.0
17148,0.0,0,0.0
17149,0.0,0,0.0
17150,2.0,0,-2.0
17151,5.0,0,4.0
17152,4.0,0,0.0
17153,31.0,1,0.0
17154,0.0,0,0.0
17155,9.0,0,3.0
17156,8.0,1,1.0
17157,31.0,1,0.0
17158,29.0,0,-2.0
17159,0.0,1,0.0
17160,0.0,0,1.0
17161,13.0,0,4.0
17162,22.0,0,3.0
17163,18.0,0,1.0
17164,31.0,0,-0.0
17165,27.0,0,2.0
17166,16.0,0,5.0
17167,24.0,0,1.0
17168,14.0,0,2.0
17169,17.0,0,-0.0
17170,0.0,0,3.0
17171,4.0,1,4.0
17172,22.0,0,0.0
17173,0.0,0,2.0
17174,0.0,0,2.0
17175,0.0,0,2.0
17176,0.0,0,3.0
17177,29.0,0,1.0
17178,0.0,0,3.0
17179,19.0,0,1.0
17180,31.0,0,-0.0
17181,26.0,0,1.0
17182,0.0,0,1.0
17183,26.0,0,1.0
17184,27.0,0,-1.0
17185,0.0,0,1.0
17186,22.0,0,6.0
17187,0.0,0,2.0
17188,0.0,0,4.0
17189,0.0,0,3.0
17190,0.0,0,3.0
17191,16.0,0,3.0
17192,31.0,0,0.0
17193,3.0,1,3.0
17194,13.0,0,2.0
17195,0.0,0,1.0
17196,2.0,1,2.0
17197,0.0,0,0.0
17198,31.0,1,0.0
17199,1.0,1,1.0
17200,31.0,0,0.0
17201,2.0,1,2.0
17202,0.0,0,2.0
17203,31.0,0,0.0
17204,0.0,0,4.0
17205,12.0,0,3.0
17206,0.0,0,0.0
17207,31.0,1,0.0
17208,29.0,0,2.0
17209,0.0,1,0.0
17210,0.0,0,4.0
17211,19.0,0,-0.0
17212,16.0,0,-1.0
17213,30.0,0,1.0
17214,21.0,0,1.0
17215,13.0,0,1.0
17216,25.0,0,0.0
17217,0.0,0,0.0
17218,24.0,1,2.0
17219,0.0,0,1.0
17220,8.0,0,3.0
17221,31.0,0,0.0
17222,31.0,0,-2.0
17223,0.0,0,0.0
17224,3.0,1,3.0
17225,27.0,0,1.0
17226,0.0,0,0.0
17227,30.0,1,-1.0
17228,11.0,0,0.0
17229,17.0,0,1.0
17230,24.0,0,3.0
17231,28.0,0,1.0
17232,0.0,0,2.0
17233,26.0,1,6.0
17234,0.0,0,3.0
17235,19.0,0,2.0
17236,0.0,1,0.0
17237,10.0,0,-1.0
17238,9.0,0,4.0
17239,28.0,0,1.0
17240,10.0,0,-0.0
17241,1.0,1,1.0
17242,29.0,0,2.0
17243,11.0,0,3.0
17244,31.0,0,-0.0
17245,31.0,0,0.0
17246,20.0,0,3.0
17247,0.0,0,0.0
17248,3.0,0,2.0
17249,2.0,1,2.0
17250,30.0,1,1.0
17251,25.0,0,3.0
17252,18.0,0,0.0
17253,0.0,0,1.0
17254,28.0,1,-1.0
17255,14.0,0,1.0
17256,4.0,1,-1.0
17257,0.0,0,3.0
17258,24.0,0,-1.0
17259,28.0,0,-3.0
17260,17.0,0,3.0
17261,7.0,0,1.0
17262,0.0,0,0.0
17263,2.0,1,2.0
17264,8.0,1,3.0
17265,24.0,0,2.0
17266,0.0,0,3.0
17267,7.0,1,2.0
17268,0.0,0,2.0
17269,30.0,0,1.0
17270,30.0,0,1.0
17271,0.0,1,0.0
17272,0.0,0,2.0
17273,24.0,0,1.0
17274,31.0,1,0.0
17275,13.0,0,2.0
17276,0.0,0,1.0
17277,0.0,0,0.0
17278,0.0,0,0.0
17279,29.0,0,2.0
17280,18.0,1,-2.0
17281,4.0,0,-1.0
17282,1.0,1,1.0
17283,0.0,0,6.0
17284,0.0,0,0.0
17285,4.0,0,2.0
17286,0.0,0,0.0
17287,0.0,0,1.0
17288,31.0,1,1.0
17289,0.0,0,1.0
17290,0.0,1,0.0
17291,20.0,0,1.0
17292,3.0,0,-1.0
17293,31.0,0,0.0
17294,0.0,0,2.0
17295,22.0,0,1.0
17296,0.0,0,0.0
17297,13.0,0,1.0
17298,31.0,0,0.0
17299,0.0,0,1.0
17300,14.0,0,-0.0
17301,1.0,0,2.0
17302,31.0,0,0.0
17303,0.0,0,3.0
17304,31.0,1,0.0
17305,0.0,0,1.0
17306,0.0,0,2.0
17307,10.0,0,1.0
17308,0.0,0,0.0
17309,0.0,0,0.0
17310,23.0,1,-0.0
17311,30.0,0,1.0
17312,27.0,0,3.0
17313,31.0,0,0.0
17314,21.0,0,2.0
17315,13.0,1,5.0
17316,6.0,0,0.0
17317,26.0,0,0.0
17318,0.0,0,0.0
17319,31.0,0,0.0
17320,0.0,0,0.0
17321,0.0,0,0.0
17322,12.0,0,-1.0
17323,20.0,0,1.0
17324,26.0,0,-3.0
17325,27.0,1,1.0
17326,8.0,0,1.0
17327,23.0,0,4.0
17328,18.0,0,-3.0
17329,0.0,0,2.0
17330,23.0,0,4.0
17331,0.0,0,1.0
17332,27.0,0,3.0
17333,5.0,0,-0.0
17334,0.0,0,4.0
17335,8.0,0,2.0
17336,31.0,0,0.0
17337,31.0,0,0.0
17338,0.0,0,4.0
17339,30.0,0,1.0
17340,27.0,0,1.0
17341,11.0,0,-0.0
17342,24.0,0,4.0
17343,20.0,0,-1.0
17344,25.0,0,1.0
17345,8.0,1,-1.0
17346,0.0,0,3.0
17347,30.0,0,1.0
17348,13.0,0,2.0
17349,20.0,1,1.0
17350,19.0,0,-3.0
17351,31.0,1,0.0
17352,24.0,0,2.0
17353,0.0,0,0.0
17354,0.0,1,0.0
17355,4.0,0,1.0
17356,31.0,0,-1.0
17357,18.0,0,1.0
17358,0.0,0,2.0
17359,31.0,1,0.0
17360,11.0,0,3.0
17361,16.0,0,2.0
17362,0.0,0,3.0
17363,0.0,0,0.0
17364,4.0,1,4.0
17365,15.0,0,-3.0
17366,0.0,0,3.0
17367,31.0,1,0.0
17368,18.0,0,3.0
17369,12.0,0,3.0
17370,19.0,0,2.0
17371,31.0,0,0.0
17372,16.0,0,1.0
17373,0.0,0,1.0
17374,25.0,0,0.0
17375,30.0,0,0.0
17376,0.0,0,4.0
17377,31.0,0,-2.0
17378,25.0,0,6.0
17379,12.0,1,3.0
17380,26.0,1,5.0
17381,23.0,0,2.0
17382,24.0,0,-1.0
17383,0.0,0,1.0
17384,0.0,0,3.0
17385,26.0,0,0.0
17386,30.0,1,-1.0
17387,31.0,0,0.0
17388,31.0,1,0.0
17389,0.0,0,2.0
17390,8.0,0,5.0
17391,0.0,0,0.0
17392,2.0,1,2.0
17393,17.0,1,-0.0
17394,26.0,0,-1.0
17395,0.0,0,0.0
17396,31.0,0,0.0
17397,16.0,0,1.0
17398,19.0,0,1.0
17399,4.0,1,4.0
17400,24.0,0,-1.0
17401,29.0,0,2.0
17402,27.0,0,-2.0
17403,0.0,0,3.0
17404,0.0,0,0.0
17405,17.0,0,0.0
17406,25.0,0,-2.0
17407,0.0,0,2.0
17408,30.0,0,1.0
17409,4.0,0,2.0
17410,0.0,0,0.0
17411,22.0,0,-1.0
17412,0.0,0,0.0
17413,31.0,0,0.0
17414,0.0,0,0.0
17415,0.0,0,2.0
17416,10.0,0,3.0
17417,0.0,0,0.0
17418,0.0,0,1.0
17419,0.0,0,2.0
17420,18.0,0,3.0
17421,31.0,0,0.0
17422,29.0,0,2.0
17423,27.0,0,-1.0
17424,0.0,0,3.0
17425,31.0,1,2.0
17426,0.0,0,0.0
17427,31.0,0,0.0
17428,27.0,1,3.0
17429,31.0,0,0.0
17430,17.0,0,-0.0
17431,13.0,0,1.0
17432,0.0,0,1.0
17433,0.0,0,0.0
17434,31.0,0,-1.0
17435,28.0,0,3.0
17436,0.0,0,4.0
17437,14.0,0,1.0
17438,31.0,0,0.0
17439,0.0,0,1.0
17440,0.0,1,0.0
17441,13.0,0,3.0
17442,22.0,1,1.0
17443,23.0,0,0.0
17444,0.0,1,0.0
17445,7.0,0,-1.0
17446,0.0,0,1.0
17447,0.0,0,4.0
17448,31.0,0,0.0
17449,0.0,0,0.0
17450,31.0,0,0.0
17451,0.0,0,2.0
17452,21.0,0,0.0
17453,1.0,0,-0.0
17454,31.0,1,1.0
17455,22.0,0,3.0
17456,31.0,0,0.0
17457,0.0,0,0.0
17458,22.0,0,1.0
17459,19.0,0,1.0
17460,20.0,0,2.0
17461,31.0,1,1.0
17462,29.0,0,2.0
17463,25.0,1,-0.0
17464,0.0,0,0.0
17465,12.0,1,0.0
17466,13.0,0,2.0
17467,11.0,0,2.0
17468,0.0,0,0.0
17469,30.0,0,0.0
17470,0.0,0,2.0
17471,0.0,0,0.0
17472,19.0,0,3.0
17473,30.0,0,1.0
17474,22.0,0,0.0
17475,31.0,0,0.0
17476,7.0,0,3.0
17477,30.0,0,1.0
17478,0.0,0,0.0
17479,31.0,0,0.0
17480,0.0,0,0.0
17481,11.0,0,-2.0
17482,26.0,0,1.0
17483,0.0,0,0.0
17484,8.0,0,-2.0
17485,15.0,0,1.0
17486,31.0,0,0.0
17487,13.0,0,5.0
17488,31.0,0,0.0
17489,3.0,0,5.0
17490,0.0,0,0.0
17491,7.0,0,2.0
17492,0.0,0,2.0
17493,20.0,1,1.0
17494,18.0,0,1.0
17495,0.0,0,0.0
17496,15.0,0,0.0
17497,0.0,0,2.0
17498,0.0,0,1.0
17499,31.0,1,0.0
17500,30.0,0,1.0
17501,0.0,0,4.0
17502,0.0,0,0.0
17503,25.0,1,1.0
17504,31.0,1,0.0
17505,20.0,0,1.0
17506,28.0,0,1.0
17507,0.0,0,1.0
17508,0.0,0,2.0
17509,0.0,0,0.0
17510,14.0,0,1.0
17511,0.0,0,2.0
17512,12.0,0,2.0
17513,2.0,0,4.0
17514,3.0,1,3.0
17515,3.0,1,3.0
17516,28.0,0,1.0
17517,27.0,0,2.0
17518,0.0,0,0.0
17519,14.0,0,2.0
17520,23.0,0,2.0
17521,0.0,0,0.0
17522,31.0,0,-1.0
17523,30.0,1,2.0
17524,31.0,0,-0.0
17525,0.0,1,0.0
17526,0.0,0,2.0
17527,14.0,0,-0.0
17528,26.0,0,-2.0
17529,0.0,0,0.0
17530,16.0,0,-0.0
17531,0.0,0,0.0
17532,0.0,0,1.0
17533,17.0,0,-0.0
17534,0.0,0,1.0
17535,2.0,1,2.0
17536,0.0,0,2.0
17537,24.0,0,-3.0
17538,29.0,0,2.0
17539,30.0,0,1.0
17540,6.0,0,0.0
17541,0.0,0,0.0
17542,30.0,0,-0.0
17543,6.0,1,1.0
17544,0.0,0,0.0
17545,27.0,0,2.0
17546,13.0,0,2.0
17547,0.0,0,3.0
17548,2.0,0,3.0
17549,26.0,0,5.0
17550,1.0,1,1.0
17551,5.0,0,3.0
17552,31.0,0,0.0
17553,0.0,0,3.0
17554,13.0,0,1.0
17555,27.0,0,1.0
17556,26.0,0,3.0
17557,21.0,0,1.0
17558,29.0,0,-0.0
17559,0.0,0,1.0
17560,14.0,0,-2.0
17561,0.0,0,0.0
17562,21.0,0,-0.0
17563,31.0,1,0.0
17564,28.0,1,-1.0
17565,7.0,0,-3.0
17566,0.0,0,0.0
17567,10.0,0,1.0
17568,1.0,1,1.0
17569,31.0,0,0.0
17570,7.0,0,0.0
17571,18.0,0,3.0
17572,12.0,0,1.0
17573,31.0,1,0.0
17574,12.0,0,0.0
17575,31.0,0,0.0
17576,0.0,0,1.0
17577,26.0,0,-0.0
17578,10.0,0,-0.0
17579,10.0,0,-0.0
17580,0.0,0,2.0
17581,9.0,0,2.0
17582,0.0,0,0.0
17583,28.0,0,3.0
17584,0.0,0,2.0
17585,0.0,0,0.0
17586,2.0,1,1.0
17587,9.0,0,1.0
17588,22.0,0,1.0
17589,0.0,0,0.0
17590,15.0,0,3.0
17591,19.0,0,3.0
17592,0.0,0,2.0
17593,31.0,0,-0.0
17594,13.0,1,1.0
17595,0.0,0,3.0
17596,0.0,0,0.0
17597,0.0,0,0.0
17598,25.0,1,1.0
17599,6.0,0,3.0
17600,0.0,0,2.0
17601,19.0,0,1.0
17602,31.0,0,0.0
17603,18.0,0,1.0
17604,21.0,0,0.0
17605,0.0,0,1.0
17606,15.0,0,-0.0
17607,29.0,0,2.0
17608,24.0,0,0.0
17609,21.0,0,0.0
17610,0.0,0,1.0
17611,25.0,0,5.0
17612,20.0,1,2.0
17613,24.0,1,4.0
17614,31.0,1,6.0
17615,14.0,0,2.0
17616,31.0,0,0.0
17617,31.0,0,0.0
17618,12.0,0,3.0
17619,29.0,0,2.0
17620,4.0,0,0.0
17621,26.0,1,3.0
17622,31.0,1,0.0
17623,0.0,0,0.0
17624,30.0,1,2.0
17625,1.0,0,-1.0
17626,30.0,0,1.0
17627,2.0,0,-0.0
17628,0.0,0,7.0
17629,0.0,0,0.0
17630,20.0,1,2.0
17631,31.0,0,0.0
17632,28.0,0,2.0
17633,13.0,0,0.0
17634,29.0,0,1.0
17635,15.0,1,2.0
17636,0.0,0,1.0
17637,31.0,1,0.0
17638,0.0,0,0.0
17639,0.0,0,2.0
17640,9.0,0,-1.0
17641,23.0,1,1.0
17642,15.0,0,1.0
17643,0.0,0,0.0
17644,0.0,0,2.0
17645,0.0,0,3.0
17646,18.0,0,4.0
17647,26.0,0,1.0
17648,24.0,1,-4.0
17649,0.0,0,2.0
17650,0.0,0,0.0
17651,18.0,0,2.0
17652,11.0,1,1.0
17653,0.0,0,1.0
17654,28.0,0,-1.0
17655,16.0,0,-2.0
17656,30.0,0,1.0
17657,0.0,0,2.0
17658,0.0,0,0.0
17659,1.0,1,1.0
17660,28.0,0,3.0
17661,18.0,1,0.0
17662,0.0,0,0.0
17663,0.0,0,2.0
17664,0.0,0,0.0
17665,24.0,0,1.0
17666,2.0,0,-2.0
17667,9.0,0,0.0
17668,13.0,0,1.0
17669,5.0,0,1.0
17670,0.0,0,0.0
17671,0.0,0,1.0
17672,9.0,0,1.0
17673,25.0,1,-2.0
17674,31.0,0,0.0
17675,31.0,0,0.0
17676,1.0,1,1.0
17677,0.0,0,3.0
17678,27.0,0,2.0
17679,0.0,0,2.0
17680,0.0,0,0.0
17681,0.0,0,0.0
17682,0.0,0,2.0
17683,30.0,0,1.0
17684,1.0,1,1.0
17685,15.0,0,1.0
17686,14.0,0,-1.0
17687,31.0,0,-1.0
17688,18.0,0,-2.0
17689,27.0,0,2.0
17690,0.0,0,0.0
17691,3.0,1,3.0
17692,0.0,0,1.0
17693,1.0,1,1.0
17694,2.0,1,2.0
17695,25.0,0,-1.0
17696,0.0,0,2.0
17697,0.0,0,0.0
17698,12.0,0,0.0
17699,0.0,0,0.0
17700,8.0,0,2.0
17701,0.0,0,0.0
17702,29.0,0,1.0
17703,31.0,1,0.0
17704,21.0,1,2.0
17705,30.0,0,-1.0
17706,18.0,0,0.0
17707,0.0,0,2.0
17708,7.0,0,0.0
17709,11.0,0,-0.0
17710,0.0,0,3.0
17711,27.0,1,3.0
17712,14.0,1,1.0
17713,31.0,0,0.0
17714,26.0,0,2.0
17715,30.0,0,1.0
17716,0.0,0,2.0
17717,22.0,0,-2.0
17718,9.0,0,2.0
17719,0.0,0,0.0
17720,29.0,0,-0.0
17721,0.0,1,0.0
17722,30.0,0,0.0
17723,11.0,1,-1.0
17724,25.0,0,1.0
17725,5.0,0,0.0
17726,0.0,0,2.0
17727,21.0,1,0.0
17728,0.0,0,1.0
17729,30.0,0,-1.0
17730,17.0,0,2.0
17731,31.0,0,0.0
17732,0.0,0,0.0
17733,25.0,0,3.0
17734,2.0,1,2.0
17735,31.0,0,0.0
17736,1.0,1,1.0
17737,0.0,0,3.0
17738,4.0,0,2.0
17739,0.0,0,3.0
17740,26.0,0,4.0
17741,19.0,0,3.0
17742,17.0,0,-1.0
17743,0.0,0,0.0
17744,31.0,0,0.0
17745,2.0,1,2.0
17746,0.0,0,2.0
17747,0.0,0,1.0
17748,11.0,0,-0.0
17749,24.0,0,-0.0
17750,0.0,0,1.0
17751,22.0,0,-3.0
17752,25.0,0,3.0
17753,0.0,0,0.0
17754,28.0,0,1.0
17755,30.0,0,1.0
17756,24.0,0,-0.0
17757,23.0,0,-2.0
17758,31.0,0,0.0
17759,0.0,0,0.0
17760,0.0,0,2.0
17761,0.0,0,2.0
17762,31.0,0,-3.0
17763,23.0,0,2.0
17764,2.0,1,2.0
17765,26.0,0,2.0
17766,3.0,1,3.0
17767,0.0,0,1.0
17768,10.0,0,-0.0
17769,0.0,0,0.0
17770,29.0,1,2.0
17771,21.0,0,1.0
17772,29.0,0,0.0
17773,9.0,0,1.0
17774,31.0,0,-1.0
17775,31.0,0,0.0
17776,0.0,0,0.0
17777,0.0,0,0.0
17778,0.0,1,0.0
17779,12.0,0,1.0
17780,28.0,0,3.0
17781,30.0,0,-4.0
17782,29.0,0,2.0
17783,0.0,0,0.0
17784,9.0,0,1.0
17785,30.0,0,-4.0
17786,28.0,0,3.0
17787,31.0,0,0.0
17788,21.0,1,1.0
17789,29.0,0,2.0
17790,18.0,0,3.0
17791,7.0,0,-0.0
17792,29.0,0,-0.0
17793,7.0,0,4.0
17794,13.0,0,0.0
17795,19.0,0,3.0
17796,27.0,0,0.0
17797,30.0,0,-0.0
17798,31.0,0,0.0
17799,21.0,1,5.0
17800,31.0,0,0.0
17801,10.0,1,0.0
17802,4.0,0,3.0
17803,0.0,0,1.0
17804,28.0,0,-4.0
17805,0.0,0,0.0
17806,31.0,0,-4.0
17807,7.0,0,2.0
17808,31.0,0,-0.0
17809,30.0,0,1.0
17810,0.0,0,2.0
17811,26.0,0,0.0
17812,6.0,0,1.0
17813,0.0,0,0.0
17814,0.0,0,1.0
17815,23.0,0,2.0
17816,0.0,0,3.0
17817,0.0,0,1.0
17818,0.0,0,0.0
17819,0.0,0,0.0
17820,25.0,0,1.0
17821,21.0,0,4.0
17822,26.0,0,1.0
17823,0.0,0,2.0
17824,25.0,0,-3.0
17825,7.0,0,2.0
17826,31.0,0,0.0
17827,13.0,1,-1.0
17828,14.0,1,1.0
17829,26.0,0,-0.0
17830,28.0,0,1.0
17831,0.0,0,0.0
17832,25.0,0,1.0
17833,11.0,1,1.0
17834,6.0,0,2.0
17835,4.0,0,3.0
17836,6.0,0,-2.0
17837,24.0,0,1.0
17838,14.0,0,4.0
17839,31.0,1,1.0
17840,0.0,0,2.0
17841,0.0,0,0.0
17842,31.0,0,-1.0
17843,0.0,0,0.0
17844,0.0,1,0.0
17845,0.0,0,0.0
17846,29.0,0,0.0
17847,0.0,0,0.0
17848,5.0,0,1.0
17849,0.0,0,0.0
17850,9.0,0,-0.0
17851,30.0,1,3.0
17852,8.0,0,-1.0
17853,31.0,0,0.0
17854,0.0,0,0.0
17855,21.0,0,3.0
17856,22.0,0,-3.0
17857,15.0,0,-1.0
17858,0.0,0,1.0
17859,0.0,0,0.0
17860,20.0,0,2.0
17861,24.0,0,-1.0
17862,4.0,1,0.0
17863,0.0,0,1.0
17864,0.0,0,0.0
17865,0.0,0,2.0
17866,0.0,0,5.0
17867,0.0,0,2.0
17868,31.0,0,0.0
17869,31.0,0,0.0
17870,1.0,1,1.0
17871,31.0,0,0.0
17872,31.0,0,0.0
17873,7.0,0,1.0
17874,0.0,0,3.0
17875,2.0,0,4.0
17876,29.0,0,2.0
17877,0.0,0,5.0
17878,0.0,0,0.0
17879,27.0,0,1.0
17880,21.0,0,2.0
17881,22.0,1,2.0
17882,0.0,0,0.0
17883,0.0,0,0.0
17884,14.0,0,5.0
17885,0.0,0,0.0
17886,0.0,0,0.0
17887,0.0,1,0.0
17888,31.0,0,0.0
17889,0.0,1,0.0
17890,25.0,0,-0.0
17891,2.0,1,2.0
17892,14.0,0,-1.0
17893,30.0,0,1.0
17894,9.0,0,3.0
17895,18.0,0,1.0
17896,8.0,0,1.0
17897,11.0,0,-1.0
17898,0.0,1,0.0
17899,0.0,0,1.0
17900,0.0,1,0.0
17901,0.0,0,0.0
17902,0.0,0,0.0
17903,2.0,1,1.0
17904,0.0,0,1.0
17905,20.0,0,4.0
17906,1.0,0,-0.0
17907,0.0,0,0.0
17908,27.0,0,-0.0
17909,0.0,0,0.0
17910,21.0,0,3.0
17911,4.0,0,-0.0
17912,0.0,0,0.0
17913,11.0,0,1.0
17914,26.0,0,1.0
17915,0.0,0,0.0
17916,0.0,0,2.0
17917,5.0,0,-0.0
17918,2.0,1,2.0
17919,0.0,0,0.0
17920,0.0,1,0.0
17921,0.0,0,0.0
17922,25.0,0,1.0
17923,0.0,0,2.0
17924,9.0,0,-0.0
17925,0.0,1,-1.0
17926,0.0,0,1.0
17927,10.0,1,2.0
17928,15.0,0,3.0
17929,2.0,0,-0.0
17930,29.0,0,2.0
17931,15.0,0,1.0
17932,14.0,0,1.0
17933,0.0,0,1.0
17934,4.0,1,4.0
17935,11.0,0,-1.0
17936,31.0,0,0.0
17937,20.0,0,-1.0
17938,0.0,0,2.0
17939,31.0,0,-1.0
17940,1.0,0,1.0
17941,27.0,0,1.0
17942,26.0,0,2.0
17943,0.0,0,2.0
17944,0.0,0,3.0
17945,28.0,0,0.0
17946,0.0,0,0.0
17947,12.0,0,2.0
17948,1.0,1,1.0
17949,23.0,0,-1.0
17950,5.0,0,1.0
17951,0.0,0,0.0
17952,14.0,0,-1.0
17953,0.0,0,0.0
17954,0.0,0,3.0
17955,28.0,0,-1.0
17956,0.0,0,0.0
17957,11.0,1,-0.0
17958,0.0,0,0.0
17959,25.0,0,2.0
17960,7.0,0,-1.0
17961,31.0,1,0.0
17962,27.0,1,2.0
17963,0.0,0,1.0
17964,0.0,0,2.0
17965,31.0,0,0.0
17966,21.0,0,1.0
17967,8.0,0,1.0
17968,24.0,0,0.0
17969,0.0,0,2.0
17970,29.0,0,-0.0
17971,0.0,0,0.0
17972,0.0,0,0.0
17973,0.0,0,0.0
17974,30.0,0,1.0
17975,23.0,0,1.0
17976,0.0,0,0.0
17977,0.0,0,2.0
17978,16.0,1,0.0
17979,31.0,0,0.0
17980,22.0,0,3.0
17981,0.0,0,0.0
17982,0.0,0,1.0
17983,17.0,1,2.0
17984,0.0,0,0.0
17985,29.0,0,2.0
17986,22.0,0,0.0
17987,0.0,0,0.0
17988,11.0,0,-1.0
17989,31.0,1,2.0
17990,9.0,1,-0.0
17991,9.0,1,3.0
17992,15.0,0,4.0
17993,27.0,0,1.0
17994,31.0,1,1.0
17995,16.0,1,1.0
17996,1.0,1,1.0
17997,31.0,0,0.0
17998,31.0,0,0.0
17999,0.0,0,0.0
18000,25.0,1,2.0
18001,25.0,0,1.0
18002,20.0,0,2.0
18003,31.0,0,-1.0
18004,30.0,1,-1.0
18005,19.0,0,1.0
18006,29.0,0,-1.0
18007,16.0,0,0.0
18008,0.0,0,1.0
18009,0.0,0,3.0
18010,0.0,0,5.0
18011,31.0,1,4.0
18012,14.0,0,-1.0
18013,13.0,1,-0.0
18014,1.0,0,-1.0
18015,4.0,0,3.0
18016,17.0,1,1.0
18017,0.0,0,4.0
18018,0.0,0,3.0
18019,22.0,0,3.0
18020,0.0,0,1.0
18021,0.0,0,1.0
18022,0.0,0,3.0
18023,0.0,0,2.0
18024,1.0,1,1.0
18025,24.0,0,3.0
18026,12.0,0,2.0
18027,0.0,0,2.0
18028,0.0,0,1.0
18029,0.0,0,2.0
18030,23.0,0,3.0
18031,26.0,0,4.0
18032,0.0,0,0.0
18033,2.0,1,2.0
18034,31.0,0,0.0
18035,31.0,0,0.0
18036,27.0,1,0.0
18037,15.0,1,-1.0
18038,31.0,0,0.0
18039,0.0,0,0.0
18040,0.0,0,0.0
18041,30.0,0,1.0
18042,27.0,0,4.0
18043,0.0,0,0.0
18044,10.0,0,4.0
18045,8.0,1,4.0
18046,0.0,0,0.0
18047,18.0,0,-1.0
18048,16.0,0,-1.0
18049,27.0,0,0.0
18050,26.0,0,1.0
18051,12.0,0,2.0
18052,25.0,0,0.0
18053,31.0,0,-1.0
18054,29.0,1,-1.0
18055,18.0,0,0.0
18056,0.0,0,2.0
18057,26.0,0,1.0
18058,11.0,0,1.0
18059,0.0,0,1.0
18060,31.0,0,0.0
18061,17.0,0,1.0
18062,20.0,0,0.0
18063,26.0,0,-1.0
18064,31.0,0,0.0
18065,0.0,0,1.0
18066,0.0,0,0.0
18067,0.0,0,2.0
18068,31.0,1,1.0
18069,0.0,0,2.0
18070,6.0,1,3.0
18071,26.0,0,-1.0
18072,31.0,0,-1.0
18073,14.0,0,1.0
18074,17.0,0,2.0
18075,0.0,0,0.0
18076,0.0,0,0.0
18077,4.0,0,1.0
18078,0.0,0,0.0
18079,0.0,0,0.0
18080,6.0,0,1.0
18081,10.0,0,-2.0
18082,24.0,1,1.0
18083,5.0,0,2.0
18084,26.0,0,2.0
18085,3.0,1,3.0
18086,3.0,1,3.0
18087,17.0,1,2.0
18088,0.0,0,1.0
18089,27.0,0,3.0
18090,14.0,0,2.0
18091,31.0,0,0.0
18092,27.0,1,-3.0
18093,27.0,0,2.0
18094,31.0,0,0.0
18095,0.0,0,0.0
18096,20.0,0,2.0
18097,1.0,0,1.0
18098,1.0,0,0.0
18099,0.0,0,2.0
18100,24.0,0,-1.0
18101,11.0,0,-1.0
18102,0.0,0,0.0
18103,23.0,0,1.0
18104,9.0,1,-1.0
18105,31.0,1,-0.0
18106,19.0,1,1.0
18107,28.0,0,1.0
18108,0.0,0,0.0
18109,31.0,1,1.0
18110,10.0,0,2.0
18111,0.0,0,1.0
18112,13.0,0,-3.0
18113,11.0,0,0.0
18114,30.0,0,1.0
18115,14.0,0,2.0
18116,0.0,0,0.0
18117,0.0,0,0.0
18118,17.0,0,2.0
18119,31.0,0,0.0
18120,31.0,1,1.0
18121,18.0,0,3.0
18122,0.0,0,0.0
18123,18.0,0,0.0
18124,27.0,0,2.0
18125,12.0,0,-1.0
18126,31.0,0,0.0
18127,0.0,0,2.0
18128,0.0,0,0.0
18129,0.0,0,0.0
18130,0.0,0,0.0
18131,0.0,0,0.0
18132,31.0,0,0.0
18133,0.0,0,0.0
18134,12.0,0,-0.0
18135,0.0,1,0.0
18136,0.0,0,0.0
18137,24.0,1,0.0
18138,0.0,0,2.0
18139,20.0,0,4.0
18140,24.0,0,0.0
18141,0.0,0,2.0
18142,20.0,0,0.0
18143,0.0,0,0.0
18144,31.0,0,0.0
18145,16.0,0,2.0
18146,24.0,1,-2.0
18147,0.0,1,0.0
18148,27.0,1,-0.0
18149,16.0,0,2.0
18150,17.0,0,2.0
18151,28.0,0,2.0
18152,0.0,0,5.0
18153,0.0,0,2.0
18154,15.0,0,-1.0
18155,0.0,0,1.0
18156,13.0,0,-1.0
18157,0.0,0,0.0
18158,0.0,0,3.0
18159,27.0,0,-2.0
18160,0.0,1,0.0
18161,16.0,0,1.0
18162,18.0,1,2.0
18163,13.0,0,-0.0
18164,11.0,0,0.0
18165,0.0,0,0.0
18166,23.0,1,8.0
18167,19.0,0,0.0
18168,8.0,0,2.0
18169,0.0,0,0.0
18170,0.0,0,3.0
18171,25.0,0,2.0
18172,22.0,0,1.0
18173,11.0,0,-1.0
18174,20.0,0,1.0
18175,18.0,0,1.0
18176,0.0,0,1.0
18177,0.0,0,0.0
18178,15.0,0,2.0
18179,25.0,0,-0.0
18180,0.0,0,2.0
18181,25.0,0,1.0
18182,13.0,0,6.0
18183,6.0,1,0.0
18184,0.0,0,1.0
18185,28.0,0,3.0
18186,0.0,0,0.0
18187,11.0,0,-1.0
18188,15.0,1,-0.0
18189,0.0,1,0.0
18190,0.0,0,0.0
18191,30.0,0,1.0
18192,28.0,0,1.0
18193,2.0,1,-1.0
18194,0.0,0,0.0
18195,24.0,0,1.0
18196,0.0,1,0.0
18197,31.0,0,0.0
18198,22.0,0,4.0
18199,12.0,0,1.0
18200,0.0,0,1.0
18201,29.0,0,2.0
18202,0.0,0,0.0
18203,3.0,1,0.0
18204,19.0,0,0.0
18205,0.0,0,0.0
18206,31.0,0,0.0
18207,20.0,0,2.0
18208,16.0,0,2.0
18209,0.0,0,0.0
18210,0.0,0,1.0
18211,31.0,0,0.0
18212,0.0,0,0.0
18213,23.0,0,2.0
18214,31.0,0,0.0
18215,0.0,0,2.0
18216,24.0,0,-1.0
18217,31.0,0,0.0
18218,0.0,0,3.0
18219,25.0,1,1.0
18220,31.0,0,-1.0
18221,31.0,0,0.0
18222,8.0,0,2.0
18223,30.0,0,-3.0
18224,0.0,0,0.0
18225,4.0,1,4.0
18226,13.0,0,-0.0
18227,10.0,1,2.0
18228,14.0,0,1.0
18229,4.0,1,4.0
18230,29.0,0,1.0
18231,0.0,1,0.0
18232,21.0,0,-1.0
18233,0.0,1,-2.0
18234,31.0,1,0.0
18235,0.0,1,0.0
18236,28.0,0,-1.0
18237,31.0,0,-0.0
18238,19.0,0,0.0
18239,8.0,0,2.0
18240,21.0,1,8.0
18241,19.0,0,-0.0
18242,14.0,0,4.0
18243,31.0,1,0.0
18244,13.0,0,0.0
18245,31.0,0,0.0
18246,15.0,0,1.0
18247,0.0,0,2.0
18248,31.0,0,0.0
18249,0.0,0,0.0
18250,27.0,1,5.0
18251,15.0,0,-0.0
18252,11.0,0,1.0
18253,31.0,0,0.0
18254,6.0,0,-2.0
18255,4.0,1,2.0
18256,0.0,0,0.0
18257,20.0,0,3.0
18258,20.0,0,-0.0
18259,0.0,0,2.0
18260,28.0,1,1.0
18261,7.0,0,0.0
18262,31.0,1,4.0
18263,0.0,0,0.0
18264,2.0,0,9.0
18265,30.0,0,1.0
18266,0.0,0,0.0
18267,22.0,0,5.0
18268,23.0,0,2.0
18269,19.0,0,4.0
18270,0.0,0,2.0
18271,31.0,1,2.0
18272,1.0,0,3.0
18273,21.0,0,-0.0
18274,16.0,0,3.0
18275,0.0,0,2.0
18276,29.0,0,2.0
18277,0.0,0,0.0
18278,18.0,1,-1.0
18279,6.0,0,0.0
18280,0.0,0,0.0
18281,28.0,0,3.0
18282,1.0,1,1.0
18283,0.0,0,0.0
18284,5.0,1,0.0
18285,3.0,0,-2.0
18286,0.0,0,1.0
18287,22.0,0,0.0
18288,31.0,0,0.0
18289,2.0,0,-0.0
18290,0.0,0,5.0
18291,18.0,0,1.0
18292,0.0,0,1.0
18293,7.0,0,-0.0
18294,14.0,0,2.0
18295,0.0,0,1.0
18296,26.0,0,-7.0
18297,22.0,1,-0.0
18298,0.0,0,0.0
18299,20.0,0,1.0
18300,6.0,0,-1.0
18301,12.0,0,2.0
18302,0.0,0,0.0
18303,0.0,0,1.0
18304,28.0,0,3.0
18305,0.0,0,0.0
18306,27.0,0,-3.0
18307,0.0,0,5.0
18308,25.0,0,-2.0
18309,31.0,0,0.0
18310,0.0,0,0.0
18311,28.0,0,-1.0
18312,24.0,0,1.0
18313,0.0,0,2.0
18314,12.0,0,2.0
18315,7.0,0,-0.0
18316,0.0,0,0.0
18317,31.0,0,0.0
18318,0.0,0,1.0
18319,0.0,0,2.0
18320,17.0,0,-1.0
18321,28.0,1,2.0
18322,0.0,0,0.0
18323,30.0,0,1.0
18324,0.0,0,1.0
18325,27.0,0,-1.0
18326,0.0,0,1.0
18327,1.0,1,1.0
18328,28.0,0,1.0
18329,24.0,0,-1.0
18330,10.0,1,-0.0
18331,0.0,0,0.0
18332,0.0,0,1.0
18333,21.0,0,5.0
18334,0.0,0,0.0
18335,13.0,0,2.0
18336,2.0,1,2.0
18337,31.0,0,0.0
18338,0.0,0,1.0
18339,31.0,1,0.0
18340,12.0,0,0.0
18341,16.0,0,2.0
18342,31.0,0,-0.0
18343,31.0,0,0.0
18344,27.0,0,0.0
18345,1.0,0,3.0
18346,27.0,0,2.0
18347,31.0,0,0.0
18348,21.0,0,2.0
18349,0.0,0,1.0
18350,24.0,0,1.0
18351,28.0,0,3.0
18352,0.0,0,0.0
18353,27.0,0,1.0
18354,14.0,1,0.0
18355,25.0,0,4.0
18356,31.0,1,0.0
18357,25.0,0,-2.0
18358,25.0,1,-0.0
18359,30.0,0,0.0
18360,0.0,0,0.0
18361,0.0,0,1.0
18362,2.0,0,1.0
18363,30.0,0,1.0
18364,30.0,0,1.0
18365,10.0,0,0.0
18366,0.0,0,0.0
18367,17.0,1,0.0
18368,1.0,1,1.0
18369,0.0,1,0.0
18370,31.0,1,0.0
18371,30.0,0,1.0
18372,31.0,0,0.0
18373,0.0,0,1.0
18374,10.0,0,1.0
18375,10.0,0,-2.0
18376,30.0,0,-3.0
18377,0.0,0,2.0
18378,0.0,0,4.0
18379,0.0,0,0.0
18380,2.0,0,2.0
18381,31.0,1,0.0
18382,0.0,0,3.0
18383,0.0,0,4.0
18384,0.0,0,0.0
18385,15.0,0,1.0
18386,0.0,0,1.0
18387,8.0,0,-1.0
18388,0.0,0,3.0
18389,28.0,0,1.0
18390,12.0,0,2.0
18391,0.0,0,1.0
18392,12.0,1,-0.0
18393,24.0,0,2.0
18394,7.0,1,-2.0
18395,15.0,0,-3.0
18396,5.0,0,5.0
18397,0.0,0,1.0
18398,21.0,0,-0.0
18399,1.0,1,1.0
18400,24.0,1,1.0
18401,0.0,0,2.0
18402,0.0,1,0.0
18403,0.0,1,0.0
18404,0.0,0,0.0
18405,29.0,0,1.0
18406,29.0,0,2.0
18407,31.0,0,0.0
18408,23.0,0,3.0
18409,28.0,0,0.0
18410,16.0,0,-3.0
18411,0.0,1,0.0
18412,12.0,0,3.0
18413,30.0,0,1.0
18414,0.0,0,1.0
18415,0.0,1,0.0
18416,0.0,0,0.0
18417,0.0,0,1.0
18418,0.0,0,0.0
18419,19.0,0,2.0
18420,0.0,1,0.0
18421,0.0,0,1.0
18422,22.0,0,2.0
18423,0.0,0,1.0
18424,18.0,0,2.0
18425,0.0,1,0.0
18426,20.0,0,4.0
18427,28.0,0,0.0
18428,27.0,0,1.0
18429,30.0,0,0.0
18430,0.0,0,0.0
18431,0.0,0,3.0
18432,25.0,0,3.0
18433,0.0,0,2.0
18434,12.0,1,5.0
18435,11.0,0,2.0
18436,24.0,0,1.0
18437,0.0,0,0.0
18438,7.0,1,2.0
18439,30.0,0,-0.0
18440,0.0,0,4.0
18441,31.0,0,0.0
18442,31.0,0,-0.0
18443,21.0,0,1.0
18444,27.0,0,3.0
18445,26.0,0,2.0
18446,19.0,0,2.0
18447,27.0,0,1.0
18448,11.0,1,2.0
18449,27.0,0,-0.0
18450,0.0,0,1.0
18451,22.0,0,1.0
18452,0.0,0,0.0
18453,23.0,0,-0.0
18454,27.0,0,2.0
18455,31.0,0,-0.0
18456,19.0,0,2.0
18457,0.0,0,2.0
18458,12.0,0,2.0
18459,31.0,1,3.0
18460,31.0,0,0.0
18461,0.0,0,0.0
18462,21.0,1,-2.0
18463,0.0,0,0.0
18464,0.0,0,3.0
18465,29.0,0,0.0
18466,29.0,1,2.0
18467,25.0,0,-3.0
18468,31.0,0,0.0
18469,0.0,0,0.0
18470,0.0,0,4.0
18471,3.0,0,0.0
18472,29.0,0,1.0
18473,31.0,0,0.0
18474,10.0,0,1.0
18475,31.0,0,0.0
18476,0.0,0,0.0
18477,12.0,0,-1.0
18478,24.0,0,0.0
18479,31.0,0,0.0
18480,31.0,1,0.0
18481,12.0,0,1.0
18482,0.0,0,0.0
18483,30.0,0,-1.0
18484,0.0,0,1.0
18485,17.0,1,-1.0
18486,30.0,0,-0.0
18487,19.0,0,-0.0
18488,0.0,0,0.0
18489,1.0,1,1.0
18490,0.0,0,0.0
18491,0.0,0,0.0
18492,0.0,0,0.0
18493,26.0,0,1.0
18494,0.0,0,0.0
18495,29.0,0,1.0
18496,22.0,0,1.0
18497,31.0,0,0.0
18498,12.0,0,-1.0
18499,15.0,0,1.0
18500,24.0,0,3.0
18501,25.0,0,0.0
18502,31.0,0,0.0
18503,11.0,0,-0.0
18504,31.0,0,0.0
18505,24.0,0,3.0
18506,29.0,0,1.0
18507,0.0,0,1.0
18508,29.0,0,0.0
18509,13.0,0,-1.0
18510,0.0,0,1.0
18511,27.0,0,1.0
18512,18.0,0,2.0
18513,0.0,0,0.0
18514,14.0,0,1.0
18515,16.0,0,1.0
18516,0.0,0,1.0
18517,1.0,1,1.0
18518,31.0,0,0.0
18519,1.0,1,1.0
18520,22.0,0,2.0
18521,31.0,0,0.0
18522,18.0,0,-2.0
18523,0.0,0,3.0
18524,0.0,0,2.0
18525,24.0,0,0.0
18526,0.0,0,4.0
18527,0.0,0,2.0
18528,3.0,0,-0.0
18529,31.0,0,0.0
18530,0.0,0,2.0
18531,0.0,0,0.0
18532,1.0,1,1.0
18533,10.0,1,3.0
18534,0.0,0,0.0
18535,31.0,0,0.0
18536,31.0,1,2.0
18537,0.0,1,0.0
18538,29.0,0,-3.0
18539,11.0,0,1.0
18540,0.0,0,0.0
18541,15.0,1,-0.0
18542,0.0,0,2.0
18543,0.0,0,2.0
18544,27.0,0,-4.0
18545,27.0,0,0.0
18546,31.0,0,0.0
18547,16.0,0,2.0
18548,7.0,1,1.0
18549,0.0,0,0.0
18550,3.0,1,3.0
18551,0.0,0,0.0
18552,0.0,0,0.0
18553,31.0,0,-1.0
18554,0.0,0,1.0
18555,30.0,1,-1.0
18556,31.0,0,-1.0
18557,26.0,0,-1.0
18558,31.0,1,0.0
18559,31.0,1,0.0
18560,0.0,0,1.0
18561,29.0,1,1.0
18562,30.0,0,-0.0
18563,22.0,0,-1.0
18564,28.0,0,0.0
18565,12.0,0,3.0
18566,17.0,0,-1.0
18567,0.0,0,1.0
18568,27.0,0,0.0
18569,0.0,0,0.0
18570,26.0,0,-1.0
18571,0.0,0,0.0
18572,0.0,0,2.0
18573,0.0,0,0.0
18574,30.0,0,-2.0
18575,3.0,0,1.0
18576,16.0,0,-5.0
18577,0.0,0,0.0
18578,22.0,0,-1.0
18579,9.0,0,2.0
18580,25.0,0,1.0
18581,31.0,1,0.0
18582,24.0,0,1.0
18583,3.0,1,2.0
18584,31.0,0,0.0
18585,0.0,1,-3.0
18586,23.0,0,0.0
18587,3.0,0,-1.0
18588,0.0,0,3.0
18589,1.0,1,1.0
18590,0.0,0,0.0
18591,18.0,0,1.0
18592,31.0,0,-4.0
18593,6.0,0,1.0
18594,0.0,0,1.0
18595,20.0,0,2.0
18596,16.0,1,1.0
18597,31.0,0,0.0
18598,0.0,0,3.0
18599,16.0,0,-0.0
18600,30.0,0,1.0
18601,30.0,0,-2.0
18602,0.0,1,0.0
18603,1.0,0,3.0
18604,19.0,0,-1.0
18605,31.0,0,0.0
18606,0.0,0,0.0
18607,0.0,0,0.0
18608,31.0,0,0.0
18609,17.0,1,7.0
18610,0.0,0,1.0
18611,19.0,0,1.0
18612,0.0,0,1.0
18613,0.0,0,1.0
18614,11.0,0,-1.0
18615,29.0,0,0.0
18616,28.0,1,-0.0
18617,0.0,0,2.0
18618,25.0,0,4.0
18619,31.0,0,0.0
18620,0.0,0,0.0
18621,31.0,0,0.0
18622,24.0,1,-3.0
18623,30.0,0,-0.0
18624,14.0,0,4.0
18625,1.0,0,3.0
18626,29.0,0,1.0
18627,0.0,1,0.0
18628,21.0,1,2.0
18629,9.0,0,-1.0
18630,0.0,1,0.0
18631,26.0,0,1.0
18632,0.0,0,1.0
18633,31.0,0,0.0
18634,0.0,0,0.0
18635,18.0,0,3.0
18636,7.0,0,-0.0
18637,0.0,0,3.0
18638,15.0,1,-1.0
18639,0.0,1,0.0
18640,0.0,0,0.0
18641,31.0,0,0.0
18642,31.0,1,0.0
18643,20.0,1,1.0
18644,20.0,0,0.0
18645,8.0,0,1.0
18646,23.0,0,2.0
18647,30.0,1,1.0
18648,28.0,0,3.0
18649,19.0,0,6.0
18650,1.0,1,1.0
18651,0.0,0,1.0
18652,0.0,1,0.0
18653,2.0,0,-2.0
18654,0.0,0,0.0
18655,0.0,0,4.0
18656,0.0,0,0.0
18657,22.0,0,3.0
18658,0.0,0,1.0
18659,0.0,0,0.0
18660,0.0,0,0.0
18661,17.0,0,3.0
18662,0.0,0,4.0
18663,29.0,0,-1.0
18664,0.0,0,0.0
18665,0.0,0,1.0
18666,0.0,0,1.0
18667,25.0,1,-3.0
18668,0.0,0,0.0
18669,21.0,0,-2.0
18670,1.0,1,0.0
18671,31.0,0,-1.0
18672,14.0,0,1.0
18673,0.0,0,1.0
18674,27.0,1,2.0
18675,0.0,0,0.0
18676,26.0,0,-3.0
18677,15.0,0,1.0
18678,9.0,0,0.0
18679,20.0,0,2.0
18680,0.0,0,0.0
18681,12.0,0,2.0
18682,14.0,0,1.0
18683,0.0,0,0.0
18684,16.0,0,2.0
18685,18.0,0,1.0
18686,0.0,0,1.0
18687,0.0,0,0.0
18688,0.0,0,2.0
18689,21.0,0,2.0
18690,0.0,0,2.0
18691,8.0,0,0.0
18692,0.0,0,1.0
18693,28.0,0,-2.0
18694,0.0,0,0.0
18695,28.0,0,-0.0
18696,24.0,0,1.0
18697,30.0,1,-1.0
18698,16.0,0,0.0
18699,3.0,0,4.0
18700,17.0,1,-3.0
18701,0.0,0,0.0
18702,26.0,0,-0.0
18703,28.0,0,3.0
18704,31.0,1,0.0
18705,0.0,0,1.0
18706,7.0,0,-0.0
18707,31.0,0,0.0
18708,31.0,0,0.0
18709,31.0,0,0.0
18710,22.0,0,-0.0
18711,0.0,1,0.0
18712,17.0,0,4.0
18713,31.0,0,0.0
18714,19.0,0,1.0
18715,0.0,0,0.0
18716,22.0,0,-1.0
18717,1.0,1,1.0
18718,0.0,0,2.0
18719,0.0,0,4.0
18720,21.0,1,1.0
18721,19.0,0,-1.0
18722,12.0,0,1.0
18723,31.0,1,0.0
18724,0.0,0,0.0
18725,31.0,0,0.0
18726,31.0,0,0.0
18727,22.0,0,-1.0
18728,31.0,0,-2.0
18729,0.0,0,3.0
18730,0.0,0,0.0
18731,1.0,0,-1.0
18732,31.0,1,0.0
18733,27.0,0,2.0
18734,22.0,0,-0.0
18735,26.0,0,-1.0
18736,22.0,0,1.0
18737,31.0,0,0.0
18738,0.0,0,0.0
18739,29.0,0,-0.0
18740,10.0,0,4.0
18741,31.0,0,-2.0
18742,31.0,0,-1.0
18743,0.0,0,4.0
18744,12.0,0,6.0
18745,11.0,0,-1.0
18746,0.0,0,2.0
18747,0.0,0,0.0
18748,0.0,1,0.0
18749,0.0,0,0.0
18750,31.0,0,-0.0
18751,0.0,0,1.0
18752,0.0,0,0.0
18753,0.0,0,2.0
18754,28.0,0,1.0
18755,23.0,1,1.0
18756,29.0,0,-2.0
18757,0.0,0,0.0
18758,29.0,0,2.0
18759,31.0,0,0.0
18760,0.0,0,2.0
18761,23.0,0,2.0
18762,4.0,0,-1.0
18763,20.0,0,-0.0
18764,0.0,0,1.0
18765,28.0,0,-1.0
18766,21.0,1,3.0
18767,21.0,0,-1.0
18768,27.0,0,-0.0
18769,7.0,1,2.0
18770,0.0,0,0.0
18771,18.0,0,-0.0
18772,17.0,0,0.0
18773,0.0,0,1.0
18774,0.0,0,0.0
18775,0.0,0,3.0
18776,22.0,0,-5.0
18777,21.0,0,2.0
18778,9.0,1,-0.0
18779,0.0,0,1.0
18780,2.0,1,2.0
18781,6.0,0,0.0
18782,0.0,0,0.0
18783,0.0,0,2.0
18784,0.0,0,1.0
18785,29.0,1,-2.0
18786,31.0,1,2.0
18787,25.0,0,-0.0
18788,31.0,0,0.0
18789,14.0,1,1.0
18790,23.0,0,3.0
18791,21.0,0,2.0
18792,0.0,0,2.0
18793,0.0,0,0.0
18794,13.0,0,3.0
18795,19.0,0,-1.0
18796,31.0,0,0.0
18797,31.0,0,0.0
18798,11.0,0,-1.0
18799,29.0,0,1.0
18800,0.0,0,0.0
18801,0.0,0,4.0
18802,12.0,0,-0.0
18803,0.0,0,3.0
18804,15.0,1,3.0
18805,30.0,0,1.0
18806,26.0,1,1.0
18807,12.0,0,-1.0
18808,15.0,0,0.0
18809,13.0,0,-0.0
18810,25.0,1,-0.0
18811,14.0,0,0.0
18812,0.0,0,0.0
18813,4.0,0,-0.0
18814,0.0,0,0.0
18815,19.0,0,2.0
18816,2.0,0,4.0
18817,29.0,0,2.0
18818,22.0,0,7.0
18819,13.0,0,1.0
18820,0.0,0,0.0
18821,24.0,0,1.0
18822,31.0,0,-3.0
18823,1.0,1,1.0
18824,0.0,1,0.0
18825,0.0,0,4.0
18826,16.0,0,-4.0
18827,27.0,0,0.0
18828,0.0,0,0.0
18829,31.0,0,-1.0
18830,21.0,0,-1.0
18831,18.0,0,2.0
18832,9.0,0,-1.0
18833,0.0,0,0.0
18834,29.0,0,2.0
18835,13.0,1,1.0
18836,20.0,0,2.0
18837,28.0,0,3.0
18838,31.0,0,0.0
18839,30.0,0,1.0
18840,30.0,0,-3.0
18841,30.0,0,-0.0
18842,0.0,0,0.0
18843,24.0,0,1.0
18844,0.0,0,0.0
18845,17.0,1,2.0
18846,30.0,0,-0.0
18847,15.0,0,4.0
18848,31.0,0,0.0
18849,4.0,1,-1.0
18850,13.0,0,-1.0
18851,20.0,0,-1.0
18852,10.0,0,0.0
18853,31.0,0,0.0
18854,12.0,0,0.0
18855,0.0,0,0.0
18856,0.0,0,0.0
18857,30.0,0,-1.0
18858,14.0,0,0.0
18859,31.0,0,0.0
18860,0.0,0,0.0
18861,23.0,0,3.0
18862,20.0,0,1.0
18863,11.0,0,-0.0
18864,3.0,1,1.0
18865,0.0,0,1.0
18866,23.0,0,1.0
18867,0.0,0,3.0
18868,0.0,0,0.0
18869,8.0,1,3.0
18870,0.0,0,0.0
18871,0.0,0,0.0
18872,16.0,0,-0.0
18873,3.0,0,1.0
18874,14.0,0,0.0
18875,0.0,0,0.0
18876,30.0,1,0.0
18877,22.0,1,2.0
18878,14.0,1,-0.0
18879,10.0,0,2.0
18880,0.0,0,1.0
18881,3.0,1,3.0
18882,7.0,1,4.0
18883,0.0,0,2.0
18884,0.0,0,0.0
18885,19.0,0,-0.0
18886,11.0,0,3.0
18887,19.0,0,3.0
18888,8.0,0,2.0
18889,0.0,0,0.0
18890,1.0,1,1.0
18891,27.0,0,1.0
18892,17.0,0,3.0
18893,7.0,0,2.0
18894,26.0,0,2.0
18895,0.0,1,0.0
18896,0.0,0,1.0
18897,0.0,1,0.0
18898,27.0,0,4.0
18899,25.0,0,3.0
18900,1.0,0,1.0
18901,28.0,0,-3.0
18902,0.0,0,1.0
18903,0.0,0,1.0
18904,0.0,0,1.0
18905,13.0,0,0.0
18906,31.0,0,-1.0
18907,23.0,0,4.0
18908,10.0,0,5.0
18909,31.0,0,-1.0
18910,0.0,0,0.0
18911,0.0,0,3.0
18912,30.0,0,-1.0
18913,9.0,1,4.0
18914,0.0,0,2.0
18915,0.0,0,0.0
18916,24.0,0,0.0
18917,2.0,0,2.0
18918,31.0,1,0.0
18919,0.0,1,0.0
18920,7.0,0,-2.0
18921,29.0,1,0.0
18922,0.0,0,0.0
18923,27.0,0,1.0
18924,24.0,0,0.0
18925,28.0,0,-0.0
18926,11.0,0,2.0
18927,15.0,0,0.0
18928,31.0,0,0.0
18929,0.0,0,1.0
18930,0.0,0,0.0
18931,0.0,0,1.0
18932,0.0,0,1.0
18933,0.0,1,0.0
18934,12.0,1,2.0
18935,0.0,0,1.0
18936,0.0,0,0.0
18937,0.0,0,0.0
18938,30.0,0,1.0
18939,24.0,0,1.0
18940,0.0,0,1.0
18941,0.0,0,0.0
18942,0.0,0,2.0
18943,23.0,0,0.0
18944,0.0,0,1.0
18945,31.0,0,0.0
18946,6.0,0,1.0
18947,1.0,0,-1.0
18948,27.0,1,1.0
18949,9.0,0,-1.0
18950,17.0,0,-1.0
18951,0.0,0,0.0
18952,31.0,1,0.0
18953,15.0,0,-1.0
18954,0.0,0,3.0
18955,19.0,0,1.0
18956,27.0,0,0.0
18957,30.0,0,-1.0
18958,5.0,1,1.0
18959,11.0,0,1.0
18960,14.0,0,1.0
18961,0.0,1,0.0
18962,1.0,1,1.0
18963,2.0,1,2.0
18964,22.0,0,4.0
18965,0.0,0,1.0
18966,0.0,0,0.0
18967,13.0,0,2.0
18968,31.0,0,-0.0
18969,0.0,0,3.0
18970,19.0,0,2.0
18971,0.0,0,0.0
18972,28.0,0,-2.0
18973,22.0,1,6.0
18974,0.0,0,0.0
18975,24.0,0,0.0
18976,13.0,0,0.0
18977,21.0,0,1.0
18978,15.0,0,3.0
18979,24.0,0,1.0
18980,0.0,0,0.0
18981,23.0,0,2.0
18982,12.0,0,0.0
18983,24.0,0,0.0
18984,0.0,0,2.0
18985,11.0,1,-0.0
18986,19.0,0,3.0
18987,29.0,0,0.0
18988,0.0,0,4.0
18989,0.0,0,1.0
18990,0.0,0,4.0
18991,29.0,0,2.0
18992,22.0,0,-0.0
18993,19.0,0,1.0
18994,22.0,0,0.0
18995,0.0,0,0.0
18996,10.0,0,2.0
18997,13.0,0,2.0
18998,0.0,1,0.0
18999,0.0,0,2.0
19000,25.0,0,2.0
19001,4.0,0,-0.0
19002,23.0,0,1.0
19003,6.0,0,2.0
19004,0.0,0,0.0
19005,0.0,0,1.0
19006,31.0,0,-1.0
19007,31.0,0,-0.0
19008,1.0,1,1.0
19009,13.0,0,-0.0
19010,0.0,0,0.0
19011,12.0,0,-0.0
19012,30.0,0,0.0
19013,0.0,0,0.0
19014,8.0,0,1.0
19015,29.0,0,0.0
19016,15.0,0,-2.0
19017,1.0,1,1.0
19018,0.0,0,3.0
19019,0.0,0,2.0
19020,25.0,0,-2.0
19021,0.0,0,0.0
19022,31.0,0,0.0
19023,0.0,0,1.0
19024,0.0,0,1.0
19025,18.0,0,3.0
19026,0.0,1,0.0
19027,0.0,0,2.0
19028,16.0,0,0.0
19029,28.0,0,0.0
19030,26.0,0,-1.0
19031,0.0,0,0.0
19032,0.0,0,1.0
19033,31.0,0,-3.0
19034,31.0,1,0.0
19035,0.0,0,1.0
19036,0.0,0,1.0
19037,21.0,0,1.0
19038,12.0,0,-1.0
19039,0.0,0,2.0
19040,18.0,0,2.0
19041,0.0,0,1.0
19042,0.0,1,0.0
19043,15.0,0,-1.0
19044,18.0,0,2.0
19045,14.0,0,0.0
19046,14.0,0,1.0
19047,31.0,0,0.0
19048,0.0,0,0.0
19049,0.0,1,0.0
19050,19.0,0,4.0
19051,31.0,0,0.0
19052,0.0,0,0.0
19053,0.0,0,0.0
19054,31.0,0,-4.0
19055,0.0,0,3.0
19056,11.0,0,-0.0
19057,0.0,0,2.0
19058,24.0,1,2.0
19059,4.0,0,1.0
19060,12.0,0,2.0
19061,0.0,0,1.0
19062,4.0,0,3.0
19063,0.0,0,2.0
19064,16.0,0,-2.0
19065,9.0,0,-0.0
19066,11.0,0,3.0
19067,1.0,1,1.0
19068,23.0,0,1.0
19069,0.0,0,2.0
19070,0.0,0,0.0
19071,12.0,1,1.0
19072,12.0,0,-2.0
19073,0.0,0,0.0
19074,31.0,0,-1.0
19075,0.0,0,0.0
19076,0.0,0,4.0
19077,28.0,0,3.0
19078,24.0,0,7.0
19079,0.0,0,2.0
19080,5.0,0,1.0
19081,18.0,0,2.0
19082,24.0,1,1.0
19083,20.0,1,1.0
19084,7.0,0,2.0
19085,31.0,0,0.0
19086,0.0,0,0.0
19087,15.0,0,5.0
19088,20.0,1,6.0
19089,31.0,0,0.0
19090,0.0,0,0.0
19091,0.0,0,1.0
19092,18.0,1,1.0
19093,0.0,1,0.0
19094,25.0,0,1.0
19095,0.0,0,0.0
19096,31.0,1,2.0
19097,26.0,0,3.0
19098,0.0,0,2.0
19099,12.0,0,2.0
19100,19.0,0,3.0
19101,0.0,0,1.0
19102,30.0,0,1.0
19103,29.0,0,1.0
19104,20.0,0,-0.0
19105,23.0,0,-3.0
19106,0.0,0,0.0
19107,25.0,1,-1.0
19108,29.0,0,2.0
19109,0.0,0,6.0
19110,24.0,0,-0.0
19111,0.0,1,0.0
19112,29.0,0,1.0
19113,7.0,1,3.0
19114,0.0,0,2.0
19115,0.0,0,1.0
19116,25.0,0,2.0
19117,23.0,0,1.0
19118,0.0,0,2.0
19119,0.0,0,0.0
19120,0.0,1,0.0
19121,24.0,0,3.0
19122,26.0,0,0.0
19123,4.0,0,-0.0
19124,31.0,0,0.0
19125,31.0,0,0.0
19126,16.0,0,-0.0
19127,31.0,0,-1.0
19128,0.0,1,-2.0
19129,21.0,0,0.0
19130,28.0,1,0.0
19131,30.0,0,1.0
19132,29.0,0,2.0
19133,0.0,0,0.0
19134,0.0,0,1.0
19135,2.0,1,2.0
19136,29.0,0,1.0
19137,0.0,0,2.0
19138,7.0,0,4.0
19139,21.0,1,-1.0
19140,2.0,1,2.0
19141,0.0,0,0.0
19142,0.0,0,1.0
19143,0.0,0,3.0
19144,28.0,0,-0.0
19145,0.0,1,0.0
19146,0.0,0,0.0
19147,0.0,0,0.0
19148,31.0,0,-1.0
19149,23.0,0,3.0
19150,24.0,0,-1.0
19151,10.0,0,-1.0
19152,31.0,0,0.0
19153,28.0,0,1.0
19154,16.0,0,0.0
19155,24.0,1,1.0
19156,14.0,0,4.0
19157,17.0,0,1.0
19158,17.0,0,-2.0
19159,31.0,0,0.0
19160,18.0,0,-2.0
19161,31.0,1,0.0
19162,0.0,0,0.0
19163,19.0,0,1.0
19164,26.0,1,1.0
19165,28.0,0,1.0
19166,0.0,0,2.0
19167,4.0,0,2.0
19168,0.0,0,0.0
19169,9.0,1,2.0
19170,26.0,0,-1.0
19171,0.0,0,0.0
19172,0.0,0,2.0
19173,14.0,0,-2.0
19174,31.0,0,-1.0
19175,0.0,0,1.0
19176,15.0,0,1.0
19177,22.0,0,2.0
19178,0.0,0,3.0
19179,0.0,0,0.0
19180,24.0,0,2.0
19181,19.0,0,0.0
19182,0.0,0,0.0
19183,0.0,0,3.0
19184,0.0,0,0.0
19185,13.0,1,0.0
19186,0.0,0,0.0
19187,0.0,0,4.0
19188,26.0,0,3.0
19189,14.0,0,4.0
19190,0.0,0,0.0
19191,27.0,0,1.0
19192,31.0,0,-1.0
19193,0.0,0,2.0
19194,5.0,0,3.0
19195,3.0,1,3.0
19196,0.0,0,0.0
19197,13.0,0,3.0
19198,23.0,0,-0.0
19199,3.0,0,-1.0
19200,31.0,0,0.0
19201,20.0,0,-0.0
19202,13.0,0,-2.0
19203,14.0,0,3.0
19204,31.0,0,0.0
19205,16.0,0,3.0
19206,29.0,0,2.0
19207,14.0,0,1.0
19208,2.0,1,2.0
19209,23.0,0,1.0
19210,0.0,0,1.0
19211,13.0,0,0.0
19212,1.0,1,1.0
19213,0.0,0,2.0
19214,31.0,0,-0.0
19215,28.0,0,3.0
19216,16.0,0,1.0
19217,6.0,0,1.0
19218,27.0,0,1.0
19219,7.0,0,-1.0
19220,28.0,0,-1.0
19221,0.0,0,0.0
19222,0.0,0,1.0
19223,0.0,0,0.0
19224,0.0,0,0.0
19225,0.0,0,0.0
19226,0.0,0,0.0
19227,29.0,0,2.0
19228,0.0,0,1.0
19229,21.0,0,-1.0
19230,5.0,0,0.0
19231,0.0,0,2.0
19232,25.0,0,1.0
19233,30.0,0,1.0
19234,14.0,0,-3.0
19235,0.0,0,0.0
19236,19.0,0,4.0
19237,0.0,0,2.0
19238,8.0,0,-0.0
19239,30.0,0,1.0
19240,0.0,0,1.0
19241,0.0,0,1.0
19242,3.0,1,3.0
19243,22.0,0,2.0
19244,14.0,0,2.0
19245,31.0,0,0.0
19246,24.0,0,1.0
19247,0.0,0,0.0
19248,6.0,0,1.0
19249,20.0,0,-0.0
19250,0.0,0,0.0
19251,0.0,0,2.0
19252,0.0,0,2.0
19253,30.0,0,1.0
19254,0.0,0,2.0
19255,0.0,0,0.0
19256,0.0,0,1.0
19257,0.0,0,1.0
19258,0.0,0,3.0
19259,27.0,0,0.0
19260,0.0,0,0.0
19261,26.0,0,3.0
19262,15.0,0,-1.0
19263,0.0,1,0.0
19264,31.0,0,0.0
19265,0.0,0,0.0
19266,31.0,0,0.0
19267,27.0,0,-0.0
19268,0.0,0,1.0
19269,2.0,0,2.0
19270,0.0,0,0.0
19271,0.0,0,4.0
19272,30.0,0,1.0
19273,7.0,0,3.0
19274,0.0,0,0.0
19275,31.0,0,0.0
19276,23.0,0,-0.0
19277,24.0,0,1.0
19278,23.0,0,-1.0
19279,0.0,0,0.0
19280,17.0,0,-1.0
19281,6.0,0,1.0
19282,0.0,0,0.0
19283,0.0,0,0.0
19284,0.0,0,0.0
19285,1.0,1,1.0
19286,0.0,0,0.0
19287,1.0,1,1.0
19288,31.0,0,0.0
19289,10.0,0,0.0
19290,0.0,0,0.0
19291,0.0,0,0.0
19292,17.0,0,3.0
19293,25.0,0,-2.0
19294,23.0,1,2.0
19295,12.0,0,1.0
19296,23.0,0,-1.0
19297,22.0,0,1.0
19298,31.0,0,-1.0
19299,0.0,0,3.0
19300,0.0,0,1.0
19301,31.0,1,1.0
19302,25.0,0,2.0
19303,29.0,0,0.0
19304,16.0,0,2.0
19305,19.0,0,-2.0
19306,18.0,0,-1.0
19307,9.0,0,1.0
19308,27.0,0,4.0
19309,18.0,0,-0.0
19310,0.0,0,0.0
19311,0.0,0,5.0
19312,0.0,0,0.0
19313,31.0,0,0.0
19314,29.0,0,2.0
19315,24.0,0,2.0
19316,30.0,0,1.0
19317,26.0,0,5.0
19318,0.0,0,0.0
19319,0.0,0,0.0
19320,29.0,0,1.0
19321,29.0,0,0.0
19322,15.0,0,-0.0
19323,31.0,0,0.0
19324,11.0,0,-1.0
19325,15.0,0,3.0
19326,0.0,0,1.0
19327,16.0,0,-1.0
19328,27.0,0,-1.0
19329,0.0,0,2.0
19330,25.0,1,-2.0
19331,0.0,0,0.0
19332,0.0,0,2.0
19333,29.0,0,1.0
19334,31.0,0,0.0
19335,16.0,0,-1.0
19336,0.0,0,0.0
19337,31.0,0,0.0
19338,12.0,0,2.0
19339,27.0,0,-1.0
19340,0.0,0,3.0
19341,0.0,0,0.0
19342,30.0,1,-0.0
19343,22.0,0,3.0
19344,18.0,0,1.0
19345,4.0,0,3.0
19346,31.0,0,0.0
19347,1.0,1,1.0
19348,25.0,0,2.0
19349,18.0,0,1.0
19350,2.0,1,2.0
19351,29.0,0,2.0
19352,0.0,0,0.0
19353,12.0,0,-3.0
19354,31.0,0,-1.0
19355,29.0,0,2.0
19356,15.0,0,0.0
19357,7.0,0,-3.0
19358,21.0,0,1.0
19359,26.0,0,3.0
19360,4.0,0,-1.0
19361,0.0,0,1.0
19362,27.0,0,0.0
19363,0.0,0,5.0
19364,0.0,0,0.0
19365,25.0,0,2.0
19366,2.0,0,2.0
19367,19.0,0,0.0
19368,27.0,0,2.0
19369,3.0,0,0.0
19370,17.0,1,-1.0
19371,0.0,0,1.0
19372,0.0,0,1.0
19373,31.0,1,3.0
19374,0.0,0,0.0
19375,0.0,0,2.0
19376,1.0,1,0.0
19377,0.0,0,0.0
19378,0.0,0,2.0
19379,0.0,0,0.0
19380,0.0,0,7.0
19381,28.0,0,1.0
19382,0.0,0,0.0
19383,31.0,0,-1.0
19384,19.0,0,3.0
19385,0.0,0,6.0
19386,30.0,0,1.0
19387,19.0,0,1.0
19388,17.0,0,1.0
19389,0.0,0,3.0
19390,4.0,0,2.0
19391,27.0,0,1.0
19392,0.0,0,2.0
19393,14.0,0,2.0
19394,2.0,1,2.0
19395,30.0,1,3.0
19396,14.0,1,2.0
19397,2.0,0,-2.0
19398,0.0,0,6.0
19399,0.0,0,2.0
19400,21.0,0,2.0
19401,0.0,0,1.0
19402,0.0,0,0.0
19403,0.0,0,4.0
19404,31.0,0,-0.0
19405,31.0,1,0.0
19406,0.0,0,1.0
19407,10.0,1,0.0
19408,0.0,0,0.0
19409,10.0,0,-0.0
19410,0.0,0,2.0
19411,9.0,1,2.0
19412,0.0,0,0.0
19413,0.0,0,0.0
19414,2.0,1,2.0
19415,11.0,0,-1.0
19416,20.0,1,4.0
19417,0.0,0,0.0
19418,5.0,1,-3.0
19419,0.0,0,0.0
19420,0.0,0,1.0
19421,0.0,0,0.0
19422,20.0,0,-0.0
19423,27.0,1,1.0
19424,0.0,0,0.0
19425,30.0,0,1.0
19426,0.0,0,0.0
19427,10.0,0,-0.0
19428,0.0,0,0.0
19429,19.0,0,2.0
19430,11.0,0,0.0
19431,0.0,0,1.0
19432,0.0,0,2.0
19433,12.0,1,1.0
19434,0.0,0,0.0
19435,0.0,0,1.0
19436,29.0,1,-2.0
19437,31.0,0,0.0
19438,3.0,0,3.0
19439,0.0,0,5.0
19440,7.0,0,1.0
19441,24.0,0,1.0
19442,18.0,0,0.0
19443,31.0,0,0.0
19444,20.0,0,0.0
19445,19.0,0,2.0
19446,27.0,0,2.0
19447,22.0,0,1.0
19448,7.0,0,2.0
19449,5.0,0,-0.0
19450,0.0,0,6.0
19451,0.0,0,2.0
19452,0.0,0,2.0
19453,20.0,1,1.0
19454,0.0,0,2.0
19455,31.0,0,0.0
19456,0.0,0,0.0
19457,0.0,0,0.0
19458,29.0,0,2.0
19459,31.0,0,0.0
19460,19.0,0,0.0
19461,0.0,0,2.0
19462,20.0,0,-2.0
19463,0.0,0,2.0
19464,19.0,0,1.0
19465,0.0,1,0.0
19466,17.0,0,0.0
19467,20.0,0,-0.0
19468,0.0,0,1.0
19469,5.0,0,-2.0
19470,31.0,0,0.0
19471,23.0,1,2.0
19472,8.0,0,1.0
19473,30.0,0,-1.0
19474,0.0,0,1.0
19475,0.0,0,1.0
19476,27.0,1,2.0
19477,7.0,0,-0.0
19478,28.0,0,1.0
19479,3.0,0,2.0
19480,0.0,0,2.0
19481,0.0,0,2.0
19482,1.0,0,3.0
19483,8.0,0,-3.0
19484,31.0,0,0.0
19485,31.0,1,1.0
19486,0.0,0,0.0
19487,20.0,0,3.0
19488,23.0,1,0.0
19489,31.0,1,1.0
19490,26.0,0,1.0
19491,29.0,0,2.0
19492,20.0,0,-2.0
19493,0.0,0,0.0
19494,15.0,0,1.0
19495,29.0,0,2.0
19496,9.0,0,1.0
19497,4.0,1,4.0
19498,0.0,0,0.0
19499,23.0,0,-1.0
19500,13.0,0,0.0
19501,0.0,0,1.0
19502,26.0,0,-1.0
19503,0.0,1,0.0
19504,0.0,0,1.0
19505,24.0,0,2.0
19506,29.0,0,-0.0
19507,9.0,0,5.0
19508,17.0,0,1.0
19509,31.0,0,-1.0
19510,0.0,0,1.0
19511,31.0,0,0.0
19512,22.0,0,-1.0
19513,8.0,0,1.0
19514,31.0,0,0.0
19515,25.0,0,-0.0
19516,31.0,0,0.0
19517,24.0,1,4.0
19518,31.0,0,-0.0
19519,0.0,1,0.0
19520,0.0,0,2.0
19521,13.0,0,1.0
19522,14.0,0,3.0
19523,1.0,1,1.0
19524,31.0,0,-1.0
19525,30.0,0,-1.0
19526,0.0,0,2.0
19527,9.0,0,1.0
19528,0.0,0,2.0
19529,31.0,0,0.0
19530,22.0,0,-0.0
19531,20.0,0,0.0
19532,0.0,1,0.0
19533,24.0,0,-3.0
19534,14.0,0,1.0
19535,0.0,0,1.0
19536,0.0,0,0.0
19537,20.0,0,-2.0
19538,0.0,0,1.0
19539,1.0,0,-1.0
19540,2.0,1,2.0
19541,26.0,1,1.0
19542,28.0,0,1.0
19543,0.0,0,0.0
19544,23.0,0,2.0
19545,20.0,1,4.0
19546,11.0,0,4.0
19547,0.0,0,2.0
19548,27.0,0,-2.0
19549,24.0,0,-0.0
19550,2.0,1,2.0
19551,9.0,0,1.0
19552,26.0,0,3.0
19553,28.0,0,3.0
19554,30.0,0,0.0
19555,0.0,0,2.0
19556,9.0,0,0.0
19557,4.0,1,4.0
19558,21.0,0,-4.0
19559,13.0,0,1.0
19560,11.0,0,0.0
19561,15.0,0,3.0
19562,23.0,0,1.0
19563,25.0,0,0.0
19564,30.0,0,0.0
19565,0.0,0,1.0
19566,29.0,0,0.0
19567,9.0,0,1.0
19568,29.0,0,1.0
19569,6.0,0,-0.0
19570,26.0,1,-2.0
19571,0.0,0,4.0
19572,0.0,0,1.0
19573,3.0,1,3.0
19574,16.0,0,5.0
19575,22.0,0,3.0
19576,24.0,0,3.0
19577,21.0,0,1.0
19578,29.0,0,-0.0
19579,8.0,0,3.0
19580,14.0,0,3.0
19581,28.0,0,-1.0
19582,0.0,0,1.0
19583,0.0,0,0.0
19584,0.0,0,3.0
19585,0.0,0,0.0
19586,0.0,0,1.0
19587,0.0,1,0.0
19588,31.0,0,0.0
19589,10.0,0,0.0
19590,20.0,1,2.0
19591,16.0,0,-0.0
19592,8.0,0,-1.0
19593,0.0,0,3.0
19594,31.0,1,0.0
19595,0.0,0,1.0
19596,0.0,0,0.0
19597,2.0,1,2.0
19598,0.0,0,0.0
19599,31.0,1,0.0
19600,20.0,0,1.0
19601,0.0,0,1.0
19602,11.0,0,1.0
19603,24.0,0,0.0
19604,30.0,0,1.0
19605,31.0,0,0.0
19606,0.0,0,1.0
19607,0.0,0,3.0
19608,9.0,0,2.0
19609,29.0,0,0.0
19610,12.0,0,-1.0
19611,24.0,0,1.0
19612,30.0,0,1.0
19613,4.0,0,-1.0
19614,29.0,0,2.0
19615,0.0,1,0.0
19616,16.0,0,3.0
19617,1.0,1,1.0
19618,18.0,0,1.0
19619,0.0,0,0.0
19620,28.0,0,1.0
19621,0.0,0,0.0
19622,0.0,0,0.0
19623,12.0,0,0.0
19624,5.0,0,3.0
19625,27.0,0,3.0
19626,0.0,0,1.0
19627,30.0,0,0.0
19628,2.0,1,2.0
19629,15.0,0,-0.0
19630,0.0,0,0.0
19631,0.0,0,0.0
19632,0.0,0,0.0
19633,7.0,0,2.0
19634,27.0,0,1.0
19635,30.0,0,1.0
19636,28.0,1,3.0
19637,17.0,0,3.0
19638,0.0,0,1.0
19639,31.0,0,-0.0
19640,3.0,1,3.0
19641,12.0,0,0.0
19642,0.0,0,0.0
19643,31.0,0,-4.0
19644,0.0,0,3.0
19645,15.0,0,6.0
19646,0.0,0,0.0
19647,19.0,0,-1.0
19648,0.0,0,2.0
19649,24.0,0,1.0
19650,0.0,0,0.0
19651,0.0,0,0.0
19652,6.0,0,3.0
19653,6.0,0,2.0
19654,31.0,0,0.0
19655,0.0,0,2.0
19656,3.0,1,3.0
19657,23.0,0,-1.0
19658,0.0,1,0.0
19659,30.0,0,0.0
19660,20.0,0,3.0
19661,17.0,1,1.0
19662,0.0,0,0.0
19663,0.0,0,1.0
19664,29.0,0,-0.0
19665,0.0,0,0.0
19666,11.0,0,-1.0
19667,0.0,0,4.0
19668,20.0,0,1.0
19669,30.0,1,-1.0
19670,1.0,1,1.0
19671,3.0,0,2.0
19672,0.0,0,3.0
19673,26.0,0,2.0
19674,0.0,0,0.0
19675,1.0,0,2.0
19676,0.0,0,0.0
19677,20.0,0,4.0
19678,1.0,1,1.0
19679,0.0,0,4.0
19680,25.0,0,3.0
19681,7.0,0,3.0
19682,12.0,1,0.0
19683,31.0,1,0.0
19684,0.0,0,4.0
19685,0.0,0,0.0
19686,14.0,0,-2.0
19687,23.0,1,1.0
19688,6.0,0,-1.0
19689,7.0,0,-3.0
19690,31.0,1,0.0
19691,0.0,0,0.0
19692,9.0,0,-2.0
19693,18.0,0,1.0
19694,16.0,0,-0.0
19695,0.0,0,0.0
19696,0.0,0,3.0
19697,8.0,0,-2.0
19698,30.0,0,-1.0
19699,0.0,0,1.0
19700,0.0,0,1.0
19701,0.0,0,1.0
19702,25.0,0,-0.0
19703,31.0,1,3.0
19704,0.0,0,0.0
19705,13.0,0,-0.0
19706,1.0,0,0.0
19707,26.0,0,-1.0
19708,0.0,0,0.0
19709,19.0,0,-1.0
19710,26.0,0,3.0
19711,0.0,0,1.0
19712,4.0,1,4.0
19713,22.0,0,-1.0
19714,1.0,1,1.0
19715,0.0,0,0.0
19716,0.0,0,2.0
19717,0.0,1,0.0
19718,0.0,0,0.0
19719,12.0,0,-0.0
19720,0.0,0,0.0
19721,0.0,0,0.0
19722,0.0,0,0.0
19723,0.0,0,2.0
19724,28.0,0,-0.0
19725,30.0,0,1.0
19726,0.0,1,0.0
19727,5.0,0,-1.0
19728,0.0,0,3.0
19729,0.0,0,0.0
19730,31.0,0,0.0
19731,11.0,0,-1.0
19732,0.0,0,1.0
19733,2.0,0,-2.0
19734,12.0,0,-1.0
19735,28.0,0,1.0
19736,18.0,0,-1.0
19737,0.0,0,0.0
19738,0.0,0,3.0
19739,29.0,0,2.0
19740,16.0,0,1.0
19741,0.0,0,0.0
19742,31.0,0,-3.0
19743,31.0,0,0.0
19744,28.0,0,1.0
19745,0.0,0,0.0
19746,6.0,0,-3.0
19747,31.0,1,1.0
19748,3.0,1,1.0
19749,31.0,0,-1.0
19750,0.0,0,2.0
19751,28.0,0,-2.0
19752,8.0,0,-2.0
19753,2.0,0,2.0
19754,27.0,0,2.0
19755,0.0,0,2.0
19756,12.0,0,1.0
19757,19.0,0,1.0
19758,0.0,0,0.0
19759,1.0,1,1.0
19760,0.0,0,2.0
19761,26.0,0,2.0
19762,29.0,1,1.0
19763,0.0,1,0.0
19764,0.0,0,1.0
19765,22.0,1,1.0
19766,0.0,0,0.0
19767,0.0,0,0.0
19768,19.0,1,1.0
19769,19.0,0,0.0
19770,0.0,0,2.0
19771,19.0,0,0.0
19772,28.0,0,1.0
19773,0.0,0,1.0
19774,7.0,0,1.0
19775,31.0,0,0.0
19776,31.0,1,1.0
19777,0.0,0,0.0
19778,0.0,0,4.0
19779,29.0,0,0.0
19780,15.0,0,0.0
19781,22.0,0,-0.0
19782,0.0,0,0.0
19783,0.0,0,0.0
19784,8.0,1,3.0
19785,0.0,1,0.0
19786,1.0,0,3.0
19787,0.0,0,1.0
19788,0.0,0,2.0
19789,0.0,0,1.0
19790,0.0,0,1.0
19791,0.0,0,1.0
19792,25.0,1,1.0
19793,26.0,0,1.0
19794,0.0,0,5.0
19795,27.0,0,1.0
19796,1.0,1,1.0
19797,28.0,0,0.0
19798,31.0,1,1.0
19799,3.0,1,3.0
19800,31.0,0,0.0
19801,0.0,0,2.0
19802,0.0,0,0.0
19803,15.0,0,3.0
19804,0.0,0,2.0
19805,14.0,0,1.0
19806,31.0,0,0.0
19807,20.0,0,3.0
19808,21.0,0,6.0
19809,25.0,0,1.0
19810,0.0,0,0.0
19811,5.0,0,1.0
19812,17.0,0,-0.0
19813,31.0,0,0.0
19814,0.0,0,3.0
19815,23.0,0,4.0
19816,4.0,1,-1.0
19817,3.0,0,-0.0
19818,29.0,0,1.0
19819,1.0,1,1.0
19820,28.0,0,0.0
19821,0.0,0,0.0
19822,0.0,0,4.0
19823,0.0,0,3.0
19824,6.0,0,1.0
19825,5.0,0,-3.0
19826,6.0,0,0.0
19827,30.0,0,1.0
19828,25.0,0,3.0
19829,15.0,0,1.0
19830,0.0,0,0.0
19831,3.0,1,3.0
19832,23.0,0,1.0
19833,31.0,1,0.0
19834,19.0,0,1.0
19835,26.0,0,0.0
19836,31.0,0,0.0
19837,6.0,0,1.0
19838,31.0,1,0.0
19839,1.0,1,1.0
19840,19.0,1,2.0
19841,31.0,0,0.0
19842,16.0,0,2.0
19843,12.0,0,1.0
19844,10.0,0,1.0
19845,3.0,1,3.0
19846,0.0,0,2.0
19847,20.0,0,1.0
19848,29.0,0,-1.0
19849,13.0,0,-3.0
19850,0.0,0,0.0
19851,0.0,0,3.0
19852,14.0,0,-1.0
19853,0.0,0,0.0
19854,0.0,0,3.0
19855,0.0,0,1.0
19856,0.0,0,2.0
19857,19.0,0,2.0
19858,0.0,0,4.0
19859,2.0,1,2.0
19860,25.0,0,0.0
19861,0.0,1,0.0
19862,3.0,0,-1.0
19863,0.0,0,0.0
19864,0.0,0,1.0
19865,0.0,0,0.0
19866,30.0,1,3.0
19867,0.0,0,3.0
19868,0.0,0,2.0
19869,0.0,0,1.0
19870,6.0,0,2.0
19871,26.0,0,-0.0
19872,31.0,0,0.0
19873,21.0,0,2.0
19874,1.0,0,-0.0
19875,16.0,0,-1.0
19876,0.0,0,0.0
19877,0.0,0,1.0
19878,31.0,0,0.0
19879,31.0,1,2.0
19880,25.0,0,1.0
19881,15.0,0,1.0
19882,0.0,0,7.0
19883,31.0,0,0.0
19884,0.0,1,0.0
19885,27.0,0,-1.0
19886,24.0,0,3.0
19887,6.0,1,-3.0
19888,0.0,0,0.0
19889,0.0,0,2.0
19890,17.0,0,-2.0
19891,0.0,0,0.0
19892,0.0,0,2.0
19893,18.0,1,-0.0
19894,0.0,0,1.0
19895,31.0,0,-0.0
19896,20.0,0,0.0
19897,17.0,0,0.0
19898,16.0,0,-1.0
19899,31.0,0,0.0
19900,22.0,0,-1.0
19901,0.0,0,3.0
19902,23.0,0,1.0
19903,0.0,0,0.0
19904,0.0,0,1.0
19905,0.0,0,1.0
19906,0.0,0,0.0
19907,24.0,0,2.0
19908,1.0,1,1.0
19909,29.0,0,2.0
19910,17.0,0,-1.0
19911,1.0,1,1.0
19912,0.0,0,1.0
19913,0.0,0,0.0
19914,26.0,0,4.0
19915,2.0,1,2.0
19916,0.0,0,1.0
19917,0.0,0,0.0
19918,15.0,0,1.0
19919,30.0,0,1.0
19920,13.0,0,1.0
19921,0.0,0,0.0
19922,0.0,0,3.0
19923,4.0,0,1.0
19924,11.0,0,4.0
19925,0.0,0,0.0
19926,5.0,0,2.0
19927,26.0,1,2.0
19928,0.0,0,0.0
19929,21.0,0,2.0
19930,31.0,0,-1.0
19931,3.0,0,1.0
19932,1.0,1,1.0
19933,29.0,1,1.0
19934,25.0,1,1.0
19935,0.0,0,1.0
19936,25.0,0,0.0
19937,3.0,1,1.0
19938,14.0,1,1.0
19939,0.0,0,4.0
19940,0.0,0,2.0
19941,18.0,0,-2.0
19942,21.0,0,-1.0
19943,25.0,0,2.0
19944,26.0,0,-1.0
19945,0.0,0,2.0
19946,29.0,0,2.0
19947,2.0,0,-1.0
19948,24.0,1,-2.0
19949,0.0,0,1.0
19950,0.0,0,3.0
19951,11.0,0,-1.0
19952,0.0,0,3.0
19953,29.0,0,-1.0
19954,22.0,0,0.0
19955,31.0,0,0.0
19956,0.0,0,3.0
19957,30.0,0,-1.0
19958,31.0,0,0.0
19959,3.0,0,1.0
19960,31.0,0,0.0
19961,0.0,0,1.0
19962,0.0,0,0.0
19963,31.0,0,0.0
19964,0.0,0,0.0
19965,1.0,1,1.0
19966,0.0,0,1.0
19967,25.0,0,-0.0
19968,0.0,0,0.0
19969,0.0,0,0.0
19970,0.0,0,0.0
19971,4.0,0,1.0
19972,0.0,0,0.0
19973,0.0,0,3.0
19974,29.0,1,2.0
19975,16.0,0,0.0
19976,10.0,0,2.0
19977,0.0,0,1.0
19978,18.0,0,1.0
19979,23.0,0,2.0
19980,0.0,0,0.0
19981,31.0,0,0.0
19982,8.0,0,1.0
19983,0.0,0,0.0
19984,16.0,0,2.0
19985,6.0,0,0.0
19986,7.0,1,-2.0
19987,23.0,0,2.0
19988,29.0,1,1.0
19989,21.0,0,1.0
19990,31.0,0,0.0
19991,31.0,1,1.0
19992,0.0,0,0.0
19993,16.0,0,2.0
19994,0.0,0,2.0
19995,0.0,0,0.0
19996,31.0,0,0.0
19997,0.0,0,2.0
19998,0.0,0,0.0
19999,0.0,0,0.0
20000,0.0,1,0.0
20001,24.0,0,1.0
20002,31.0,0,0.0
20003,0.0,0,0.0
20004,0.0,0,3.0
20005,25.0,0,4.0
20006,29.0,0,1.0
20007,0.0,0,1.0
20008,0.0,0,0.0
20009,28.0,0,-1.0
20010,0.0,0,0.0
20011,18.0,0,-1.0
20012,1.0,1,1.0
20013,0.0,0,2.0
20014,0.0,0,0.0
20015,9.0,0,-1.0
20016,0.0,0,0.0
20017,30.0,0,1.0
20018,28.0,0,0.0
20019,0.0,0,1.0
20020,0.0,0,5.0
20021,24.0,0,-0.0
20022,0.0,0,3.0
20023,27.0,1,-1.0
20024,31.0,0,0.0
20025,0.0,0,2.0
20026,21.0,0,-1.0
20027,15.0,0,1.0
20028,17.0,0,1.0
20029,0.0,0,1.0
20030,0.0,0,2.0
20031,0.0,0,1.0
20032,24.0,0,2.0
20033,30.0,0,1.0
20034,31.0,1,0.0
20035,21.0,1,-1.0
20036,0.0,0,2.0
20037,30.0,1,-1.0
20038,0.0,0,2.0
20039,31.0,0,0.0
20040,0.0,0,3.0
20041,26.0,0,-2.0
20042,0.0,0,1.0
20043,23.0,0,0.0
20044,24.0,0,3.0
20045,23.0,0,3.0
20046,20.0,0,1.0
20047,0.0,1,0.0
20048,0.0,0,1.0
20049,0.0,0,0.0
20050,0.0,0,0.0
20051,3.0,0,-3.0
20052,0.0,0,1.0
20053,0.0,0,2.0
20054,0.0,0,1.0
20055,31.0,0,0.0
20056,25.0,0,1.0
20057,0.0,0,0.0
20058,15.0,1,1.0
20059,30.0,0,-1.0
20060,4.0,1,4.0
20061,16.0,0,0.0
20062,17.0,1,-0.0
20063,0.0,0,0.0
20064,13.0,0,4.0
20065,17.0,0,1.0
20066,31.0,0,0.0
20067,0.0,0,2.0
20068,5.0,0,2.0
20069,22.0,0,1.0
20070,31.0,0,0.0
20071,31.0,1,0.0
20072,0.0,0,1.0
20073,0.0,0,1.0
20074,0.0,0,6.0
20075,30.0,0,0.0
20076,31.0,0,0.0
20077,0.0,0,0.0
20078,13.0,0,3.0
20079,4.0,1,4.0
20080,19.0,1,3.0
20081,31.0,1,1.0
20082,27.0,0,0.0
20083,9.0,0,2.0
20084,12.0,0,5.0
20085,0.0,0,0.0
20086,23.0,0,2.0
20087,0.0,0,0.0
20088,26.0,0,3.0
20089,31.0,0,0.0
20090,0.0,0,0.0
20091,9.0,0,2.0
20092,16.0,0,-0.0
20093,22.0,0,-3.0
20094,0.0,0,0.0
20095,21.0,0,0.0
20096,31.0,1,-0.0
20097,1.0,0,1.0
20098,19.0,0,2.0
20099,31.0,1,-0.0
20100,28.0,0,1.0
20101,13.0,0,-0.0
20102,27.0,0,-0.0
20103,0.0,0,0.0
20104,30.0,0,1.0
20105,0.0,0,0.0
20106,0.0,0,0.0
20107,10.0,0,1.0
20108,0.0,0,0.0
20109,0.0,0,0.0
20110,10.0,0,3.0
20111,28.0,0,2.0
20112,21.0,0,1.0
20113,0.0,0,0.0
20114,18.0,0,-0.0
20115,7.0,0,0.0
20116,0.0,0,1.0
20117,24.0,0,1.0
20118,0.0,0,1.0
20119,9.0,0,2.0
20120,0.0,0,0.0
20121,0.0,0,2.0
20122,13.0,0,4.0
20123,19.0,0,-2.0
20124,31.0,0,0.0
20125,28.0,0,2.0
20126,0.0,0,0.0
20127,0.0,0,2.0
20128,27.0,0,-1.0
20129,10.0,0,4.0
20130,31.0,0,0.0
20131,5.0,0,-1.0
20132,0.0,0,0.0
20133,0.0,0,0.0
20134,31.0,0,0.0
20135,27.0,1,2.0
20136,27.0,1,2.0
20137,0.0,0,2.0
20138,21.0,0,3.0
20139,31.0,0,0.0
20140,31.0,0,0.0
20141,31.0,0,0.0
20142,0.0,0,0.0
20143,31.0,0,0.0
20144,0.0,0,0.0
20145,5.0,0,0.0
20146,8.0,0,-1.0
20147,0.0,0,0.0
20148,31.0,0,0.0
20149,0.0,1,0.0
20150,14.0,0,2.0
20151,23.0,0,1.0
20152,8.0,0,2.0
20153,1.0,1,1.0
20154,14.0,0,1.0
20155,4.0,0,0.0
20156,31.0,0,0.0
20157,5.0,0,2.0
20158,6.0,0,0.0
20159,14.0,1,-2.0
20160,31.0,0,0.0
20161,25.0,0,4.0
20162,0.0,0,0.0
20163,1.0,0,0.0
20164,17.0,0,4.0
20165,0.0,0,0.0
20166,0.0,0,0.0
20167,0.0,0,0.0
20168,5.0,0,1.0
20169,7.0,0,-0.0
20170,3.0,1,3.0
20171,0.0,0,0.0
20172,12.0,0,-1.0
20173,3.0,0,-0.0
20174,20.0,0,2.0
20175,23.0,0,4.0
20176,0.0,0,1.0
20177,22.0,0,1.0
20178,27.0,1,1.0
20179,31.0,1,0.0
20180,0.0,1,0.0
20181,3.0,0,-0.0
20182,22.0,0,-0.0
20183,10.0,0,2.0
20184,12.0,0,1.0
20185,0.0,0,1.0
20186,0.0,0,1.0
20187,31.0,1,1.0
20188,10.0,0,-2.0
20189,22.0,0,1.0
20190,28.0,0,3.0
20191,18.0,0,3.0
20192,0.0,0,1.0
20193,30.0,0,1.0
20194,10.0,0,1.0
20195,0.0,0,0.0
20196,17.0,0,1.0
20197,0.0,0,4.0
20198,31.0,0,-1.0
20199,2.0,1,2.0
20200,11.0,0,1.0
20201,15.0,0,3.0
20202,1.0,0,1.0
20203,8.0,0,0.0
20204,29.0,1,1.0
20205,29.0,0,1.0
20206,29.0,0,-2.0
20207,0.0,0,4.0
20208,22.0,0,4.0
20209,8.0,0,0.0
20210,0.0,0,1.0
20211,0.0,0,1.0
20212,10.0,0,-1.0
20213,2.0,0,-0.0
20214,3.0,1,-1.0
20215,0.0,0,2.0
20216,0.0,0,2.0
20217,15.0,0,-3.0
20218,0.0,0,1.0
20219,0.0,0,0.0
20220,0.0,0,1.0
20221,6.0,1,6.0
20222,0.0,0,0.0
20223,16.0,1,2.0
20224,0.0,0,2.0
20225,20.0,0,2.0
20226,0.0,1,0.0
20227,27.0,0,2.0
20228,0.0,0,1.0
20229,22.0,0,-0.0
20230,2.0,0,2.0
20231,23.0,0,1.0
20232,0.0,0,3.0
20233,0.0,0,1.0
20234,12.0,0,-0.0
20235,30.0,0,1.0
20236,0.0,0,0.0
20237,0.0,0,2.0
20238,13.0,0,2.0
20239,0.0,0,0.0
20240,0.0,0,0.0
20241,28.0,0,1.0
20242,26.0,0,1.0
20243,31.0,0,0.0
20244,0.0,0,0.0
20245,0.0,0,0.0
20246,2.0,1,2.0
20247,31.0,0,0.0
20248,14.0,0,-0.0
20249,0.0,0,0.0
20250,31.0,1,1.0
20251,17.0,0,0.0
20252,26.0,0,2.0
20253,22.0,1,-1.0
20254,27.0,0,1.0
20255,12.0,1,-4.0
20256,0.0,0,2.0
20257,0.0,0,2.0
20258,0.0,0,1.0
20259,31.0,0,0.0
20260,0.0,0,3.0
20261,23.0,0,1.0
20262,1.0,0,4.0
20263,0.0,0,3.0
20264,16.0,0,2.0
20265,19.0,0,-2.0
20266,31.0,0,-2.0
20267,26.0,0,4.0
20268,2.0,0,3.0
20269,0.0,0,4.0
20270,0.0,1,0.0
20271,0.0,0,0.0
20272,8.0,0,0.0
20273,0.0,0,0.0
20274,18.0,0,2.0
20275,25.0,1,4.0
20276,19.0,0,0.0
20277,0.0,0,0.0
20278,0.0,0,2.0
20279,0.0,0,2.0
20280,5.0,1,1.0
20281,24.0,0,0.0
20282,0.0,0,2.0
20283,26.0,0,2.0
20284,31.0,1,0.0
20285,18.0,0,1.0
20286,21.0,0,3.0
20287,0.0,0,1.0
20288,20.0,1,2.0
20289,1.0,0,1.0
20290,0.0,0,2.0
20291,31.0,0,-2.0
20292,21.0,0,4.0
20293,20.0,0,1.0
20294,29.0,0,0.0
20295,9.0,0,-1.0
20296,0.0,0,0.0
20297,31.0,1,0.0
20298,0.0,0,1.0
20299,29.0,1,3.0
20300,5.0,1,5.0
20301,31.0,1,-0.0
20302,1.0,0,-0.0
20303,0.0,0,1.0
20304,31.0,0,0.0
20305,8.0,0,-0.0
20306,0.0,0,2.0
20307,0.0,0,1.0
20308,2.0,0,3.0
20309,0.0,0,2.0
20310,31.0,0,-4.0
20311,31.0,0,0.0
20312,24.0,1,2.0
20313,0.0,0,3.0
20314,31.0,0,0.0
20315,21.0,0,5.0
20316,0.0,0,1.0
20317,3.0,0,2.0
20318,0.0,0,3.0
20319,15.0,0,1.0
20320,12.0,0,2.0
20321,0.0,0,1.0
20322,0.0,0,0.0
20323,0.0,0,0.0
20324,8.0,1,2.0
20325,0.0,0,0.0
20326,14.0,1,2.0
20327,0.0,0,4.0
20328,31.0,0,0.0
20329,30.0,0,1.0
20330,0.0,0,3.0
20331,0.0,0,0.0
20332,0.0,0,4.0
20333,30.0,1,4.0
20334,16.0,0,1.0
20335,16.0,1,-2.0
20336,0.0,0,0.0
20337,1.0,1,1.0
20338,31.0,0,-1.0
20339,29.0,0,2.0
20340,29.0,0,-0.0
20341,0.0,0,1.0
20342,0.0,0,2.0
20343,23.0,0,1.0
20344,2.0,1,2.0
20345,20.0,0,-2.0
20346,18.0,0,-2.0
20347,16.0,0,2.0
20348,7.0,0,2.0
20349,0.0,1,-1.0
20350,0.0,0,0.0
20351,19.0,1,-1.0
20352,0.0,0,3.0
20353,20.0,0,0.0
20354,31.0,0,0.0
20355,0.0,0,0.0
20356,31.0,0,0.0
20357,23.0,0,1.0
20358,29.0,0,-0.0
20359,0.0,0,1.0
20360,0.0,0,3.0
20361,9.0,0,0.0
20362,0.0,0,1.0
20363,0.0,0,0.0
20364,8.0,0,1.0
20365,31.0,0,0.0
20366,31.0,0,-1.0
20367,31.0,1,1.0
20368,21.0,0,0.0
20369,31.0,1,2.0
20370,12.0,0,1.0
20371,3.0,0,3.0
20372,9.0,0,0.0
20373,12.0,0,-0.0
20374,31.0,1,0.0
20375,25.0,0,2.0
20376,6.0,0,-0.0
20377,0.0,0,1.0
20378,0.0,0,2.0
20379,28.0,0,-1.0
20380,31.0,0,0.0
20381,0.0,0,1.0
20382,16.0,1,-1.0
20383,0.0,0,1.0
20384,0.0,0,2.0
20385,24.0,0,0.0
20386,18.0,1,0.0
20387,26.0,0,3.0
20388,13.0,0,-2.0
20389,11.0,0,-1.0
20390,29.0,0,2.0
20391,0.0,0,0.0
20392,0.0,0,2.0
20393,8.0,0,1.0
20394,31.0,0,0.0
20395,0.0,0,2.0
20396,0.0,0,0.0
20397,2.0,0,-1.0
20398,31.0,0,0.0
20399,0.0,0,3.0
20400,0.0,0,1.0
20401,28.0,0,1.0
20402,29.0,1,1.0
20403,0.0,0,2.0
20404,22.0,0,-0.0
20405,0.0,0,0.0
20406,22.0,0,1.0
20407,29.0,0,1.0
20408,30.0,0,1.0
20409,31.0,0,0.0
20410,27.0,1,1.0
20411,31.0,0,0.0
20412,0.0,0,0.0
20413,23.0,0,2.0
20414,0.0,0,3.0
20415,0.0,0,2.0
20416,23.0,0,1.0
20417,31.0,0,0.0
20418,0.0,0,3.0
20419,0.0,0,0.0
20420,0.0,0,3.0
20421,0.0,1,0.0
20422,12.0,0,0.0
20423,12.0,0,3.0
20424,30.0,0,1.0
20425,0.0,0,2.0
20426,0.0,0,2.0
20427,26.0,0,2.0
20428,26.0,0,1.0
20429,3.0,0,2.0
20430,0.0,0,0.0
20431,2.0,0,3.0
20432,31.0,0,0.0
20433,0.0,0,4.0
20434,0.0,0,2.0
20435,21.0,0,1.0
20436,26.0,0,1.0
20437,0.0,0,0.0
20438,24.0,0,5.0
20439,28.0,0,2.0
20440,0.0,0,0.0
20441,0.0,0,1.0
20442,0.0,0,0.0
20443,0.0,0,1.0
20444,31.0,0,0.0
20445,3.0,1,3.0
20446,31.0,0,0.0
20447,0.0,0,0.0
20448,24.0,0,2.0
20449,2.0,0,3.0
20450,7.0,0,-0.0
20451,21.0,0,3.0
20452,14.0,1,-1.0
20453,14.0,0,1.0
20454,0.0,0,0.0
20455,0.0,0,2.0
20456,0.0,0,0.0
20457,1.0,1,1.0
20458,28.0,1,2.0
20459,24.0,0,1.0
20460,0.0,1,0.0
20461,15.0,0,2.0
20462,0.0,0,4.0
20463,5.0,0,-2.0
20464,0.0,0,0.0
20465,31.0,0,0.0
20466,0.0,0,2.0
20467,0.0,0,0.0
20468,28.0,0,3.0
20469,30.0,0,1.0
20470,28.0,0,1.0
20471,0.0,0,1.0
20472,0.0,0,1.0
20473,17.0,0,1.0
20474,0.0,0,2.0
20475,29.0,0,2.0
20476,26.0,0,-3.0
20477,0.0,0,0.0
20478,0.0,0,0.0
20479,0.0,0,0.0
20480,0.0,0,1.0
20481,0.0,0,0.0
20482,16.0,0,0.0
20483,0.0,0,0.0
20484,0.0,0,0.0
20485,0.0,0,0.0
20486,31.0,1,1.0
20487,31.0,0,0.0
20488,0.0,0,0.0
20489,0.0,0,2.0
20490,24.0,0,3.0
20491,0.0,0,4.0
20492,14.0,0,-1.0
20493,0.0,1,0.0
20494,0.0,0,5.0
20495,0.0,0,0.0
20496,0.0,0,0.0
20497,0.0,0,1.0
20498,0.0,0,0.0
20499,8.0,0,-0.0
20500,26.0,1,-1.0
20501,0.0,0,0.0
20502,26.0,0,0.0
20503,6.0,0,1.0
20504,7.0,0,1.0
20505,29.0,0,1.0
20506,1.0,0,-1.0
20507,0.0,0,0.0
20508,0.0,0,2.0
20509,6.0,0,-1.0
20510,26.0,0,1.0
20511,24.0,0,2.0
20512,8.0,0,-1.0
20513,17.0,0,-0.0
20514,12.0,0,0.0
20515,24.0,1,1.0
20516,23.0,1,0.0
20517,0.0,0,0.0
20518,0.0,0,0.0
20519,0.0,0,0.0
20520,30.0,0,-1.0
20521,0.0,0,0.0
20522,0.0,0,2.0
20523,0.0,0,3.0
20524,0.0,0,2.0
20525,3.0,1,3.0
20526,0.0,0,0.0
20527,31.0,0,0.0
20528,0.0,0,1.0
20529,20.0,0,1.0
20530,31.0,0,0.0
20531,5.0,1,1.0
20532,10.0,0,1.0
20533,31.0,0,0.0
20534,0.0,0,1.0
20535,0.0,0,0.0
20536,0.0,1,0.0
20537,1.0,0,1.0
20538,25.0,0,1.0
20539,0.0,0,3.0
20540,29.0,0,2.0
20541,27.0,0,-0.0
20542,31.0,0,0.0
20543,21.0,0,3.0
20544,0.0,0,0.0
20545,0.0,0,2.0
20546,6.0,1,1.0
20547,22.0,0,4.0
20548,22.0,0,1.0
20549,0.0,0,3.0
20550,17.0,0,2.0
20551,28.0,0,3.0
20552,21.0,0,2.0
20553,31.0,0,0.0
20554,0.0,0,1.0
20555,0.0,0,0.0
20556,0.0,0,0.0
20557,28.0,0,1.0
20558,31.0,1,0.0
20559,12.0,0,1.0
20560,31.0,1,4.0
20561,16.0,0,-1.0
20562,0.0,0,0.0
20563,10.0,1,2.0
20564,26.0,0,4.0
20565,3.0,0,1.0
20566,31.0,0,0.0
20567,4.0,0,2.0
20568,31.0,1,0.0
20569,12.0,0,3.0
20570,29.0,0,2.0
20571,0.0,0,3.0
20572,0.0,0,1.0
20573,29.0,0,1.0
20574,29.0,0,0.0
20575,8.0,0,0.0
20576,0.0,0,0.0
20577,20.0,0,0.0
20578,21.0,0,-1.0
20579,0.0,0,1.0
20580,8.0,0,2.0
20581,31.0,0,0.0
20582,7.0,0,0.0
20583,0.0,0,1.0
20584,31.0,0,0.0
20585,26.0,0,2.0
20586,31.0,0,0.0
20587,21.0,0,1.0
20588,0.0,0,0.0
20589,22.0,0,-2.0
20590,20.0,0,0.0
20591,7.0,0,2.0
20592,0.0,0,4.0
20593,0.0,0,0.0
20594,0.0,0,4.0
20595,0.0,0,1.0
20596,30.0,0,1.0
20597,19.0,0,0.0
20598,8.0,0,3.0
20599,0.0,0,0.0
20600,30.0,0,-0.0
20601,0.0,0,0.0
20602,16.0,0,-2.0
20603,0.0,0,0.0
20604,3.0,1,3.0
20605,25.0,0,-0.0
20606,6.0,1,1.0
20607,29.0,0,1.0
20608,31.0,0,0.0
20609,0.0,0,2.0
20610,0.0,1,0.0
20611,24.0,0,-0.0
20612,0.0,0,0.0
20613,0.0,0,0.0
20614,0.0,0,0.0
20615,0.0,0,2.0
20616,0.0,0,0.0
20617,16.0,0,2.0
20618,16.0,1,1.0
20619,1.0,1,1.0
20620,0.0,0,1.0
20621,31.0,1,1.0
20622,10.0,0,-1.0
20623,0.0,0,2.0
20624,0.0,0,5.0
20625,13.0,1,1.0
20626,16.0,0,1.0
20627,25.0,0,-2.0
20628,17.0,0,0.0
20629,23.0,0,0.0
20630,31.0,0,0.0
20631,7.0,0,-1.0
20632,21.0,0,2.0
20633,28.0,0,3.0
20634,0.0,0,0.0
20635,0.0,0,0.0
20636,31.0,0,0.0
20637,20.0,0,4.0
20638,28.0,0,0.0
20639,1.0,1,1.0
20640,0.0,0,1.0
20641,10.0,0,1.0
20642,0.0,0,3.0
20643,0.0,0,0.0
20644,0.0,0,1.0
20645,15.0,0,-2.0
20646,31.0,0,0.0
20647,25.0,0,0.0
20648,25.0,0,-2.0
20649,0.0,0,0.0
20650,28.0,0,0.0
20651,5.0,0,1.0
20652,22.0,0,1.0
20653,6.0,0,-1.0
20654,2.0,1,2.0
20655,0.0,0,5.0
20656,21.0,0,2.0
20657,27.0,0,2.0
20658,24.0,0,2.0
20659,25.0,0,1.0
20660,10.0,0,-1.0
20661,5.0,1,5.0
20662,3.0,0,-0.0
20663,0.0,0,2.0
20664,22.0,0,1.0
20665,1.0,1,1.0
20666,0.0,0,3.0
20667,4.0,0,4.0
20668,17.0,0,0.0
20669,22.0,0,1.0
20670,23.0,0,1.0
20671,26.0,1,2.0
20672,18.0,0,3.0
20673,12.0,0,0.0
20674,16.0,1,-0.0
20675,0.0,0,1.0
20676,26.0,0,2.0
20677,0.0,1,0.0
20678,31.0,0,0.0
20679,22.0,0,-0.0
20680,0.0,0,2.0
20681,13.0,0,2.0
20682,31.0,1,-0.0
20683,23.0,0,4.0
20684,0.0,0,2.0
20685,21.0,0,1.0
20686,29.0,1,-0.0
20687,26.0,1,-0.0
20688,11.0,0,-1.0
20689,0.0,0,0.0
20690,27.0,0,2.0
20691,0.0,0,2.0
20692,0.0,0,1.0
20693,0.0,0,4.0
20694,23.0,0,0.0
20695,30.0,1,4.0
20696,0.0,0,3.0
20697,13.0,1,-0.0
20698,2.0,0,-0.0
20699,0.0,0,7.0
20700,29.0,0,-1.0
20701,31.0,0,0.0
20702,6.0,0,1.0
20703,0.0,0,2.0
20704,31.0,0,0.0
20705,5.0,0,1.0
20706,28.0,1,3.0
20707,26.0,1,-2.0
20708,0.0,0,0.0
20709,30.0,0,1.0
20710,0.0,0,1.0
20711,21.0,0,3.0
20712,0.0,0,2.0
20713,0.0,0,0.0
20714,0.0,1,0.0
20715,0.0,0,1.0
20716,16.0,0,3.0
20717,29.0,0,2.0
20718,0.0,0,3.0
20719,31.0,1,2.0
20720,0.0,1,0.0
20721,13.0,0,-1.0
20722,0.0,0,2.0
20723,7.0,1,6.0
20724,30.0,1,1.0
20725,21.0,0,1.0
20726,19.0,0,-2.0
20727,9.0,0,1.0
20728,15.0,0,3.0
20729,31.0,0,0.0
20730,10.0,0,3.0
20731,11.0,0,2.0
20732,0.0,0,3.0
20733,7.0,0,2.0
20734,27.0,0,-2.0
20735,31.0,0,0.0
20736,0.0,0,1.0
20737,4.0,0,2.0
20738,13.0,0,-1.0
20739,0.0,0,0.0
20740,0.0,0,0.0
20741,19.0,0,3.0
20742,0.0,0,0.0
20743,28.0,0,-0.0
20744,0.0,0,0.0
20745,15.0,1,-1.0
20746,30.0,0,-1.0
20747,30.0,0,1.0
20748,4.0,1,4.0
20749,19.0,0,0.0
20750,14.0,1,1.0
20751,31.0,1,2.0
20752,27.0,0,1.0
20753,28.0,1,-3.0
20754,25.0,1,5.0
20755,20.0,0,3.0
20756,3.0,1,3.0
20757,8.0,0,-0.0
20758,31.0,1,0.0
20759,0.0,0,3.0
20760,3.0,0,-2.0
20761,17.0,0,0.0
20762,30.0,0,-0.0
20763,22.0,0,4.0
20764,20.0,0,-0.0
20765,0.0,0,1.0
20766,14.0,1,2.0
20767,0.0,0,1.0
20768,30.0,0,-1.0
20769,21.0,0,2.0
20770,0.0,0,0.0
20771,26.0,1,-1.0
20772,29.0,0,2.0
20773,0.0,0,2.0
20774,0.0,0,3.0
20775,0.0,0,3.0
20776,31.0,0,-2.0
20777,16.0,0,2.0
20778,21.0,1,-0.0
20779,28.0,0,1.0
20780,30.0,0,1.0
20781,30.0,1,3.0
20782,31.0,0,0.0
20783,31.0,0,-4.0
20784,28.0,1,0.0
20785,1.0,0,5.0
20786,24.0,0,2.0
20787,0.0,0,2.0
20788,30.0,0,-0.0
20789,19.0,0,-1.0
20790,31.0,0,0.0
20791,16.0,0,1.0
20792,22.0,0,-0.0
20793,15.0,0,1.0
20794,0.0,0,5.0
20795,0.0,0,2.0
20796,3.0,0,-2.0
20797,28.0,0,2.0
20798,0.0,0,1.0
20799,4.0,1,4.0
20800,27.0,0,0.0
20801,29.0,0,-0.0
20802,7.0,0,1.0
20803,18.0,0,4.0
20804,0.0,1,0.0
20805,15.0,0,2.0
20806,20.0,1,0.0
20807,18.0,0,2.0
20808,0.0,0,0.0
20809,0.0,0,3.0
20810,26.0,1,-2.0
20811,0.0,0,0.0
20812,18.0,0,1.0
20813,0.0,1,0.0
20814,0.0,0,1.0
20815,31.0,1,0.0
20816,26.0,0,1.0
20817,26.0,0,2.0
20818,8.0,0,0.0
20819,25.0,1,2.0
20820,31.0,0,-1.0
20821,23.0,0,1.0
20822,0.0,0,1.0
20823,17.0,0,-0.0
20824,0.0,0,4.0
20825,26.0,0,2.0
20826,11.0,0,1.0
20827,26.0,0,2.0
20828,31.0,0,-1.0
20829,0.0,0,1.0
20830,0.0,0,2.0
20831,0.0,0,0.0
20832,10.0,0,-2.0
20833,0.0,0,2.0
20834,29.0,0,2.0
20835,15.0,0,-0.0
20836,7.0,0,0.0
20837,29.0,0,2.0
20838,31.0,0,0.0
20839,0.0,0,0.0
20840,3.0,0,1.0
20841,0.0,1,0.0
20842,24.0,1,2.0
20843,0.0,0,0.0
20844,28.0,0,1.0
20845,0.0,0,2.0
20846,31.0,0,0.0
20847,0.0,0,0.0
20848,31.0,0,-0.0
20849,13.0,0,-2.0
20850,31.0,0,-1.0
20851,4.0,0,-1.0
20852,0.0,0,0.0
20853,24.0,0,0.0
20854,12.0,1,-2.0
20855,26.0,0,2.0
20856,11.0,0,0.0
20857,12.0,0,-1.0
20858,0.0,0,0.0
20859,0.0,0,1.0
20860,31.0,0,0.0
20861,27.0,0,2.0
20862,30.0,0,-3.0
20863,26.0,0,-2.0
20864,0.0,0,0.0
20865,25.0,0,4.0
20866,28.0,0,3.0
20867,30.0,0,1.0
20868,0.0,0,0.0
20869,31.0,0,0.0
20870,15.0,0,5.0
20871,4.0,0,5.0
20872,20.0,0,-0.0
20873,30.0,0,0.0
20874,2.0,0,1.0
20875,0.0,0,2.0
20876,20.0,0,1.0
20877,6.0,0,0.0
20878,18.0,0,1.0
20879,0.0,0,1.0
20880,7.0,0,2.0
20881,18.0,0,1.0
20882,31.0,0,0.0
20883,0.0,0,3.0
20884,0.0,0,0.0
20885,0.0,0,2.0
20886,30.0,0,1.0
20887,31.0,1,0.0
20888,4.0,1,4.0
20889,31.0,1,2.0
20890,18.0,0,1.0
20891,0.0,0,2.0
20892,26.0,0,2.0
20893,0.0,0,0.0
20894,0.0,0,0.0
20895,31.0,0,0.0
20896,26.0,0,0.0
20897,22.0,0,3.0
20898,4.0,1,2.0
20899,25.0,0,-3.0
20900,16.0,0,-1.0
20901,0.0,0,5.0
20902,0.0,0,2.0
20903,28.0,0,0.0
20904,27.0,0,0.0
20905,16.0,0,-0.0
20906,15.0,0,3.0
20907,31.0,0,-1.0
20908,20.0,0,-4.0
20909,15.0,0,3.0
20910,0.0,0,1.0
20911,11.0,0,0.0
20912,0.0,1,0.0
20913,22.0,1,2.0
20914,2.0,0,-1.0
20915,0.0,0,1.0
20916,0.0,0,0.0
20917,30.0,0,-1.0
20918,27.0,0,-0.0
20919,31.0,0,0.0
20920,11.0,0,-1.0
20921,15.0,0,0.0
20922,25.0,0,1.0
20923,22.0,0,0.0
20924,0.0,0,1.0
20925,31.0,0,-2.0
20926,31.0,0,0.0
20927,19.0,0,1.0
20928,10.0,0,0.0
20929,2.0,1,2.0
20930,31.0,0,0.0
20931,12.0,1,2.0
20932,19.0,1,1.0
20933,14.0,0,-2.0
20934,13.0,0,-2.0
20935,18.0,0,-2.0
20936,7.0,0,2.0
20937,25.0,0,3.0
20938,31.0,0,0.0
20939,0.0,0,1.0
20940,10.0,0,0.0
20941,4.0,1,4.0
20942,0.0,0,0.0
20943,0.0,0,2.0
20944,29.0,0,-1.0
20945,0.0,1,0.0
20946,29.0,0,2.0
20947,31.0,1,0.0
20948,0.0,0,2.0
20949,0.0,0,0.0
20950,19.0,0,1.0
20951,21.0,0,3.0
20952,0.0,0,3.0
20953,28.0,0,3.0
20954,9.0,0,1.0
20955,7.0,0,1.0
20956,0.0,0,0.0
20957,0.0,0,1.0
20958,16.0,0,-2.0
20959,31.0,0,0.0
20960,0.0,0,3.0
20961,5.0,0,3.0
20962,20.0,1,0.0
20963,11.0,0,0.0
20964,26.0,0,-7.0
20965,11.0,0,-1.0
20966,15.0,0,2.0
20967,25.0,1,0.0
20968,31.0,0,-2.0
20969,27.0,0,-0.0
20970,0.0,0,2.0
20971,31.0,0,0.0
20972,0.0,0,2.0
20973,0.0,0,0.0
20974,0.0,1,0.0
20975,31.0,0,0.0
20976,20.0,0,4.0
20977,15.0,0,-0.0
20978,25.0,1,1.0
20979,31.0,0,-0.0
20980,0.0,0,3.0
20981,28.0,0,2.0
20982,0.0,0,0.0
20983,3.0,0,2.0
20984,0.0,0,4.0
20985,0.0,0,0.0
20986,26.0,0,2.0
20987,0.0,0,2.0
20988,0.0,0,0.0
20989,28.0,0,1.0
20990,30.0,1,0.0
20991,5.0,0,-0.0
20992,22.0,0,2.0
20993,17.0,1,2.0
20994,23.0,0,1.0
20995,26.0,0,0.0
20996,0.0,0,0.0
20997,18.0,1,0.0
20998,23.0,0,-0.0
20999,0.0,0,0.0
21000,29.0,0,-0.0
21001,0.0,0,2.0
21002,31.0,1,0.0
21003,27.0,1,2.0
21004,27.0,0,3.0
21005,0.0,0,2.0
21006,0.0,0,2.0
21007,0.0,1,0.0
21008,17.0,0,1.0
21009,24.0,0,1.0
21010,0.0,0,0.0
21011,0.0,0,2.0
21012,0.0,0,0.0
21013,31.0,0,0.0
21014,7.0,0,0.0
21015,9.0,1,-1.0
21016,3.0,1,3.0
21017,25.0,0,0.0
21018,23.0,0,2.0
21019,0.0,0,3.0
21020,22.0,0,-1.0
21021,15.0,1,-1.0
21022,0.0,0,1.0
21023,21.0,0,0.0
21024,17.0,1,-1.0
21025,27.0,0,1.0
21026,0.0,0,3.0
21027,0.0,0,0.0
21028,11.0,1,-1.0
21029,15.0,1,-2.0
21030,1.0,1,1.0
21031,0.0,0,1.0
21032,0.0,1,0.0
21033,0.0,0,1.0
21034,28.0,0,-0.0
21035,31.0,0,0.0
21036,0.0,0,2.0
21037,0.0,0,0.0
21038,0.0,0,0.0
21039,29.0,0,0.0
21040,18.0,0,1.0
21041,31.0,1,1.0
21042,0.0,0,0.0
21043,12.0,1,3.0
21044,17.0,0,1.0
21045,0.0,0,0.0
21046,11.0,0,4.0
21047,29.0,0,-0.0
21048,3.0,0,0.0
21049,25.0,1,2.0
21050,20.0,0,3.0
21051,2.0,0,-2.0
21052,0.0,0,0.0
21053,0.0,0,0.0
21054,31.0,0,0.0
21055,0.0,0,0.0
21056,0.0,0,0.0
21057,31.0,0,0.0
21058,0.0,0,2.0
21059,30.0,0,1.0
21060,25.0,0,3.0
21061,27.0,0,-0.0
21062,0.0,0,1.0
21063,0.0,0,4.0
21064,31.0,0,0.0
21065,0.0,0,4.0
21066,12.0,0,0.0
21067,21.0,0,1.0
21068,2.0,1,2.0
21069,26.0,0,1.0
21070,10.0,1,0.0
21071,19.0,0,2.0
21072,28.0,0,1.0
21073,22.0,0,2.0
21074,17.0,1,-0.0
21075,31.0,0,0.0
21076,0.0,0,2.0
21077,0.0,0,1.0
21078,3.0,0,1.0
21079,0.0,0,0.0
21080,31.0,0,-3.0
21081,0.0,0,0.0
21082,29.0,0,1.0
21083,12.0,0,3.0
21084,31.0,0,0.0
21085,0.0,0,1.0
21086,0.0,0,3.0
21087,4.0,1,4.0
21088,28.0,1,1.0
21089,0.0,0,0.0
21090,29.0,0,1.0
21091,13.0,1,3.0
21092,30.0,0,1.0
21093,26.0,0,3.0
21094,5.0,0,1.0
21095,3.0,0,1.0
21096,11.0,0,-1.0
21097,0.0,1,0.0
21098,22.0,0,0.0
21099,0.0,0,1.0
21100,0.0,0,3.0
21101,24.0,1,1.0
21102,3.0,0,-0.0
21103,27.0,0,1.0
21104,3.0,0,0.0
21105,22.0,1,2.0
21106,14.0,0,3.0
21107,31.0,0,0.0
21108,5.0,1,0.0
21109,0.0,0,1.0
21110,29.0,0,-1.0
21111,0.0,0,3.0
21112,22.0,0,5.0
21113,31.0,0,-1.0
21114,0.0,0,0.0
21115,24.0,0,2.0
21116,0.0,0,2.0
21117,31.0,1,0.0
21118,31.0,0,-0.0
21119,23.0,0,1.0
21120,15.0,0,1.0
21121,29.0,0,1.0
21122,21.0,0,2.0
21123,9.0,0,1.0
21124,0.0,0,0.0
21125,20.0,0,-2.0
21126,4.0,1,4.0
21127,17.0,0,5.0
21128,16.0,0,-0.0
21129,19.0,0,-0.0
21130,15.0,0,-1.0
21131,0.0,1,0.0
21132,31.0,0,0.0
21133,21.0,0,0.0
21134,22.0,1,4.0
21135,0.0,0,0.0
21136,2.0,1,2.0
21137,26.0,0,1.0
21138,28.0,0,-2.0
21139,0.0,0,1.0
21140,18.0,0,2.0
21141,3.0,0,-1.0
21142,21.0,0,2.0
21143,15.0,1,4.0
21144,0.0,0,0.0
21145,0.0,0,0.0
21146,21.0,0,3.0
21147,2.0,1,2.0
21148,14.0,0,-1.0
21149,13.0,1,2.0
21150,0.0,0,1.0
21151,29.0,0,1.0
21152,28.0,0,1.0
21153,0.0,0,1.0
21154,17.0,0,-0.0
21155,31.0,1,-0.0
21156,20.0,1,2.0
21157,3.0,1,3.0
21158,31.0,0,0.0
21159,18.0,0,-1.0
21160,2.0,0,0.0
21161,6.0,0,-1.0
21162,0.0,0,1.0
21163,27.0,0,2.0
21164,13.0,0,-2.0
21165,3.0,0,0.0
21166,0.0,0,0.0
21167,0.0,0,0.0
21168,31.0,1,0.0
21169,22.0,0,-1.0
21170,3.0,0,3.0
21171,31.0,0,-1.0
21172,0.0,0,1.0
21173,31.0,1,0.0
21174,0.0,0,0.0
21175,0.0,0,0.0
21176,31.0,0,0.0
21177,11.0,0,-0.0
21178,0.0,0,2.0
21179,0.0,0,1.0
21180,0.0,0,6.0
21181,0.0,0,1.0
21182,0.0,0,0.0
21183,0.0,0,1.0
21184,21.0,0,3.0
21185,1.0,1,1.0
21186,29.0,0,1.0
21187,0.0,0,1.0
21188,16.0,1,1.0
21189,31.0,0,-1.0
21190,24.0,1,3.0
21191,1.0,0,-0.0
21192,0.0,1,0.0
21193,4.0,0,-0.0
21194,10.0,0,3.0
21195,0.0,0,0.0
21196,0.0,0,0.0
21197,25.0,0,-0.0
21198,31.0,0,0.0
21199,23.0,0,0.0
21200,23.0,0,1.0
21201,17.0,0,1.0
21202,0.0,0,2.0
21203,16.0,0,-3.0
21204,31.0,0,-0.0
21205,0.0,1,0.0
21206,24.0,0,-1.0
21207,14.0,0,-1.0
21208,0.0,0,0.0
21209,3.0,0,2.0
21210,0.0,0,2.0
21211,0.0,0,2.0
21212,0.0,0,4.0
21213,27.0,0,1.0
21214,10.0,0,3.0
21215,13.0,0,1.0
21216,31.0,0,-2.0
21217,8.0,0,0.0
21218,20.0,0,1.0
21219,19.0,0,1.0
21220,12.0,0,0.0
21221,0.0,0,2.0
21222,28.0,1,3.0
21223,27.0,0,-0.0
21224,31.0,1,0.0
21225,0.0,0,3.0
21226,24.0,1,3.0
21227,16.0,0,-1.0
21228,30.0,0,1.0
21229,0.0,0,0.0
21230,0.0,0,0.0
21231,29.0,1,0.0
21232,25.0,0,3.0
21233,31.0,1,0.0
21234,17.0,0,1.0
21235,15.0,1,1.0
21236,30.0,0,1.0
21237,14.0,0,1.0
21238,0.0,0,2.0
21239,0.0,0,0.0
21240,24.0,0,1.0
21241,28.0,1,2.0
21242,5.0,0,1.0
21243,0.0,0,0.0
21244,16.0,1,1.0
21245,15.0,0,-1.0
21246,30.0,1,1.0
21247,31.0,0,0.0
21248,0.0,0,1.0
21249,7.0,0,3.0
21250,0.0,0,0.0
21251,0.0,0,0.0
21252,0.0,0,3.0
21253,29.0,0,-0.0
21254,16.0,0,2.0
21255,0.0,0,0.0
21256,28.0,1,1.0
21257,29.0,0,0.0
21258,0.0,0,1.0
21259,31.0,0,0.0
21260,27.0,0,0.0
21261,0.0,0,1.0
21262,1.0,1,1.0
21263,22.0,1,0.0
21264,13.0,1,4.0
21265,0.0,0,0.0
21266,23.0,1,2.0
21267,0.0,0,0.0
21268,24.0,0,-1.0
21269,31.0,0,-1.0
21270,28.0,1,2.0
21271,15.0,1,-3.0
21272,19.0,0,2.0
21273,16.0,0,3.0
21274,30.0,0,1.0
21275,0.0,0,0.0
21276,0.0,0,0.0
21277,24.0,1,-2.0
21278,1.0,1,1.0
21279,13.0,0,-1.0
21280,16.0,0,-2.0
21281,22.0,0,-1.0
21282,12.0,0,2.0
21283,27.0,0,1.0
21284,0.0,0,0.0
21285,19.0,1,1.0
21286,21.0,1,0.0
21287,22.0,0,1.0
21288,19.0,0,1.0
21289,0.0,0,3.0
21290,24.0,0,3.0
21291,0.0,0,0.0
21292,0.0,0,0.0
21293,0.0,0,2.0
21294,0.0,0,0.0
21295,21.0,0,1.0
21296,17.0,0,-0.0
21297,17.0,0,-2.0
21298,0.0,0,0.0
21299,0.0,0,3.0
21300,31.0,0,0.0
21301,24.0,1,2.0
21302,21.0,0,2.0
21303,22.0,0,2.0
21304,0.0,0,0.0
21305,22.0,1,-0.0
21306,30.0,0,0.0
21307,0.0,0,0.0
21308,16.0,0,3.0
21309,30.0,0,-1.0
21310,26.0,1,1.0
21311,13.0,0,-0.0
21312,2.0,1,2.0
21313,21.0,0,2.0
21314,14.0,0,1.0
21315,0.0,0,0.0
21316,17.0,1,3.0
21317,6.0,1,0.0
21318,0.0,0,0.0
21319,4.0,1,-1.0
21320,0.0,0,0.0
21321,17.0,0,4.0
21322,9.0,0,-1.0
21323,17.0,0,3.0
21324,23.0,0,1.0
21325,23.0,0,2.0
21326,3.0,0,-2.0
21327,2.0,0,2.0
21328,0.0,0,1.0
21329,17.0,0,1.0
21330,24.0,0,1.0
21331,31.0,0,0.0
21332,16.0,1,-1.0
21333,0.0,0,0.0
21334,18.0,0,2.0
21335,16.0,0,-1.0
21336,28.0,0,-1.0
21337,29.0,0,1.0
21338,20.0,0,1.0
21339,1.0,1,1.0
21340,29.0,0,-1.0
21341,27.0,0,-1.0
21342,2.0,0,-1.0
21343,30.0,0,1.0
21344,0.0,0,2.0
21345,24.0,0,3.0
21346,0.0,0,0.0
21347,23.0,0,2.0
21348,20.0,0,2.0
21349,20.0,0,-1.0
21350,24.0,0,1.0
21351,25.0,0,-2.0
21352,31.0,0,-1.0
21353,0.0,0,1.0
21354,31.0,0,-1.0
21355,8.0,0,4.0
21356,19.0,0,1.0
21357,31.0,0,0.0
21358,30.0,0,1.0
21359,0.0,0,1.0
21360,19.0,0,0.0
21361,21.0,0,1.0
21362,23.0,0,1.0
21363,0.0,1,0.0
21364,22.0,0,2.0
21365,22.0,1,1.0
21366,30.0,0,1.0
21367,14.0,0,2.0
21368,31.0,0,0.0
21369,5.0,0,3.0
21370,12.0,1,3.0
21371,31.0,0,0.0
21372,15.0,1,-0.0
21373,18.0,0,1.0
21374,11.0,0,1.0
21375,14.0,0,2.0
21376,0.0,0,0.0
21377,31.0,0,-1.0
21378,31.0,0,0.0
21379,0.0,1,0.0
21380,31.0,0,0.0
21381,28.0,0,2.0
21382,25.0,0,1.0
21383,0.0,0,0.0
21384,20.0,0,-1.0
21385,27.0,0,3.0
21386,21.0,0,-1.0
21387,31.0,0,0.0
21388,28.0,0,1.0
21389,1.0,1,1.0
21390,19.0,0,-0.0
21391,0.0,0,1.0
21392,13.0,0,3.0
21393,0.0,0,1.0
21394,22.0,0,2.0
21395,0.0,0,1.0
21396,14.0,0,2.0
21397,0.0,0,4.0
21398,0.0,0,0.0
21399,23.0,1,3.0
21400,30.0,0,-0.0
21401,0.0,1,0.0
21402,26.0,0,2.0
21403,31.0,0,0.0
21404,13.0,0,-1.0
21405,10.0,0,5.0
21406,19.0,0,-2.0
21407,4.0,0,-3.0
21408,23.0,0,1.0
21409,3.0,1,1.0
21410,3.0,1,2.0
21411,17.0,0,2.0
21412,0.0,0,0.0
21413,27.0,0,-2.0
21414,31.0,1,0.0
21415,30.0,0,1.0
21416,0.0,0,2.0
21417,19.0,0,-0.0
21418,25.0,0,4.0
21419,13.0,0,-0.0
21420,0.0,0,0.0
21421,30.0,0,1.0
21422,0.0,0,0.0
21423,31.0,1,2.0
21424,31.0,1,3.0
21425,29.0,0,1.0
21426,31.0,0,-4.0
21427,30.0,0,1.0
21428,10.0,0,1.0
21429,27.0,0,4.0
21430,31.0,0,0.0
21431,0.0,0,0.0
21432,9.0,1,1.0
21433,2.0,1,2.0
21434,31.0,0,0.0
21435,17.0,0,2.0
21436,15.0,0,2.0
21437,1.0,1,1.0
21438,12.0,0,1.0
21439,0.0,0,0.0
21440,22.0,0,-1.0
21441,0.0,0,2.0
21442,0.0,0,1.0
21443,13.0,0,3.0
21444,0.0,0,0.0
21445,31.0,1,2.0
21446,0.0,1,0.0
21447,0.0,1,0.0
21448,26.0,0,-1.0
21449,16.0,0,2.0
21450,29.0,0,2.0
21451,0.0,0,2.0
21452,17.0,0,3.0
21453,0.0,0,0.0
21454,31.0,1,0.0
21455,31.0,0,0.0
21456,31.0,0,0.0
21457,30.0,1,-0.0
21458,5.0,1,1.0
21459,0.0,0,0.0
21460,0.0,0,3.0
21461,0.0,0,0.0
21462,0.0,0,0.0
21463,24.0,1,1.0
21464,31.0,0,-3.0
21465,15.0,0,1.0
21466,24.0,0,3.0
21467,14.0,0,-4.0
21468,2.0,1,2.0
21469,2.0,0,4.0
21470,0.0,0,0.0
21471,0.0,0,0.0
21472,1.0,1,1.0
21473,29.0,0,2.0
21474,24.0,1,-2.0
21475,31.0,0,0.0
21476,29.0,0,2.0
21477,25.0,0,1.0
21478,0.0,0,1.0
21479,0.0,0,3.0
21480,0.0,0,2.0
21481,27.0,0,-0.0
21482,0.0,0,0.0
21483,29.0,1,-2.0
21484,27.0,0,-1.0
21485,0.0,0,2.0
21486,6.0,0,4.0
21487,28.0,0,0.0
21488,4.0,1,4.0
21489,0.0,0,0.0
21490,24.0,0,2.0
21491,31.0,0,-0.0
21492,7.0,0,5.0
21493,0.0,0,0.0
21494,0.0,0,3.0
21495,0.0,0,0.0
21496,8.0,0,1.0
21497,30.0,0,1.0
21498,31.0,0,0.0
21499,24.0,0,3.0
21500,25.0,0,2.0
21501,0.0,0,1.0
21502,23.0,0,-1.0
21503,0.0,0,0.0
21504,9.0,0,-0.0
21505,27.0,0,1.0
21506,10.0,0,1.0
21507,9.0,0,1.0
21508,9.0,0,-0.0
21509,26.0,1,1.0
21510,31.0,0,0.0
21511,0.0,0,0.0
21512,2.0,0,-0.0
21513,16.0,1,3.0
21514,0.0,0,1.0
21515,1.0,0,0.0
21516,13.0,0,0.0
21517,31.0,0,0.0
21518,31.0,0,0.0
21519,14.0,0,-1.0
21520,2.0,0,2.0
21521,15.0,0,1.0
21522,20.0,0,-2.0
21523,0.0,0,0.0
21524,0.0,0,0.0
21525,0.0,0,1.0
21526,0.0,0,2.0
21527,0.0,0,3.0
21528,0.0,0,2.0
21529,0.0,0,2.0
21530,31.0,0,0.0
21531,0.0,0,1.0
21532,0.0,0,2.0
21533,29.0,0,2.0
21534,0.0,0,0.0
21535,1.0,0,4.0
21536,17.0,0,-0.0
21537,0.0,0,0.0
21538,3.0,1,3.0
21539,0.0,0,4.0
21540,0.0,0,4.0
21541,0.0,0,2.0
21542,27.0,0,4.0
21543,31.0,1,2.0
21544,9.0,0,5.0
21545,21.0,0,1.0
21546,14.0,0,1.0
21547,2.0,1,2.0
21548,15.0,0,-2.0
21549,12.0,0,0.0
21550,14.0,0,-1.0
21551,18.0,0,-1.0
21552,0.0,0,1.0
21553,0.0,0,4.0
21554,0.0,0,2.0
21555,0.0,0,1.0
21556,0.0,0,2.0
21557,0.0,0,5.0
21558,28.0,0,1.0
21559,0.0,0,0.0
21560,27.0,0,2.0
21561,31.0,0,-0.0
21562,19.0,1,2.0
21563,9.0,0,-3.0
21564,0.0,0,2.0
21565,0.0,0,1.0
21566,0.0,0,0.0
21567,0.0,0,0.0
21568,29.0,0,2.0
21569,31.0,0,0.0
21570,12.0,0,3.0
21571,31.0,0,0.0
21572,0.0,0,0.0
21573,27.0,0,2.0
21574,31.0,0,0.0
21575,31.0,1,0.0
21576,0.0,0,0.0
21577,28.0,1,1.0
21578,15.0,1,0.0
21579,27.0,0,-1.0
21580,24.0,0,-1.0
21581,14.0,0,-3.0
21582,27.0,0,3.0
21583,29.0,0,1.0
21584,16.0,1,1.0
21585,7.0,0,-1.0
21586,0.0,0,4.0
21587,0.0,0,0.0
21588,1.0,1,1.0
21589,6.0,0,3.0
21590,31.0,0,-0.0
21591,31.0,0,0.0
21592,0.0,0,0.0
21593,0.0,0,4.0
21594,0.0,0,0.0
21595,30.0,0,0.0
21596,15.0,0,1.0
21597,0.0,0,0.0
21598,20.0,0,-1.0
21599,24.0,0,1.0
21600,1.0,0,6.0
21601,19.0,0,-3.0
21602,0.0,0,1.0
21603,17.0,1,1.0
21604,28.0,0,-0.0
21605,12.0,0,-1.0
21606,0.0,0,0.0
21607,31.0,0,0.0
21608,5.0,0,1.0
21609,0.0,0,0.0
21610,0.0,0,2.0
21611,13.0,0,1.0
21612,30.0,0,1.0
21613,18.0,0,3.0
21614,0.0,1,0.0
21615,10.0,0,1.0
21616,0.0,0,2.0
21617,31.0,0,0.0
21618,16.0,1,-1.0
21619,6.0,1,-1.0
21620,21.0,1,0.0
21621,0.0,0,0.0
21622,0.0,0,4.0
21623,20.0,0,1.0
21624,31.0,0,0.0
21625,16.0,1,-2.0
21626,0.0,0,1.0
21627,1.0,0,3.0
21628,15.0,0,-2.0
21629,18.0,0,1.0
21630,27.0,0,-1.0
21631,20.0,0,-1.0
21632,0.0,0,2.0
21633,25.0,0,-2.0
21634,1.0,1,1.0
21635,0.0,0,0.0
21636,0.0,0,2.0
21637,16.0,0,1.0
21638,0.0,0,0.0
21639,30.0,0,-3.0
21640,0.0,0,0.0
21641,24.0,1,1.0
21642,31.0,0,0.0
21643,14.0,0,-1.0
21644,0.0,0,0.0
21645,24.0,1,-2.0
21646,31.0,0,0.0
21647,3.0,0,-0.0
21648,11.0,0,3.0
21649,23.0,0,-1.0
21650,28.0,0,2.0
21651,29.0,0,-1.0
21652,30.0,0,1.0
21653,0.0,0,3.0
21654,0.0,0,2.0
21655,0.0,0,0.0
21656,26.0,0,1.0
21657,15.0,0,3.0
21658,28.0,0,1.0
21659,0.0,0,3.0
21660,29.0,0,2.0
21661,8.0,0,-1.0
21662,29.0,0,0.0
21663,9.0,0,-0.0
21664,9.0,0,1.0
21665,1.0,1,1.0
21666,1.0,0,-0.0
21667,31.0,0,0.0
21668,25.0,1,2.0
21669,0.0,0,0.0
21670,0.0,0,0.0
21671,18.0,0,1.0
21672,3.0,1,3.0
21673,0.0,0,1.0
21674,16.0,1,2.0
21675,6.0,0,2.0
21676,19.0,0,1.0
21677,24.0,0,3.0
21678,22.0,0,-1.0
21679,6.0,0,2.0
21680,0.0,0,1.0
21681,0.0,0,0.0
21682,0.0,0,2.0
21683,10.0,0,-1.0
21684,3.0,0,-2.0
21685,22.0,0,1.0
21686,0.0,0,0.0
21687,31.0,0,0.0
21688,0.0,0,0.0
21689,0.0,0,0.0
21690,31.0,0,0.0
21691,31.0,0,0.0
21692,28.0,0,2.0
21693,0.0,0,2.0
21694,0.0,0,0.0
21695,0.0,0,0.0
21696,0.0,0,6.0
21697,29.0,0,2.0
21698,31.0,1,0.0
21699,0.0,0,2.0
21700,31.0,0,0.0
21701,1.0,1,1.0
21702,30.0,0,-0.0
21703,16.0,0,0.0
21704,26.0,0,-2.0
21705,4.0,0,0.0
21706,0.0,0,0.0
21707,26.0,0,3.0
21708,0.0,0,3.0
21709,0.0,0,3.0
21710,21.0,0,-1.0
21711,0.0,0,0.0
21712,0.0,0,3.0
21713,5.0,0,5.0
21714,2.0,1,0.0
21715,21.0,0,1.0
21716,26.0,0,2.0
21717,0.0,0,2.0
21718,3.0,0,2.0
21719,16.0,0,0.0
21720,12.0,0,-2.0
21721,18.0,1,3.0
21722,0.0,0,2.0
21723,0.0,0,2.0
21724,22.0,0,1.0
21725,16.0,0,-2.0
21726,0.0,0,1.0
21727,28.0,0,3.0
21728,0.0,0,2.0
21729,14.0,0,0.0
21730,29.0,0,-2.0
21731,29.0,0,-1.0
21732,0.0,0,0.0
21733,24.0,0,3.0
21734,31.0,0,0.0
21735,10.0,0,1.0
21736,23.0,0,-1.0
21737,18.0,0,1.0
21738,3.0,0,-0.0
21739,0.0,1,0.0
21740,30.0,0,1.0
21741,0.0,0,3.0
21742,13.0,0,2.0
21743,6.0,0,3.0
21744,31.0,0,-0.0
21745,0.0,0,0.0
21746,0.0,0,1.0
21747,26.0,0,1.0
21748,31.0,0,0.0
21749,0.0,0,2.0
21750,21.0,0,1.0
21751,17.0,0,4.0
21752,24.0,1,3.0
21753,0.0,0,0.0
21754,2.0,0,2.0
21755,0.0,0,0.0
21756,15.0,1,1.0
21757,7.0,1,-1.0
21758,27.0,0,2.0
21759,29.0,0,1.0
21760,20.0,0,-2.0
21761,19.0,1,1.0
21762,11.0,0,1.0
21763,0.0,0,0.0
21764,0.0,0,0.0
21765,15.0,0,1.0
21766,0.0,0,0.0
21767,31.0,0,0.0
21768,4.0,0,5.0
21769,0.0,0,3.0
21770,0.0,0,0.0
21771,15.0,0,2.0
21772,22.0,0,1.0
21773,31.0,0,0.0
21774,0.0,0,1.0
21775,25.0,1,2.0
21776,0.0,0,0.0
21777,0.0,0,0.0
21778,0.0,0,0.0
21779,25.0,0,2.0
21780,20.0,0,5.0
21781,1.0,1,1.0
21782,9.0,0,-1.0
21783,19.0,0,0.0
21784,0.0,0,0.0
21785,30.0,0,1.0
21786,0.0,0,1.0
21787,31.0,0,0.0
21788,0.0,1,0.0
21789,18.0,0,2.0
21790,0.0,0,0.0
21791,20.0,0,3.0
21792,0.0,0,0.0
21793,13.0,1,4.0
21794,0.0,0,0.0
21795,2.0,0,-0.0
21796,23.0,0,2.0
21797,21.0,0,1.0
21798,0.0,0,2.0
21799,12.0,0,0.0
21800,0.0,0,0.0
21801,1.0,1,1.0
21802,0.0,0,0.0
21803,11.0,0,-0.0
21804,25.0,0,2.0
21805,29.0,1,-1.0
21806,0.0,0,0.0
21807,31.0,0,0.0
21808,11.0,0,1.0
21809,31.0,0,0.0
21810,0.0,1,0.0
21811,0.0,0,0.0
21812,0.0,0,0.0
21813,0.0,0,0.0
21814,0.0,0,2.0
21815,0.0,0,0.0
21816,0.0,0,0.0
21817,23.0,1,-1.0
21818,31.0,0,0.0
21819,23.0,0,1.0
21820,26.0,0,2.0
21821,22.0,0,0.0
21822,31.0,0,0.0
21823,0.0,0,3.0
21824,0.0,0,4.0
21825,29.0,1,4.0
21826,31.0,0,0.0
21827,0.0,0,7.0
21828,0.0,0,1.0
21829,24.0,1,1.0
21830,6.0,0,1.0
21831,20.0,0,1.0
21832,31.0,0,0.0
21833,4.0,0,-1.0
21834,0.0,0,2.0
21835,1.0,1,1.0
21836,4.0,0,2.0
21837,8.0,1,-2.0
21838,16.0,0,3.0
21839,0.0,0,0.0
21840,16.0,0,-2.0
21841,28.0,0,2.0
21842,15.0,0,3.0
21843,21.0,0,-1.0
21844,26.0,0,-2.0
21845,10.0,1,0.0
21846,31.0,0,0.0
21847,25.0,0,1.0
21848,0.0,0,2.0
21849,21.0,0,1.0
21850,0.0,1,0.0
21851,27.0,0,2.0
21852,0.0,0,2.0
21853,31.0,1,0.0
21854,21.0,1,1.0
21855,29.0,0,-0.0
21856,25.0,0,1.0
21857,23.0,0,-4.0
21858,26.0,0,2.0
21859,27.0,0,3.0
21860,19.0,0,1.0
21861,8.0,0,1.0
21862,29.0,0,-1.0
21863,0.0,0,3.0
21864,15.0,0,-0.0
21865,0.0,0,1.0
21866,2.0,1,2.0
21867,13.0,0,3.0
21868,0.0,0,0.0
21869,0.0,0,0.0
21870,24.0,0,1.0
21871,0.0,0,0.0
21872,30.0,0,1.0
21873,9.0,0,1.0
21874,1.0,0,2.0
21875,0.0,0,2.0
21876,0.0,0,3.0
21877,0.0,0,0.0
21878,24.0,0,-1.0
21879,17.0,0,2.0
21880,14.0,0,5.0
21881,13.0,0,1.0
21882,7.0,0,3.0
21883,28.0,0,1.0
21884,23.0,0,2.0
21885,30.0,1,0.0
21886,9.0,1,3.0
21887,3.0,1,3.0
21888,0.0,0,0.0
21889,31.0,0,0.0
21890,25.0,0,1.0
21891,0.0,0,2.0
21892,1.0,1,1.0
21893,27.0,0,3.0
21894,3.0,1,3.0
21895,2.0,1,2.0
21896,26.0,1,-0.0
21897,26.0,0,2.0
21898,0.0,0,2.0
21899,18.0,0,3.0
21900,0.0,0,2.0
21901,0.0,0,0.0
21902,11.0,0,5.0
21903,0.0,0,2.0
21904,26.0,1,0.0
21905,0.0,0,1.0
21906,31.0,0,-0.0
21907,4.0,0,2.0
21908,15.0,1,2.0
21909,6.0,0,0.0
21910,0.0,0,0.0
21911,10.0,0,1.0
21912,0.0,1,0.0
21913,29.0,0,-1.0
21914,0.0,0,5.0
21915,0.0,0,3.0
21916,0.0,0,1.0
21917,30.0,0,1.0
21918,0.0,0,0.0
21919,0.0,0,0.0
21920,31.0,0,0.0
21921,25.0,0,-0.0
21922,21.0,0,-1.0
21923,10.0,0,1.0
21924,0.0,0,1.0
21925,0.0,0,0.0
21926,4.0,1,4.0
21927,9.0,0,-1.0
21928,0.0,0,0.0
21929,3.0,0,-0.0
21930,1.0,0,3.0
21931,0.0,0,1.0
21932,4.0,1,4.0
21933,14.0,0,1.0
21934,0.0,0,2.0
21935,0.0,1,0.0
21936,14.0,0,0.0
21937,31.0,0,0.0
21938,0.0,0,0.0
21939,2.0,0,2.0
21940,0.0,0,0.0
21941,13.0,0,1.0
21942,0.0,0,0.0
21943,16.0,0,4.0
21944,0.0,0,1.0
21945,30.0,0,1.0
21946,23.0,1,3.0
21947,1.0,1,1.0
21948,15.0,0,0.0
21949,31.0,1,3.0
21950,13.0,0,1.0
21951,0.0,0,0.0
21952,7.0,0,1.0
21953,14.0,0,3.0
21954,31.0,0,0.0
21955,11.0,1,2.0
21956,0.0,0,0.0
21957,23.0,0,-0.0
21958,28.0,0,-0.0
21959,20.0,0,-1.0
21960,0.0,0,3.0
21961,19.0,0,1.0
21962,12.0,0,3.0
21963,0.0,0,1.0
21964,31.0,0,0.0
21965,0.0,1,0.0
21966,31.0,0,0.0
21967,16.0,0,2.0
21968,31.0,1,0.0
21969,0.0,0,4.0
21970,22.0,0,2.0
21971,0.0,0,0.0
21972,19.0,0,-0.0
21973,0.0,0,2.0
21974,19.0,0,3.0
21975,4.0,0,4.0
21976,0.0,0,1.0
21977,25.0,1,-2.0
21978,28.0,0,1.0
21979,21.0,0,1.0
21980,0.0,0,0.0
21981,31.0,0,0.0
21982,0.0,1,0.0
21983,10.0,0,-1.0
21984,0.0,0,4.0
21985,19.0,0,-1.0
21986,0.0,0,0.0
21987,25.0,0,-1.0
21988,0.0,1,0.0
21989,0.0,0,2.0
21990,0.0,0,0.0
21991,0.0,0,1.0
21992,18.0,0,2.0
21993,30.0,1,-1.0
21994,0.0,0,2.0
21995,16.0,0,1.0
21996,2.0,1,2.0
21997,21.0,1,5.0
21998,0.0,0,2.0
21999,0.0,0,0.0
22000,0.0,0,1.0
22001,24.0,0,1.0
22002,28.0,0,1.0
22003,0.0,0,0.0
22004,20.0,0,3.0
22005,6.0,1,2.0
22006,0.0,0,1.0
22007,8.0,1,-1.0
22008,0.0,1,0.0
22009,11.0,0,7.0
22010,27.0,0,-1.0
22011,0.0,0,3.0
22012,0.0,0,2.0
22013,30.0,0,0.0
22014,26.0,0,4.0
22015,0.0,0,0.0
22016,31.0,1,0.0
22017,3.0,1,-1.0
22018,18.0,0,2.0
22019,11.0,0,0.0
22020,28.0,0,0.0
22021,31.0,0,-1.0
22022,4.0,1,4.0
22023,0.0,0,1.0
22024,30.0,0,1.0
22025,19.0,0,-1.0
22026,0.0,0,0.0
22027,22.0,1,2.0
22028,2.0,1,2.0
22029,31.0,1,1.0
22030,11.0,0,2.0
22031,18.0,0,7.0
22032,0.0,0,3.0
22033,25.0,0,1.0
22034,31.0,0,0.0
22035,9.0,0,-3.0
22036,8.0,0,2.0
22037,0.0,0,0.0
22038,0.0,0,0.0
22039,24.0,0,3.0
22040,13.0,0,0.0
22041,0.0,0,1.0
22042,10.0,0,1.0
22043,5.0,0,2.0
22044,31.0,0,0.0
22045,31.0,0,0.0
22046,31.0,0,0.0
22047,28.0,0,2.0
22048,0.0,0,0.0
22049,0.0,0,3.0
22050,6.0,0,-2.0
22051,0.0,0,2.0
22052,29.0,0,2.0
22053,0.0,0,3.0
22054,11.0,0,-1.0
22055,17.0,0,-0.0
22056,0.0,0,0.0
22057,2.0,0,2.0
22058,0.0,0,0.0
22059,0.0,0,1.0
22060,22.0,1,6.0
22061,0.0,0,3.0
22062,31.0,0,0.0
22063,15.0,1,2.0
22064,5.0,1,-4.0
22065,0.0,0,0.0
22066,29.0,0,2.0
22067,6.0,0,1.0
22068,11.0,0,0.0
22069,14.0,0,-0.0
22070,10.0,0,1.0
22071,9.0,0,1.0
22072,31.0,0,0.0
22073,16.0,0,1.0
22074,7.0,0,1.0
22075,12.0,0,-1.0
22076,13.0,0,0.0
22077,0.0,0,0.0
22078,0.0,0,2.0
22079,30.0,0,0.0
22080,20.0,0,-0.0
22081,2.0,1,1.0
22082,0.0,0,0.0
22083,0.0,0,0.0
22084,0.0,0,0.0
22085,5.0,0,3.0
22086,16.0,1,2.0
22087,0.0,1,0.0
22088,28.0,0,1.0
22089,0.0,0,0.0
22090,0.0,0,4.0
22091,16.0,0,0.0
22092,5.0,0,-1.0
22093,0.0,1,0.0
22094,18.0,0,-1.0
22095,0.0,0,0.0
22096,0.0,0,3.0
22097,30.0,0,1.0
22098,0.0,0,2.0
22099,29.0,0,2.0
22100,26.0,0,-1.0
22101,0.0,0,0.0
22102,27.0,0,3.0
22103,0.0,0,1.0
22104,21.0,0,2.0
22105,0.0,0,0.0
22106,24.0,1,1.0
22107,7.0,0,-0.0
22108,16.0,0,-0.0
22109,3.0,0,0.0
22110,14.0,0,2.0
22111,19.0,0,1.0
22112,26.0,0,-0.0
22113,0.0,0,0.0
22114,28.0,0,1.0
22115,31.0,0,0.0
22116,0.0,0,0.0
22117,0.0,0,2.0
22118,29.0,1,1.0
22119,22.0,0,3.0
22120,31.0,0,-1.0
22121,29.0,1,-1.0
22122,0.0,1,0.0
22123,0.0,0,0.0
22124,31.0,0,0.0
22125,24.0,0,-0.0
22126,0.0,0,3.0
22127,1.0,0,2.0
22128,9.0,0,3.0
22129,0.0,0,0.0
22130,0.0,0,0.0
22131,20.0,1,1.0
22132,0.0,0,0.0
22133,28.0,0,0.0
22134,0.0,0,1.0
22135,28.0,0,-0.0
22136,26.0,0,5.0
22137,0.0,0,2.0
22138,0.0,0,1.0
22139,0.0,0,3.0
22140,0.0,0,0.0
22141,29.0,1,-2.0
22142,27.0,0,-0.0
22143,0.0,1,0.0
22144,0.0,0,1.0
22145,0.0,0,2.0
22146,0.0,0,2.0
22147,0.0,0,3.0
22148,14.0,0,3.0
22149,21.0,0,2.0
22150,0.0,0,0.0
22151,31.0,0,0.0
22152,28.0,0,-0.0
22153,4.0,1,4.0
22154,0.0,0,2.0
22155,0.0,0,0.0
22156,10.0,0,2.0
22157,31.0,0,0.0
22158,0.0,0,3.0
22159,31.0,1,0.0
22160,0.0,0,2.0
22161,11.0,0,1.0
22162,31.0,1,0.0
22163,30.0,0,0.0
22164,0.0,0,2.0
22165,0.0,0,4.0
22166,27.0,0,1.0
22167,5.0,0,2.0
22168,25.0,0,-2.0
22169,13.0,0,1.0
22170,0.0,0,2.0
22171,31.0,0,-1.0
22172,19.0,0,2.0
22173,10.0,0,4.0
22174,0.0,0,7.0
22175,10.0,0,-2.0
22176,0.0,0,0.0
22177,24.0,0,0.0
22178,0.0,0,2.0
22179,31.0,0,0.0
22180,0.0,0,2.0
22181,0.0,0,1.0
22182,26.0,0,5.0
22183,6.0,0,-2.0
22184,12.0,1,-0.0
22185,31.0,0,0.0
22186,0.0,0,1.0
22187,0.0,0,2.0
22188,16.0,1,1.0
22189,31.0,0,0.0
22190,30.0,0,-1.0
22191,17.0,0,2.0
22192,23.0,0,2.0
22193,0.0,0,0.0
22194,0.0,0,1.0
22195,14.0,0,-2.0
22196,0.0,0,1.0
22197,31.0,0,0.0
22198,12.0,0,2.0
22199,26.0,0,1.0
22200,0.0,0,1.0
22201,28.0,0,-1.0
22202,26.0,0,2.0
22203,29.0,0,1.0
22204,31.0,0,0.0
22205,0.0,0,4.0
22206,28.0,0,1.0
22207,0.0,0,0.0
22208,26.0,0,1.0
22209,0.0,0,0.0
22210,29.0,0,-0.0
22211,0.0,0,2.0
22212,17.0,0,-0.0
22213,16.0,0,-1.0
22214,18.0,0,2.0
22215,24.0,1,-2.0
22216,0.0,0,3.0
22217,0.0,0,3.0
22218,27.0,0,1.0
22219,27.0,0,3.0
22220,0.0,0,2.0
22221,7.0,0,1.0
22222,0.0,0,0.0
22223,2.0,0,1.0
22224,0.0,0,2.0
22225,2.0,1,2.0
22226,29.0,0,-1.0
22227,31.0,0,0.0
22228,2.0,0,2.0
22229,11.0,0,1.0
22230,0.0,0,0.0
22231,28.0,0,0.0
22232,0.0,0,1.0
22233,1.0,1,1.0
22234,0.0,0,3.0
22235,0.0,0,0.0
22236,25.0,0,3.0
22237,6.0,1,1.0
22238,17.0,1,2.0
22239,0.0,0,1.0
22240,0.0,0,2.0
22241,7.0,0,-0.0
22242,15.0,0,0.0
22243,11.0,1,-1.0
22244,31.0,0,0.0
22245,0.0,0,1.0
22246,0.0,0,4.0
22247,0.0,0,0.0
22248,0.0,0,2.0
22249,24.0,0,3.0
22250,12.0,0,-1.0
22251,31.0,1,0.0
22252,0.0,0,1.0
22253,0.0,0,0.0
22254,13.0,1,1.0
22255,22.0,0,1.0
22256,28.0,0,3.0
22257,0.0,0,1.0
22258,27.0,0,2.0
22259,1.0,1,1.0
22260,0.0,1,-1.0
22261,13.0,0,-0.0
22262,21.0,0,0.0
22263,31.0,1,0.0
22264,0.0,0,4.0
22265,31.0,0,0.0
22266,13.0,0,3.0
22267,0.0,0,0.0
22268,15.0,0,1.0
22269,0.0,0,3.0
22270,0.0,0,1.0
22271,16.0,0,1.0
22272,26.0,0,3.0
22273,14.0,0,-2.0
22274,2.0,1,2.0
22275,11.0,1,2.0
22276,31.0,0,-4.0
22277,31.0,0,0.0
22278,12.0,0,-2.0
22279,0.0,0,4.0
22280,0.0,1,0.0
22281,18.0,0,2.0
22282,31.0,0,0.0
22283,31.0,0,-1.0
22284,0.0,0,3.0
22285,0.0,0,1.0
22286,27.0,0,0.0
22287,14.0,0,2.0
22288,21.0,0,-2.0
22289,22.0,1,-0.0
22290,0.0,0,5.0
22291,23.0,1,3.0
22292,16.0,0,-1.0
22293,13.0,0,1.0
22294,0.0,0,0.0
22295,0.0,0,2.0
22296,0.0,0,1.0
22297,31.0,1,0.0
22298,0.0,0,0.0
22299,0.0,0,0.0
22300,0.0,0,4.0
22301,23.0,0,3.0
22302,0.0,1,0.0
22303,0.0,0,2.0
22304,3.0,1,3.0
22305,16.0,0,1.0
22306,31.0,1,2.0
22307,0.0,0,4.0
22308,0.0,0,4.0
22309,0.0,0,0.0
22310,0.0,0,1.0
22311,31.0,0,0.0
22312,27.0,0,0.0
22313,26.0,0,1.0
22314,18.0,0,-0.0
22315,9.0,0,2.0
22316,0.0,0,2.0
22317,10.0,0,-2.0
22318,30.0,1,0.0
22319,11.0,0,1.0
22320,20.0,0,1.0
22321,22.0,0,6.0
22322,25.0,0,1.0
22323,26.0,0,4.0
22324,0.0,0,0.0
22325,0.0,0,3.0
22326,18.0,1,0.0
22327,30.0,1,1.0
22328,2.0,1,2.0
22329,24.0,0,2.0
22330,31.0,0,0.0
22331,0.0,0,1.0
22332,18.0,0,1.0
22333,29.0,0,-0.0
22334,30.0,0,-0.0
22335,8.0,0,1.0
22336,0.0,0,2.0
22337,1.0,1,1.0
22338,31.0,1,0.0
22339,26.0,0,2.0
22340,12.0,0,2.0
22341,28.0,0,2.0
22342,14.0,0,0.0
22343,31.0,1,1.0
22344,2.0,0,-2.0
22345,0.0,0,0.0
22346,0.0,0,0.0
22347,13.0,0,1.0
22348,24.0,0,-1.0
22349,27.0,1,-2.0
22350,24.0,0,-0.0
22351,0.0,0,0.0
22352,0.0,0,1.0
22353,0.0,0,4.0
22354,18.0,0,0.0
22355,8.0,0,4.0
22356,0.0,0,0.0
22357,0.0,0,1.0
22358,0.0,0,4.0
22359,8.0,0,1.0
22360,31.0,0,0.0
22361,13.0,0,-1.0
22362,13.0,0,1.0
22363,0.0,0,0.0
22364,0.0,0,0.0
22365,0.0,0,2.0
22366,0.0,0,1.0
22367,0.0,0,3.0
22368,0.0,0,1.0
22369,22.0,0,-3.0
22370,0.0,0,1.0
22371,15.0,0,3.0
22372,19.0,0,2.0
22373,24.0,1,2.0
22374,0.0,0,0.0
22375,0.0,0,0.0
22376,21.0,0,-1.0
22377,0.0,0,0.0
22378,0.0,0,1.0
22379,31.0,0,0.0
22380,0.0,0,0.0
22381,5.0,0,-1.0
22382,0.0,0,0.0
22383,31.0,1,1.0
22384,0.0,0,0.0
22385,13.0,0,2.0
22386,17.0,1,2.0
22387,25.0,1,0.0
22388,0.0,0,4.0
22389,18.0,0,9.0
22390,0.0,0,4.0
22391,0.0,0,4.0
22392,0.0,0,0.0
22393,0.0,0,2.0
22394,22.0,0,-0.0
22395,11.0,0,2.0
22396,0.0,0,3.0
22397,30.0,0,1.0
22398,0.0,0,0.0
22399,17.0,0,1.0
22400,22.0,0,2.0
22401,31.0,0,0.0
22402,0.0,0,0.0
22403,9.0,0,3.0
22404,23.0,0,0.0
22405,31.0,0,0.0
22406,30.0,0,1.0
22407,0.0,0,0.0
22408,0.0,0,2.0
22409,0.0,0,0.0
22410,4.0,0,-2.0
22411,14.0,1,-1.0
22412,25.0,0,1.0
22413,4.0,0,1.0
22414,26.0,0,0.0
22415,20.0,0,4.0
22416,1.0,1,1.0
22417,25.0,0,-1.0
22418,8.0,1,1.0
22419,26.0,1,3.0
22420,13.0,1,1.0
22421,23.0,0,3.0
22422,0.0,0,2.0
22423,11.0,0,-2.0
22424,0.0,0,3.0
22425,23.0,1,2.0
22426,31.0,0,0.0
22427,0.0,0,0.0
22428,30.0,0,-0.0
22429,29.0,0,2.0
22430,0.0,1,0.0
22431,0.0,0,0.0
22432,0.0,0,0.0
22433,31.0,0,0.0
22434,22.0,0,1.0
22435,0.0,0,3.0
22436,13.0,0,1.0
22437,30.0,0,1.0
22438,0.0,0,6.0
22439,0.0,0,0.0
22440,23.0,0,1.0
22441,18.0,0,2.0
22442,23.0,0,1.0
22443,0.0,0,0.0
22444,0.0,0,1.0
22445,0.0,0,0.0
22446,24.0,0,2.0
22447,30.0,0,-0.0
22448,0.0,0,1.0
22449,0.0,0,0.0
22450,0.0,0,1.0
22451,6.0,0,0.0
22452,0.0,0,0.0
22453,11.0,0,1.0
22454,9.0,0,2.0
22455,23.0,0,3.0
22456,5.0,0,2.0
22457,0.0,0,0.0
22458,29.0,0,2.0
22459,10.0,0,-3.0
22460,25.0,0,2.0
22461,15.0,0,4.0
22462,0.0,0,0.0
22463,21.0,0,2.0
22464,10.0,0,1.0
22465,0.0,0,0.0
22466,0.0,0,2.0
22467,22.0,0,2.0
22468,21.0,0,-1.0
22469,29.0,0,2.0
22470,24.0,1,1.0
22471,0.0,1,0.0
22472,0.0,0,2.0
22473,25.0,0,1.0
22474,31.0,0,0.0
22475,30.0,0,1.0
22476,1.0,1,1.0
22477,31.0,0,0.0
22478,17.0,0,1.0
22479,0.0,0,1.0
22480,19.0,1,-0.0
22481,0.0,0,0.0
22482,23.0,0,1.0
22483,25.0,0,2.0
22484,18.0,0,-2.0
22485,0.0,1,0.0
22486,23.0,0,2.0
22487,0.0,0,2.0
22488,0.0,0,0.0
22489,0.0,0,0.0
22490,0.0,0,0.0
22491,27.0,0,2.0
22492,29.0,0,2.0
22493,24.0,0,4.0
22494,0.0,0,1.0
22495,0.0,0,0.0
22496,0.0,0,2.0
22497,0.0,0,1.0
22498,0.0,0,1.0
22499,31.0,1,3.0
22500,19.0,1,2.0
22501,0.0,0,0.0
22502,21.0,0,3.0
22503,0.0,0,4.0
22504,5.0,0,3.0
22505,25.0,0,2.0
22506,13.0,0,1.0
22507,0.0,0,5.0
22508,12.0,0,3.0
22509,15.0,0,-3.0
22510,31.0,0,-4.0
22511,31.0,1,1.0
22512,27.0,1,2.0
22513,30.0,0,1.0
22514,12.0,0,1.0
22515,0.0,0,0.0
22516,26.0,0,2.0
22517,18.0,0,-1.0
22518,29.0,1,-0.0
22519,16.0,0,2.0
22520,16.0,0,1.0
22521,26.0,0,2.0
22522,0.0,0,1.0
22523,28.0,0,0.0
22524,0.0,0,2.0
22525,11.0,0,1.0
22526,0.0,0,0.0
22527,31.0,0,-0.0
22528,0.0,0,0.0
22529,31.0,0,0.0
22530,27.0,0,4.0
22531,0.0,0,3.0
22532,0.0,0,2.0
22533,0.0,0,2.0
22534,31.0,0,0.0
22535,25.0,0,4.0
22536,0.0,0,0.0
22537,0.0,0,1.0
22538,22.0,0,0.0
22539,9.0,0,-2.0
22540,26.0,0,2.0
22541,28.0,0,-1.0
22542,7.0,0,0.0
22543,5.0,0,2.0
22544,30.0,0,1.0
22545,15.0,0,1.0
22546,0.0,0,4.0
22547,21.0,1,-0.0
22548,28.0,0,3.0
22549,4.0,1,1.0
22550,20.0,0,-2.0
22551,7.0,0,3.0
22552,26.0,0,1.0
22553,31.0,0,-2.0
22554,0.0,0,2.0
22555,0.0,0,4.0
22556,16.0,0,-1.0
22557,30.0,0,1.0
22558,0.0,0,0.0
22559,0.0,0,3.0
22560,1.0,1,1.0
22561,1.0,1,1.0
22562,2.0,1,2.0
22563,8.0,0,2.0
22564,18.0,0,2.0
22565,23.0,0,-1.0
22566,4.0,0,1.0
22567,0.0,0,1.0
22568,24.0,0,3.0
22569,0.0,0,8.0
22570,1.0,0,3.0
22571,2.0,0,-2.0
22572,0.0,0,2.0
22573,0.0,0,0.0
22574,0.0,0,2.0
22575,31.0,0,0.0
22576,8.0,0,2.0
22577,28.0,0,0.0
22578,18.0,0,-0.0
22579,24.0,0,3.0
22580,22.0,0,3.0
22581,12.0,0,0.0
22582,0.0,0,0.0
22583,0.0,0,2.0
22584,0.0,0,1.0
22585,0.0,0,3.0
22586,0.0,0,1.0
22587,16.0,1,1.0
22588,0.0,0,4.0
22589,29.0,0,0.0
22590,31.0,0,0.0
22591,25.0,0,2.0
22592,30.0,1,3.0
22593,12.0,0,2.0
22594,26.0,0,1.0
22595,0.0,1,0.0
22596,31.0,0,0.0
22597,0.0,0,0.0
22598,13.0,0,-0.0
22599,0.0,0,0.0
22600,0.0,0,0.0
22601,3.0,1,3.0
22602,15.0,0,1.0
22603,0.0,0,1.0
22604,0.0,0,1.0
22605,18.0,0,1.0
22606,28.0,0,-0.0
22607,17.0,0,1.0
22608,0.0,0,2.0
22609,8.0,0,4.0
22610,0.0,0,0.0
22611,13.0,0,3.0
22612,18.0,0,2.0
22613,0.0,0,1.0
22614,0.0,0,2.0
22615,0.0,0,4.0
22616,18.0,1,1.0
22617,0.0,0,1.0
22618,3.0,1,3.0
22619,6.0,0,0.0
22620,26.0,0,-2.0
22621,31.0,0,0.0
22622,17.0,0,-0.0
22623,18.0,0,2.0
22624,0.0,0,2.0
22625,25.0,0,1.0
22626,0.0,0,0.0
22627,10.0,0,0.0
22628,17.0,0,1.0
22629,22.0,0,-2.0
22630,0.0,0,0.0
22631,0.0,0,2.0
22632,0.0,0,0.0
22633,0.0,0,0.0
22634,23.0,0,1.0
22635,20.0,0,-3.0
22636,25.0,0,-2.0
22637,0.0,0,1.0
22638,0.0,1,0.0
22639,31.0,0,-4.0
22640,0.0,0,4.0
22641,23.0,0,0.0
22642,11.0,0,-1.0
22643,11.0,0,-1.0
22644,20.0,0,1.0
22645,0.0,0,2.0
22646,26.0,0,1.0
22647,3.0,1,3.0
22648,0.0,0,1.0
22649,0.0,0,2.0
22650,27.0,0,0.0
22651,0.0,0,5.0
22652,20.0,0,-0.0
22653,20.0,0,-0.0
22654,30.0,0,1.0
22655,27.0,0,2.0
22656,0.0,0,1.0
22657,24.0,0,2.0
22658,30.0,0,1.0
22659,9.0,0,3.0
22660,29.0,0,0.0
22661,3.0,0,-2.0
22662,5.0,0,0.0
22663,0.0,0,2.0
22664,15.0,0,1.0
22665,30.0,0,-0.0
22666,31.0,1,2.0
22667,0.0,0,0.0
22668,29.0,1,-0.0
22669,0.0,0,0.0
22670,0.0,0,3.0
22671,0.0,0,0.0
22672,21.0,0,-2.0
22673,0.0,0,0.0
22674,31.0,1,-0.0
22675,28.0,0,-1.0
22676,16.0,0,2.0
22677,14.0,1,-1.0
22678,0.0,1,0.0
22679,21.0,1,1.0
22680,18.0,0,3.0
22681,11.0,0,1.0
22682,0.0,0,3.0
22683,31.0,1,1.0
22684,24.0,0,1.0
22685,0.0,0,3.0
22686,0.0,0,0.0
22687,0.0,0,3.0
22688,0.0,0,0.0
22689,31.0,0,0.0
22690,6.0,0,2.0
22691,0.0,0,1.0
22692,20.0,0,2.0
22693,0.0,0,6.0
22694,0.0,0,2.0
22695,3.0,0,-0.0
22696,15.0,0,-1.0
22697,27.0,0,4.0
22698,0.0,0,1.0
22699,1.0,1,1.0
22700,29.0,0,1.0
22701,21.0,0,-1.0
22702,0.0,0,1.0
22703,11.0,0,2.0
22704,0.0,0,0.0
22705,10.0,0,0.0
22706,20.0,1,-0.0
22707,19.0,0,1.0
22708,23.0,0,0.0
22709,30.0,1,-0.0
22710,0.0,0,1.0
22711,31.0,0,0.0
22712,0.0,0,0.0
22713,0.0,0,2.0
22714,0.0,0,4.0
22715,0.0,0,1.0
22716,26.0,0,5.0
22717,2.0,0,0.0
22718,0.0,0,1.0
22719,1.0,1,1.0
22720,6.0,0,0.0
22721,24.0,1,2.0
22722,28.0,0,2.0
22723,16.0,0,-0.0
22724,10.0,0,-0.0
22725,29.0,0,1.0
22726,0.0,0,0.0
22727,0.0,0,0.0
22728,0.0,0,0.0
22729,31.0,0,0.0
22730,1.0,1,1.0
22731,17.0,0,2.0
22732,0.0,0,3.0
22733,13.0,0,2.0
22734,22.0,0,-0.0
22735,0.0,0,2.0
22736,0.0,0,0.0
22737,0.0,0,7.0
22738,17.0,0,-0.0
22739,30.0,0,1.0
22740,13.0,0,-1.0
22741,23.0,0,0.0
22742,0.0,0,1.0
22743,18.0,0,-1.0
22744,0.0,0,3.0
22745,0.0,0,0.0
22746,0.0,0,0.0
22747,23.0,1,1.0
22748,0.0,0,0.0
22749,31.0,0,0.0
22750,12.0,0,-1.0
22751,5.0,0,2.0
22752,23.0,0,-1.0
22753,24.0,0,2.0
22754,25.0,0,-2.0
22755,20.0,1,-1.0
22756,0.0,0,2.0
22757,24.0,0,-2.0
22758,31.0,0,0.0
22759,0.0,0,1.0
22760,0.0,0,0.0
22761,24.0,1,1.0
22762,31.0,1,1.0
22763,3.0,1,3.0
22764,0.0,0,5.0
22765,31.0,0,0.0
22766,31.0,1,1.0
22767,30.0,0,-0.0
22768,26.0,1,3.0
22769,25.0,1,1.0
22770,0.0,0,0.0
22771,28.0,0,1.0
22772,0.0,0,2.0
22773,12.0,0,-2.0
22774,19.0,0,-3.0
22775,0.0,0,2.0
22776,0.0,0,2.0
22777,31.0,0,0.0
22778,15.0,0,1.0
22779,18.0,1,1.0
22780,26.0,0,1.0
22781,19.0,0,2.0
22782,14.0,0,3.0
22783,11.0,0,2.0
22784,0.0,1,0.0
22785,4.0,0,-1.0
22786,31.0,1,0.0
22787,1.0,1,1.0
22788,27.0,0,2.0
22789,0.0,0,2.0
22790,1.0,1,1.0
22791,31.0,0,0.0
22792,26.0,1,3.0
22793,22.0,0,2.0
22794,29.0,0,2.0
22795,0.0,0,0.0
22796,0.0,0,0.0
22797,0.0,0,2.0
22798,0.0,0,1.0
22799,16.0,0,0.0
22800,30.0,0,1.0
22801,0.0,0,0.0
22802,0.0,0,0.0
22803,8.0,0,-3.0
22804,17.0,0,1.0
22805,29.0,1,3.0
22806,31.0,0,0.0
22807,31.0,1,0.0
22808,0.0,0,0.0
22809,0.0,0,1.0
22810,17.0,0,-1.0
22811,31.0,1,0.0
22812,2.0,0,2.0
22813,0.0,0,1.0
22814,1.0,1,1.0
22815,3.0,0,-2.0
22816,17.0,1,5.0
22817,7.0,0,4.0
22818,0.0,1,0.0
22819,24.0,0,-1.0
22820,31.0,1,0.0
22821,0.0,0,0.0
22822,26.0,0,3.0
22823,0.0,0,1.0
22824,0.0,0,2.0
22825,27.0,0,3.0
22826,3.0,0,2.0
22827,0.0,0,1.0
22828,31.0,0,-1.0
22829,0.0,0,2.0
22830,0.0,0,1.0
22831,19.0,0,0.0
22832,0.0,0,3.0
22833,29.0,0,-0.0
22834,0.0,0,1.0
22835,0.0,0,2.0
22836,26.0,0,4.0
22837,0.0,0,0.0
22838,22.0,0,-0.0
22839,27.0,1,-1.0
22840,15.0,0,1.0
22841,13.0,0,1.0
22842,0.0,0,1.0
22843,23.0,0,2.0
22844,3.0,1,3.0
22845,0.0,0,2.0
22846,0.0,0,0.0
22847,31.0,1,2.0
22848,0.0,0,2.0
22849,20.0,0,-0.0
22850,0.0,0,1.0
22851,0.0,0,2.0
22852,2.0,1,2.0
22853,0.0,0,2.0
22854,27.0,0,2.0
22855,0.0,0,2.0
22856,16.0,0,2.0
22857,21.0,0,-0.0
22858,31.0,0,0.0
22859,18.0,1,2.0
22860,31.0,0,0.0
22861,0.0,0,1.0
22862,24.0,0,-1.0
22863,25.0,0,4.0
22864,0.0,0,0.0
22865,7.0,0,-1.0
22866,17.0,0,4.0
22867,23.0,0,1.0
22868,16.0,0,3.0
22869,22.0,1,-4.0
22870,20.0,0,-0.0
22871,15.0,1,-0.0
22872,18.0,0,1.0
22873,0.0,0,0.0
22874,12.0,1,3.0
22875,17.0,0,1.0
22876,21.0,0,4.0
22877,19.0,0,0.0
22878,0.0,0,1.0
22879,11.0,0,-0.0
22880,31.0,0,0.0
22881,0.0,0,0.0
22882,21.0,0,2.0
22883,16.0,0,-0.0
22884,2.0,1,2.0
22885,0.0,0,3.0
22886,9.0,0,-1.0
22887,11.0,0,2.0
22888,31.0,1,2.0
22889,0.0,0,1.0
22890,31.0,0,0.0
22891,11.0,0,-3.0
22892,23.0,0,3.0
22893,16.0,0,-0.0
22894,7.0,0,-0.0
22895,2.0,1,1.0
22896,30.0,0,1.0
22897,1.0,1,1.0
22898,0.0,0,0.0
22899,25.0,0,-0.0
22900,27.0,0,3.0
22901,17.0,0,3.0
22902,0.0,0,2.0
22903,0.0,0,0.0
22904,0.0,0,0.0
22905,10.0,0,1.0
22906,15.0,0,1.0
22907,30.0,0,0.0
22908,28.0,0,1.0
22909,10.0,0,3.0
22910,23.0,0,3.0
22911,25.0,0,1.0
22912,28.0,0,-2.0
22913,17.0,0,2.0
22914,0.0,0,2.0
22915,18.0,0,1.0
22916,0.0,0,0.0
22917,0.0,0,0.0
22918,3.0,0,0.0
22919,0.0,0,0.0
22920,0.0,0,0.0
22921,29.0,0,0.0
22922,29.0,0,2.0
22923,0.0,0,0.0
22924,16.0,0,-1.0
22925,0.0,0,1.0
22926,0.0,0,0.0
22927,30.0,0,-3.0
22928,23.0,0,4.0
22929,0.0,0,0.0
22930,22.0,1,-1.0
22931,0.0,0,1.0
22932,3.0,0,0.0
22933,31.0,0,0.0
22934,0.0,0,3.0
22935,0.0,0,0.0
22936,0.0,0,0.0
22937,0.0,0,0.0
22938,0.0,0,1.0
22939,30.0,0,0.0
22940,29.0,0,0.0
22941,0.0,0,1.0
22942,0.0,0,0.0
22943,0.0,0,4.0
22944,0.0,0,2.0
22945,0.0,1,0.0
22946,13.0,0,-3.0
22947,21.0,0,3.0
22948,2.0,1,2.0
22949,19.0,0,1.0
22950,30.0,0,1.0
22951,25.0,0,2.0
22952,11.0,1,-0.0
22953,0.0,0,0.0
22954,18.0,0,2.0
22955,0.0,0,2.0
22956,29.0,1,-2.0
22957,0.0,0,0.0
22958,13.0,0,1.0
22959,16.0,0,4.0
22960,0.0,0,2.0
22961,0.0,0,4.0
22962,31.0,0,0.0
22963,7.0,0,2.0
22964,8.0,1,1.0
22965,17.0,0,-1.0
22966,2.0,1,2.0
22967,0.0,0,0.0
22968,0.0,0,1.0
22969,10.0,1,1.0
22970,29.0,0,2.0
22971,31.0,1,1.0
22972,19.0,0,2.0
22973,26.0,0,-0.0
22974,0.0,0,2.0
22975,0.0,0,0.0
22976,30.0,0,1.0
22977,28.0,0,1.0
22978,0.0,0,0.0
22979,0.0,0,0.0
22980,10.0,0,1.0
22981,28.0,1,-1.0
22982,29.0,0,2.0
22983,31.0,0,0.0
22984,31.0,0,0.0
22985,0.0,0,3.0
22986,28.0,0,2.0
22987,29.0,0,2.0
22988,0.0,0,3.0
22989,31.0,0,0.0
22990,5.0,0,-0.0
22991,6.0,0,-1.0
22992,1.0,0,-0.0
22993,15.0,0,2.0
22994,12.0,0,-1.0
22995,0.0,0,0.0
22996,11.0,0,1.0
22997,0.0,0,1.0
22998,31.0,1,0.0
22999,29.0,0,2.0
23000,0.0,0,1.0
23001,21.0,0,-0.0
23002,24.0,1,0.0
23003,1.0,1,1.0
23004,0.0,0,1.0
23005,0.0,0,0.0
23006,1.0,0,3.0
23007,0.0,0,0.0
23008,0.0,0,3.0
23009,0.0,0,1.0
23010,7.0,0,4.0
23011,28.0,1,0.0
23012,0.0,0,2.0
23013,14.0,0,-1.0
23014,0.0,0,0.0
23015,0.0,0,3.0
23016,22.0,0,-1.0
23017,22.0,0,1.0
23018,0.0,0,0.0
23019,0.0,0,0.0
23020,30.0,0,1.0
23021,26.0,0,2.0
23022,0.0,0,1.0
23023,30.0,0,1.0
23024,11.0,0,2.0
23025,0.0,0,0.0
23026,31.0,0,0.0
23027,13.0,1,1.0
23028,7.0,0,-1.0
23029,12.0,1,2.0
23030,29.0,0,-0.0
23031,15.0,0,3.0
23032,21.0,0,4.0
23033,0.0,0,2.0
23034,31.0,0,0.0
23035,25.0,1,1.0
23036,27.0,1,3.0
23037,23.0,0,-2.0
23038,0.0,0,3.0
23039,0.0,0,3.0
23040,31.0,0,0.0
23041,8.0,0,2.0
23042,1.0,1,1.0
23043,31.0,0,0.0
23044,27.0,0,0.0
23045,30.0,0,1.0
23046,24.0,0,-1.0
23047,27.0,0,1.0
23048,0.0,0,2.0
23049,10.0,0,-2.0
23050,15.0,1,2.0
23051,0.0,0,4.0
23052,0.0,0,2.0
23053,22.0,0,-0.0
23054,0.0,0,1.0
23055,22.0,0,-2.0
23056,11.0,1,3.0
23057,31.0,0,0.0
23058,11.0,0,3.0
23059,5.0,0,-3.0
23060,20.0,0,2.0
23061,31.0,1,0.0
23062,10.0,0,-1.0
23063,0.0,0,1.0
23064,22.0,0,1.0
23065,0.0,0,1.0
23066,23.0,0,-1.0
23067,31.0,0,0.0
23068,0.0,0,1.0
23069,25.0,1,3.0
23070,20.0,0,1.0
23071,27.0,0,-1.0
23072,0.0,0,1.0
23073,0.0,0,1.0
23074,1.0,0,1.0
23075,17.0,0,1.0
23076,28.0,0,2.0
23077,7.0,0,-2.0
23078,10.0,1,1.0
23079,0.0,0,2.0
23080,18.0,0,2.0
23081,29.0,0,1.0
23082,0.0,0,0.0
23083,22.0,0,-1.0
23084,9.0,0,2.0
23085,28.0,0,0.0
23086,7.0,0,2.0
23087,0.0,0,0.0
23088,27.0,0,1.0
23089,21.0,0,3.0
23090,24.0,1,-1.0
23091,13.0,1,2.0
23092,31.0,0,0.0
23093,2.0,0,-1.0
23094,21.0,0,-1.0
23095,23.0,0,-1.0
23096,17.0,0,3.0
23097,15.0,0,-2.0
23098,14.0,0,1.0
23099,18.0,0,1.0
23100,0.0,0,3.0
23101,0.0,1,0.0
23102,0.0,0,3.0
23103,0.0,0,0.0
23104,0.0,0,0.0
23105,12.0,0,1.0
23106,25.0,0,-0.0
23107,1.0,1,1.0
23108,0.0,0,1.0
23109,13.0,1,0.0
23110,0.0,0,0.0
23111,0.0,0,2.0
23112,3.0,0,-1.0
23113,0.0,0,0.0
23114,14.0,1,2.0
23115,0.0,1,0.0
23116,0.0,0,1.0
23117,0.0,0,2.0
23118,4.0,0,-0.0
23119,16.0,0,-1.0
23120,0.0,0,3.0
23121,31.0,0,0.0
23122,29.0,1,-0.0
23123,31.0,0,-1.0
23124,0.0,0,0.0
23125,31.0,0,0.0
23126,7.0,0,2.0
23127,31.0,0,0.0
23128,24.0,0,4.0
23129,0.0,0,0.0
23130,17.0,0,1.0
23131,5.0,0,0.0
23132,12.0,0,-3.0
23133,16.0,0,1.0
23134,17.0,0,2.0
23135,22.0,0,3.0
23136,0.0,0,0.0
23137,22.0,0,3.0
23138,15.0,0,-1.0
23139,8.0,0,-1.0
23140,20.0,0,3.0
23141,0.0,0,2.0
23142,23.0,0,3.0
23143,15.0,1,-0.0
23144,9.0,0,2.0
23145,13.0,0,2.0
23146,5.0,0,1.0
23147,31.0,0,0.0
23148,31.0,0,-1.0
23149,17.0,0,2.0
23150,0.0,0,1.0
23151,3.0,0,3.0
23152,23.0,0,-2.0
23153,0.0,0,4.0
23154,0.0,0,3.0
23155,28.0,0,-1.0
23156,0.0,1,0.0
23157,0.0,0,0.0
23158,31.0,0,0.0
23159,19.0,0,1.0
23160,31.0,0,0.0
23161,0.0,0,0.0
23162,13.0,0,-1.0
23163,25.0,0,1.0
23164,16.0,0,0.0
23165,13.0,1,1.0
23166,27.0,0,2.0
23167,0.0,0,0.0
23168,25.0,0,-0.0
23169,0.0,0,4.0
23170,0.0,0,1.0
23171,15.0,0,-1.0
23172,31.0,0,0.0
23173,0.0,0,0.0
23174,27.0,1,-1.0
23175,21.0,0,0.0
23176,25.0,0,2.0
23177,31.0,0,0.0
23178,0.0,0,0.0
23179,31.0,0,-1.0
23180,12.0,0,-1.0
23181,31.0,0,0.0
23182,12.0,0,1.0
23183,29.0,0,2.0
23184,0.0,0,0.0
23185,0.0,1,0.0
23186,0.0,0,0.0
23187,11.0,0,0.0
23188,0.0,0,0.0
23189,4.0,0,0.0
23190,0.0,1,0.0
23191,18.0,0,3.0
23192,0.0,0,1.0
23193,31.0,1,0.0
23194,31.0,0,-1.0
23195,23.0,0,-0.0
23196,1.0,1,1.0
23197,1.0,1,1.0
23198,16.0,0,2.0
23199,0.0,0,2.0
23200,0.0,0,0.0
23201,19.0,0,0.0
23202,0.0,0,0.0
23203,12.0,0,-2.0
23204,16.0,0,-1.0
23205,10.0,0,3.0
23206,0.0,0,2.0
23207,3.0,1,3.0
23208,31.0,0,-2.0
23209,25.0,0,3.0
23210,11.0,0,1.0
23211,26.0,1,-3.0
23212,18.0,0,-0.0
23213,28.0,1,1.0
23214,0.0,0,2.0
23215,16.0,0,1.0
23216,31.0,0,0.0
23217,0.0,0,0.0
23218,2.0,0,3.0
23219,27.0,0,-0.0
23220,31.0,1,0.0
23221,31.0,0,0.0
23222,14.0,1,1.0
23223,0.0,1,0.0
23224,20.0,0,-1.0
23225,26.0,0,2.0
23226,17.0,1,0.0
23227,0.0,0,2.0
23228,0.0,0,2.0
23229,6.0,0,0.0
23230,8.0,0,-1.0
23231,31.0,0,0.0
23232,23.0,1,3.0
23233,31.0,0,0.0
23234,16.0,0,-1.0
23235,0.0,0,1.0
23236,19.0,1,1.0
23237,31.0,0,0.0
23238,0.0,0,2.0
23239,0.0,0,3.0
23240,30.0,0,-0.0
23241,22.0,0,2.0
23242,31.0,0,0.0
23243,0.0,0,1.0
23244,13.0,0,1.0
23245,0.0,0,0.0
23246,25.0,0,2.0
23247,27.0,0,2.0
23248,0.0,0,1.0
23249,30.0,0,1.0
23250,0.0,0,3.0
23251,0.0,0,0.0
23252,1.0,0,1.0
23253,18.0,1,-0.0
23254,1.0,0,1.0
23255,0.0,0,0.0
23256,6.0,0,6.0
23257,3.0,1,3.0
23258,22.0,0,1.0
23259,14.0,0,-1.0
23260,0.0,0,2.0
23261,20.0,0,3.0
23262,0.0,0,0.0
23263,28.0,0,1.0
23264,0.0,0,2.0
23265,31.0,1,0.0
23266,15.0,1,-1.0
23267,31.0,1,1.0
23268,27.0,0,2.0
23269,19.0,1,4.0
23270,0.0,0,0.0
23271,30.0,1,4.0
23272,17.0,0,-1.0
23273,11.0,0,4.0
23274,2.0,0,-1.0
23275,25.0,0,1.0
23276,0.0,0,1.0
23277,0.0,0,1.0
23278,30.0,1,1.0
23279,31.0,1,0.0
23280,22.0,0,0.0
23281,30.0,0,-1.0
23282,2.0,0,-0.0
23283,24.0,0,4.0
23284,18.0,0,-4.0
23285,19.0,0,-2.0
23286,7.0,0,-3.0
23287,0.0,0,0.0
23288,0.0,0,0.0
23289,0.0,0,0.0
23290,0.0,1,0.0
23291,0.0,0,2.0
23292,0.0,0,2.0
23293,19.0,0,1.0
23294,31.0,0,0.0
23295,20.0,0,-1.0
23296,7.0,0,-1.0
23297,28.0,0,1.0
23298,29.0,0,2.0
23299,30.0,1,0.0
23300,0.0,0,1.0
23301,30.0,0,1.0
23302,26.0,0,3.0
23303,15.0,0,-2.0
23304,0.0,0,0.0
23305,9.0,0,3.0
23306,31.0,0,0.0
23307,10.0,0,0.0
23308,0.0,0,1.0
23309,0.0,0,2.0
23310,0.0,0,0.0
23311,0.0,0,2.0
23312,4.0,1,2.0
23313,17.0,1,2.0
23314,0.0,0,0.0
23315,30.0,0,0.0
23316,18.0,1,2.0
23317,6.0,0,2.0
23318,31.0,1,0.0
23319,30.0,0,1.0
23320,17.0,1,2.0
23321,10.0,0,2.0
23322,23.0,0,-1.0
23323,1.0,0,-1.0
23324,0.0,0,0.0
23325,3.0,0,0.0
23326,0.0,0,3.0
23327,11.0,0,-2.0
23328,17.0,1,1.0
23329,0.0,0,1.0
23330,0.0,0,0.0
23331,0.0,0,1.0
23332,0.0,0,0.0
23333,16.0,0,2.0
23334,0.0,0,0.0
23335,31.0,1,0.0
23336,31.0,1,0.0
23337,31.0,0,-1.0
23338,12.0,0,2.0
23339,13.0,0,-1.0
23340,28.0,1,0.0
23341,28.0,0,3.0
23342,0.0,0,3.0
23343,16.0,0,0.0
23344,30.0,0,-0.0
23345,31.0,0,0.0
23346,0.0,0,1.0
23347,1.0,0,-1.0
23348,0.0,0,5.0
23349,1.0,1,1.0
23350,31.0,0,0.0
23351,0.0,0,1.0
23352,27.0,1,-2.0
23353,19.0,0,0.0
23354,0.0,0,0.0
23355,28.0,0,-0.0
23356,25.0,0,2.0
23357,0.0,0,2.0
23358,24.0,0,0.0
23359,25.0,0,1.0
23360,31.0,0,-1.0
23361,31.0,0,-1.0
23362,3.0,0,2.0
23363,2.0,1,2.0
23364,24.0,0,-4.0
23365,20.0,0,-1.0
23366,15.0,0,0.0
23367,17.0,0,2.0
23368,0.0,0,0.0
23369,17.0,1,2.0
23370,28.0,0,-0.0
23371,0.0,0,2.0
23372,18.0,0,-0.0
23373,27.0,0,4.0
23374,29.0,0,-1.0
23375,31.0,0,-1.0
23376,31.0,1,0.0
23377,9.0,0,0.0
23378,6.0,0,2.0
23379,31.0,0,0.0
23380,28.0,0,1.0
23381,0.0,0,1.0
23382,17.0,0,-1.0
23383,0.0,0,2.0
23384,29.0,0,2.0
23385,31.0,0,-0.0
23386,20.0,0,1.0
23387,23.0,0,-1.0
23388,24.0,0,2.0
23389,0.0,0,0.0
23390,0.0,0,0.0
23391,0.0,0,0.0
23392,0.0,0,1.0
23393,16.0,0,-2.0
23394,30.0,0,1.0
23395,0.0,0,3.0
23396,15.0,0,3.0
23397,28.0,0,1.0
23398,24.0,0,1.0
23399,29.0,0,2.0
23400,14.0,0,-2.0
23401,14.0,0,2.0
23402,22.0,0,1.0
23403,0.0,0,0.0
23404,30.0,0,1.0
23405,28.0,0,1.0
23406,1.0,1,1.0
23407,29.0,0,2.0
23408,3.0,0,2.0
23409,0.0,0,1.0
23410,28.0,0,3.0
23411,0.0,0,0.0
23412,0.0,0,2.0
23413,31.0,0,0.0
23414,31.0,1,3.0
23415,31.0,1,1.0
23416,29.0,0,-0.0
23417,8.0,0,2.0
23418,0.0,0,0.0
23419,0.0,1,0.0
23420,0.0,0,0.0
23421,4.0,1,4.0
23422,26.0,0,2.0
23423,22.0,0,1.0
23424,0.0,1,0.0
23425,0.0,0,0.0
23426,28.0,0,1.0
23427,18.0,0,0.0
23428,31.0,1,0.0
23429,31.0,0,-0.0
23430,29.0,0,-0.0
23431,31.0,0,0.0
23432,24.0,0,-1.0
23433,0.0,0,2.0
23434,0.0,0,2.0
23435,31.0,1,3.0
23436,6.0,0,0.0
23437,12.0,0,1.0
23438,4.0,1,4.0
23439,30.0,0,0.0
23440,0.0,0,2.0
23441,20.0,0,1.0
23442,2.0,0,3.0
23443,8.0,0,2.0
23444,1.0,0,0.0
23445,18.0,1,-2.0
23446,28.0,0,-0.0
23447,28.0,1,-2.0
23448,0.0,0,0.0
23449,15.0,0,0.0
23450,29.0,0,-0.0
23451,21.0,0,4.0
23452,31.0,0,0.0
23453,23.0,0,-1.0
23454,21.0,1,1.0
23455,13.0,0,0.0
23456,18.0,1,1.0
23457,6.0,0,-2.0
23458,31.0,0,0.0
23459,24.0,0,-1.0
23460,27.0,0,-0.0
23461,0.0,0,0.0
23462,0.0,0,1.0
23463,9.0,0,1.0
23464,0.0,0,0.0
23465,0.0,0,1.0
23466,0.0,0,0.0
23467,19.0,0,-0.0
23468,0.0,0,2.0
23469,18.0,0,-2.0
23470,0.0,0,2.0
23471,28.0,0,3.0
23472,27.0,0,-0.0
23473,5.0,0,2.0
23474,31.0,0,0.0
23475,0.0,0,2.0
23476,31.0,0,0.0
23477,25.0,0,-1.0
23478,0.0,0,1.0
23479,31.0,0,-0.0
23480,14.0,0,1.0
23481,0.0,0,0.0
23482,3.0,0,1.0
23483,21.0,0,1.0
23484,31.0,0,0.0
23485,0.0,0,0.0
23486,28.0,0,3.0
23487,29.0,0,1.0
23488,25.0,1,1.0
23489,0.0,0,0.0
23490,26.0,0,1.0
23491,15.0,0,-2.0
23492,5.0,1,0.0
23493,24.0,0,2.0
23494,21.0,0,1.0
23495,15.0,0,3.0
23496,26.0,1,2.0
23497,31.0,0,0.0
23498,0.0,1,0.0
23499,0.0,0,0.0
23500,0.0,0,3.0
23501,12.0,0,-0.0
23502,20.0,0,-1.0
23503,21.0,0,1.0
23504,0.0,0,0.0
23505,29.0,0,-1.0
23506,28.0,0,1.0
23507,0.0,1,0.0
23508,2.0,1,2.0
23509,0.0,0,0.0
23510,23.0,0,0.0
23511,25.0,1,2.0
23512,19.0,0,-0.0
23513,31.0,0,0.0
23514,6.0,0,1.0
23515,23.0,1,-2.0
23516,22.0,0,3.0
23517,0.0,0,2.0
23518,31.0,0,0.0
23519,0.0,0,1.0
23520,25.0,1,1.0
23521,0.0,0,1.0
23522,0.0,0,3.0
23523,9.0,0,4.0
23524,0.0,0,0.0
23525,0.0,0,1.0
23526,15.0,1,-3.0
23527,22.0,0,2.0
23528,0.0,0,3.0
23529,6.0,1,2.0
23530,30.0,0,1.0
23531,24.0,0,3.0
23532,30.0,0,1.0
23533,17.0,0,-0.0
23534,19.0,1,-0.0
23535,24.0,0,1.0
23536,6.0,0,0.0
23537,0.0,0,0.0
23538,28.0,0,2.0
23539,0.0,0,1.0
23540,28.0,1,-1.0
23541,14.0,0,0.0
23542,29.0,1,1.0
23543,31.0,0,0.0
23544,5.0,1,2.0
23545,19.0,0,-2.0
23546,0.0,0,2.0
23547,0.0,0,3.0
23548,26.0,0,1.0
23549,31.0,0,0.0
23550,2.0,0,-2.0
23551,0.0,1,0.0
23552,24.0,0,2.0
23553,25.0,1,2.0
23554,3.0,0,-1.0
23555,31.0,0,0.0
23556,0.0,0,4.0
23557,22.0,0,-1.0
23558,16.0,0,-0.0
23559,2.0,1,2.0
23560,2.0,1,2.0
23561,0.0,0,0.0
23562,31.0,1,2.0
23563,27.0,1,5.0
23564,5.0,0,6.0
23565,0.0,0,0.0
23566,18.0,0,1.0
23567,13.0,1,5.0
23568,31.0,1,1.0
23569,12.0,0,-1.0
23570,29.0,1,-2.0
23571,20.0,0,0.0
23572,0.0,0,0.0
23573,0.0,0,2.0
23574,13.0,0,1.0
23575,31.0,1,1.0
23576,0.0,0,2.0
23577,17.0,0,3.0
23578,16.0,0,2.0
23579,0.0,0,0.0
23580,24.0,0,-0.0
23581,0.0,0,0.0
23582,22.0,0,1.0
23583,0.0,0,0.0
23584,22.0,0,1.0
23585,29.0,1,1.0
23586,18.0,1,1.0
23587,0.0,0,0.0
23588,15.0,0,0.0
23589,7.0,0,1.0
23590,11.0,0,-4.0
23591,30.0,0,0.0
23592,0.0,0,0.0
23593,0.0,0,0.0
23594,7.0,1,2.0
23595,29.0,0,0.0
23596,20.0,1,1.0
23597,6.0,1,1.0
23598,24.0,0,3.0
23599,31.0,0,0.0
23600,24.0,0,2.0
23601,18.0,0,1.0
23602,21.0,0,-1.0
23603,26.0,0,1.0
23604,0.0,0,0.0
23605,0.0,0,0.0
23606,12.0,0,0.0
23607,16.0,0,3.0
23608,0.0,0,3.0
23609,0.0,0,0.0
23610,27.0,0,1.0
23611,0.0,0,2.0
23612,22.0,0,3.0
23613,24.0,0,-2.0
23614,0.0,0,1.0
23615,13.0,0,-1.0
23616,16.0,0,-3.0
23617,24.0,1,-1.0
23618,29.0,0,0.0
23619,0.0,0,3.0
23620,0.0,0,0.0
23621,31.0,0,0.0
23622,0.0,0,4.0
23623,0.0,0,0.0
23624,18.0,1,-0.0
23625,0.0,0,2.0
23626,22.0,1,4.0
23627,22.0,0,-1.0
23628,13.0,0,-3.0
23629,29.0,0,-2.0
23630,0.0,0,2.0
23631,7.0,0,-1.0
23632,18.0,0,2.0
23633,0.0,0,0.0
23634,0.0,0,3.0
23635,30.0,0,1.0
23636,28.0,0,0.0
23637,5.0,0,-0.0
23638,9.0,0,-2.0
23639,29.0,0,-0.0
23640,0.0,0,0.0
23641,0.0,0,0.0
23642,19.0,0,2.0
23643,17.0,1,-0.0
23644,8.0,0,1.0
23645,0.0,0,4.0
23646,10.0,0,0.0
23647,31.0,1,1.0
23648,0.0,0,1.0
23649,0.0,0,1.0
23650,26.0,0,4.0
23651,18.0,0,-1.0
23652,1.0,1,1.0
23653,11.0,0,-0.0
23654,29.0,1,2.0
23655,4.0,1,2.0
23656,10.0,1,3.0
23657,12.0,0,-2.0
23658,31.0,1,1.0
23659,0.0,0,2.0
23660,13.0,0,2.0
23661,2.0,0,-0.0
23662,19.0,0,1.0
23663,28.0,0,0.0
23664,31.0,0,0.0
23665,14.0,1,2.0
23666,11.0,0,-1.0
23667,14.0,0,3.0
23668,9.0,0,1.0
23669,23.0,0,3.0
23670,0.0,0,0.0
23671,0.0,1,0.0
23672,16.0,1,2.0
23673,0.0,0,1.0
23674,30.0,0,-0.0
23675,0.0,0,0.0
23676,0.0,0,0.0
23677,0.0,0,2.0
23678,28.0,0,2.0
23679,29.0,0,2.0
23680,4.0,1,1.0
23681,5.0,0,2.0
23682,25.0,0,2.0
23683,9.0,0,1.0
23684,31.0,0,0.0
23685,0.0,0,2.0
23686,0.0,0,2.0
23687,27.0,0,-0.0
23688,0.0,0,0.0
23689,31.0,0,0.0
23690,14.0,1,1.0
23691,0.0,0,2.0
23692,0.0,0,0.0
23693,17.0,1,-1.0
23694,0.0,0,3.0
23695,31.0,0,0.0
23696,18.0,0,-0.0
23697,0.0,0,0.0
23698,10.0,0,-1.0
23699,0.0,0,1.0
23700,0.0,0,3.0
23701,0.0,0,0.0
23702,0.0,0,0.0
23703,0.0,0,2.0
23704,0.0,1,0.0
23705,31.0,1,0.0
23706,27.0,0,-1.0
23707,28.0,0,3.0
23708,29.0,1,-1.0
23709,21.0,0,-1.0
23710,13.0,0,-2.0
23711,30.0,0,1.0
23712,20.0,0,1.0
23713,0.0,0,2.0
23714,0.0,0,1.0
23715,0.0,0,3.0
23716,31.0,0,0.0
23717,0.0,0,1.0
23718,0.0,0,1.0
23719,24.0,0,-1.0
23720,28.0,0,2.0
23721,0.0,0,2.0
23722,5.0,0,2.0
23723,0.0,1,0.0
23724,21.0,0,1.0
23725,0.0,0,5.0
23726,21.0,0,2.0
23727,29.0,0,-1.0
23728,29.0,0,2.0
23729,1.0,0,1.0
23730,0.0,1,0.0
23731,0.0,0,0.0
23732,0.0,0,1.0
23733,31.0,0,0.0
23734,15.0,0,0.0
23735,3.0,0,2.0
23736,0.0,0,3.0
23737,26.0,0,1.0
23738,0.0,1,0.0
23739,0.0,0,2.0
23740,31.0,0,0.0
23741,0.0,0,0.0
23742,7.0,0,-1.0
23743,0.0,0,2.0
23744,0.0,0,0.0
23745,30.0,0,1.0
23746,13.0,0,-1.0
23747,31.0,0,0.0
23748,30.0,0,-1.0
23749,0.0,0,0.0
23750,23.0,0,-1.0
23751,2.0,1,2.0
23752,0.0,0,1.0
23753,0.0,0,2.0
23754,8.0,0,3.0
23755,0.0,0,1.0
23756,0.0,0,1.0
23757,1.0,1,1.0
23758,0.0,0,0.0
23759,0.0,0,5.0
23760,16.0,0,1.0
23761,0.0,0,1.0
23762,30.0,0,-3.0
23763,31.0,0,0.0
23764,17.0,1,1.0
23765,0.0,0,1.0
23766,0.0,0,0.0
23767,0.0,0,1.0
23768,0.0,0,1.0
23769,19.0,0,-1.0
23770,2.0,1,2.0
23771,5.0,0,2.0
23772,2.0,0,-1.0
23773,12.0,0,0.0
23774,0.0,0,5.0
23775,0.0,0,0.0
23776,31.0,0,0.0
23777,12.0,1,0.0
23778,31.0,0,0.0
23779,31.0,0,0.0
23780,11.0,0,-2.0
23781,0.0,0,0.0
23782,0.0,0,1.0
23783,1.0,1,1.0
23784,0.0,0,3.0
23785,0.0,0,2.0
23786,26.0,0,-1.0
23787,0.0,0,1.0
23788,4.0,1,4.0
23789,30.0,0,0.0
23790,25.0,0,4.0
23791,0.0,1,-3.0
23792,28.0,0,2.0
23793,20.0,0,-1.0
23794,7.0,0,-2.0
23795,1.0,0,3.0
23796,0.0,0,2.0
23797,27.0,1,-1.0
23798,26.0,0,1.0
23799,0.0,0,2.0
23800,29.0,0,2.0
23801,14.0,0,0.0
23802,8.0,0,-1.0
23803,0.0,0,0.0
23804,10.0,0,3.0
23805,23.0,0,-2.0
23806,0.0,0,0.0
23807,0.0,0,3.0
23808,4.0,0,-4.0
23809,22.0,0,5.0
23810,21.0,0,4.0
23811,31.0,1,0.0
23812,31.0,0,0.0
23813,30.0,0,-1.0
23814,0.0,0,0.0
23815,20.0,0,4.0
23816,28.0,1,2.0
23817,6.0,1,2.0
23818,0.0,0,0.0
23819,0.0,0,2.0
23820,0.0,0,0.0
23821,0.0,0,0.0
23822,19.0,0,0.0
23823,0.0,0,1.0
23824,0.0,0,4.0
23825,2.0,1,2.0
23826,0.0,0,2.0
23827,30.0,1,2.0
23828,0.0,0,1.0
23829,30.0,0,0.0
23830,23.0,0,1.0
23831,0.0,0,0.0
23832,31.0,0,0.0
23833,0.0,0,0.0
23834,26.0,0,3.0
23835,17.0,0,1.0
23836,20.0,0,3.0
23837,31.0,0,0.0
23838,14.0,0,-0.0
23839,0.0,0,0.0
23840,12.0,0,-4.0
23841,0.0,0,2.0
23842,31.0,1,0.0
23843,27.0,0,-1.0
23844,19.0,0,1.0
23845,0.0,0,3.0
23846,1.0,1,1.0
23847,0.0,0,2.0
23848,5.0,0,0.0
23849,27.0,0,2.0
23850,29.0,0,1.0
23851,13.0,0,0.0
23852,4.0,0,0.0
23853,1.0,0,1.0
23854,16.0,0,-1.0
23855,0.0,0,1.0
23856,22.0,0,1.0
23857,0.0,0,0.0
23858,0.0,0,2.0
23859,31.0,1,0.0
23860,0.0,0,2.0
23861,0.0,0,0.0
23862,31.0,0,-3.0
23863,29.0,0,-0.0
23864,25.0,0,5.0
23865,31.0,0,0.0
23866,25.0,1,0.0
23867,16.0,0,-0.0
23868,23.0,0,1.0
23869,8.0,0,3.0
23870,0.0,0,0.0
23871,30.0,0,1.0
23872,0.0,0,2.0
23873,0.0,0,0.0
23874,0.0,0,0.0
23875,0.0,0,5.0
23876,0.0,0,1.0
23877,14.0,0,2.0
23878,0.0,0,0.0
23879,0.0,1,0.0
23880,0.0,0,1.0
23881,31.0,0,0.0
23882,0.0,1,0.0
23883,0.0,0,3.0
23884,31.0,0,0.0
23885,14.0,0,2.0
23886,0.0,0,0.0
23887,30.0,1,3.0
23888,2.0,0,4.0
23889,31.0,0,0.0
23890,13.0,1,0.0
23891,0.0,0,1.0
23892,17.0,0,-2.0
23893,0.0,0,0.0
23894,29.0,0,2.0
23895,16.0,1,-2.0
23896,10.0,1,2.0
23897,9.0,1,3.0
23898,1.0,1,1.0
23899,22.0,1,3.0
23900,3.0,0,-1.0
23901,26.0,1,1.0
23902,31.0,1,2.0
23903,31.0,0,0.0
23904,0.0,0,1.0
23905,22.0,0,-0.0
23906,31.0,0,0.0
23907,24.0,0,-1.0
23908,0.0,0,1.0
23909,0.0,0,0.0
23910,0.0,0,0.0
23911,5.0,1,-2.0
23912,26.0,0,1.0
23913,12.0,1,2.0
23914,17.0,1,-1.0
23915,0.0,0,2.0
23916,19.0,0,4.0
23917,0.0,0,0.0
23918,24.0,1,2.0
23919,0.0,0,1.0
23920,0.0,0,4.0
23921,10.0,0,-1.0
23922,28.0,0,-1.0
23923,25.0,1,1.0
23924,31.0,0,0.0
23925,5.0,0,1.0
23926,0.0,0,0.0
23927,0.0,0,0.0
23928,0.0,0,0.0
23929,31.0,0,0.0
23930,25.0,0,0.0
23931,2.0,1,0.0
23932,30.0,1,0.0
23933,0.0,0,0.0
23934,0.0,0,2.0
23935,9.0,0,-1.0
23936,0.0,0,1.0
23937,0.0,0,1.0
23938,14.0,0,2.0
23939,16.0,0,2.0
23940,1.0,1,1.0
23941,0.0,0,3.0
23942,28.0,0,3.0
23943,28.0,0,3.0
23944,25.0,0,1.0
23945,0.0,0,2.0
23946,31.0,0,0.0
23947,0.0,0,1.0
23948,30.0,1,3.0
23949,24.0,1,0.0
23950,18.0,0,3.0
23951,31.0,0,0.0
23952,24.0,0,-2.0
23953,0.0,0,0.0
23954,0.0,0,1.0
23955,16.0,0,1.0
23956,0.0,0,1.0
23957,2.0,0,3.0
23958,0.0,0,0.0
23959,0.0,0,0.0
23960,0.0,0,1.0
23961,0.0,0,2.0
23962,12.0,1,1.0
23963,0.0,0,2.0
23964,20.0,0,2.0
23965,31.0,0,-0.0
23966,0.0,0,2.0
23967,25.0,0,1.0
23968,21.0,0,3.0
23969,29.0,0,2.0
23970,0.0,0,2.0
23971,30.0,0,-0.0
23972,29.0,0,1.0
23973,30.0,0,-0.0
23974,0.0,0,0.0
23975,12.0,0,-1.0
23976,0.0,0,6.0
23977,2.0,0,0.0
23978,31.0,1,1.0
23979,0.0,0,2.0
23980,0.0,0,1.0
23981,1.0,1,1.0
23982,29.0,0,2.0
23983,12.0,0,-1.0
23984,0.0,0,2.0
23985,27.0,0,-2.0
23986,0.0,0,3.0
23987,24.0,0,1.0
23988,8.0,0,2.0
23989,0.0,0,1.0
23990,10.0,0,3.0
23991,17.0,0,1.0
23992,0.0,0,0.0
23993,5.0,0,-1.0
23994,0.0,0,0.0
23995,25.0,0,-3.0
23996,0.0,0,0.0
23997,19.0,0,-1.0
23998,8.0,0,0.0
23999,2.0,0,-2.0
24000,2.0,1,2.0
24001,18.0,1,-2.0
24002,7.0,0,1.0
24003,15.0,0,1.0
24004,10.0,0,-1.0
24005,31.0,0,0.0
24006,22.0,0,-0.0
24007,0.0,0,3.0
24008,3.0,1,0.0
24009,1.0,1,1.0
24010,0.0,0,3.0
24011,25.0,0,3.0
24012,0.0,0,0.0
24013,0.0,0,0.0
24014,0.0,0,1.0
24015,0.0,0,0.0
24016,24.0,1,4.0
24017,0.0,1,0.0
24018,15.0,0,1.0
24019,31.0,0,0.0
24020,0.0,0,1.0
24021,0.0,0,5.0
24022,24.0,1,0.0
24023,27.0,0,4.0
24024,0.0,0,0.0
24025,24.0,0,-0.0
24026,11.0,0,1.0
24027,22.0,0,0.0
24028,15.0,0,-1.0
24029,2.0,1,-1.0
24030,31.0,0,0.0
24031,0.0,0,1.0
24032,6.0,0,3.0
24033,18.0,0,-0.0
24034,0.0,0,1.0
24035,0.0,0,3.0
24036,0.0,0,0.0
24037,2.0,0,1.0
24038,23.0,0,1.0
24039,13.0,0,-3.0
24040,28.0,0,-0.0
24041,12.0,0,2.0
24042,1.0,1,1.0
24043,0.0,0,0.0
24044,12.0,0,1.0
24045,9.0,0,-0.0
24046,29.0,0,2.0
24047,6.0,0,1.0
24048,14.0,0,3.0
24049,0.0,1,0.0
24050,31.0,0,0.0
24051,20.0,0,-1.0
24052,20.0,1,2.0
24053,0.0,0,0.0
24054,1.0,1,1.0
24055,4.0,1,3.0
24056,0.0,0,0.0
24057,16.0,0,2.0
24058,0.0,0,1.0
24059,28.0,1,0.0
24060,22.0,0,1.0
24061,21.0,1,2.0
24062,29.0,0,-0.0
24063,28.0,0,-4.0
24064,0.0,0,0.0
24065,27.0,0,-1.0
24066,0.0,0,1.0
24067,19.0,0,1.0
24068,24.0,1,-2.0
24069,27.0,0,-0.0
24070,2.0,0,-1.0
24071,0.0,0,2.0
24072,0.0,0,2.0
24073,2.0,1,2.0
24074,21.0,0,-0.0
24075,26.0,0,-1.0
24076,0.0,0,2.0
24077,28.0,0,1.0
24078,25.0,0,1.0
24079,30.0,0,1.0
24080,5.0,0,4.0
24081,15.0,0,3.0
24082,31.0,0,0.0
24083,14.0,0,0.0
24084,1.0,1,-1.0
24085,0.0,0,0.0
24086,0.0,0,1.0
24087,0.0,0,1.0
24088,0.0,0,1.0
24089,27.0,0,0.0
24090,25.0,0,1.0
24091,28.0,0,3.0
24092,13.0,0,-1.0
24093,28.0,0,1.0
24094,22.0,0,-2.0
24095,2.0,1,-0.0
24096,0.0,0,0.0
24097,0.0,0,0.0
24098,20.0,1,3.0
24099,19.0,0,1.0
24100,3.0,1,3.0
24101,31.0,0,0.0
24102,0.0,0,1.0
24103,16.0,1,-2.0
24104,6.0,0,2.0
24105,13.0,0,-1.0
24106,1.0,1,1.0
24107,11.0,0,2.0
24108,0.0,0,0.0
24109,23.0,1,2.0
24110,0.0,0,0.0
24111,21.0,0,-0.0
24112,0.0,0,0.0
24113,13.0,0,-0.0
24114,22.0,1,-0.0
24115,1.0,1,1.0
24116,30.0,0,1.0
24117,10.0,0,1.0
24118,19.0,0,2.0
24119,25.0,0,1.0
24120,3.0,0,2.0
24121,26.0,0,-3.0
24122,0.0,0,0.0
24123,25.0,0,3.0
24124,3.0,1,3.0
24125,21.0,0,2.0
24126,0.0,0,3.0
24127,0.0,1,0.0
24128,24.0,0,3.0
24129,0.0,0,2.0
24130,30.0,1,3.0
24131,31.0,1,0.0
24132,0.0,0,0.0
24133,0.0,0,0.0
24134,2.0,0,2.0
24135,0.0,0,2.0
24136,5.0,0,-3.0
24137,31.0,0,-1.0
24138,13.0,0,1.0
24139,31.0,0,-0.0
24140,21.0,0,1.0
24141,0.0,0,1.0
24142,31.0,0,0.0
24143,2.0,0,2.0
24144,0.0,0,2.0
24145,0.0,0,2.0
24146,0.0,0,1.0
24147,0.0,0,1.0
24148,30.0,1,-1.0
24149,0.0,0,0.0
24150,0.0,0,2.0
24151,11.0,0,0.0
24152,0.0,0,2.0
24153,29.0,0,2.0
24154,0.0,0,0.0
24155,18.0,0,3.0
24156,28.0,0,1.0
24157,1.0,1,1.0
24158,7.0,0,3.0
24159,25.0,0,0.0
24160,0.0,0,1.0
24161,12.0,0,1.0
24162,0.0,0,1.0
24163,31.0,0,-2.0
24164,0.0,0,2.0
24165,31.0,0,0.0
24166,15.0,0,5.0
24167,0.0,0,0.0
24168,28.0,0,0.0
24169,9.0,0,1.0
24170,3.0,0,1.0
24171,14.0,1,3.0
24172,29.0,0,1.0
24173,23.0,0,2.0
24174,12.0,0,-3.0
24175,23.0,0,2.0
24176,30.0,0,1.0
24177,21.0,0,5.0
24178,2.0,1,2.0
24179,9.0,1,0.0
24180,0.0,0,2.0
24181,6.0,0,1.0
24182,19.0,0,1.0
24183,0.0,0,1.0
24184,22.0,0,3.0
24185,13.0,0,4.0
24186,0.0,0,0.0
24187,15.0,0,1.0
24188,29.0,0,-0.0
24189,8.0,0,1.0
24190,0.0,0,0.0
24191,0.0,0,1.0
24192,30.0,0,-0.0
24193,18.0,0,0.0
24194,29.0,0,2.0
24195,31.0,0,0.0
24196,0.0,0,4.0
24197,16.0,0,1.0
24198,0.0,0,1.0
24199,2.0,1,2.0
24200,14.0,0,3.0
24201,21.0,0,2.0
24202,22.0,0,-0.0
24203,9.0,0,2.0
24204,0.0,0,0.0
24205,31.0,0,0.0
24206,16.0,0,0.0
24207,14.0,0,-0.0
24208,17.0,0,-0.0
24209,31.0,0,-3.0
24210,12.0,0,1.0
24211,8.0,0,1.0
24212,31.0,0,0.0
24213,15.0,0,0.0
24214,17.0,0,2.0
24215,20.0,0,-1.0
24216,22.0,0,-0.0
24217,28.0,0,2.0
24218,31.0,0,0.0
24219,30.0,0,1.0
24220,13.0,0,1.0
24221,16.0,1,-0.0
24222,0.0,0,2.0
24223,0.0,0,0.0
24224,28.0,1,0.0
24225,16.0,1,1.0
24226,30.0,0,1.0
24227,21.0,0,0.0
24228,5.0,0,8.0
24229,10.0,1,-0.0
24230,0.0,0,0.0
24231,31.0,0,0.0
24232,27.0,0,3.0
24233,31.0,1,0.0
24234,31.0,0,0.0
24235,0.0,0,2.0
24236,31.0,0,0.0
24237,31.0,0,0.0
24238,15.0,0,2.0
24239,13.0,0,0.0
24240,28.0,0,2.0
24241,0.0,0,0.0
24242,0.0,0,0.0
24243,25.0,0,-1.0
24244,31.0,0,0.0
24245,30.0,0,0.0
24246,0.0,0,2.0
24247,6.0,0,1.0
24248,16.0,0,2.0
24249,31.0,1,0.0
24250,0.0,0,1.0
24251,28.0,0,2.0
24252,31.0,0,-0.0
24253,0.0,0,0.0
24254,31.0,1,0.0
24255,31.0,0,0.0
24256,0.0,0,4.0
24257,0.0,0,0.0
24258,0.0,1,0.0
24259,29.0,0,2.0
24260,0.0,0,1.0
24261,18.0,0,6.0
24262,0.0,0,2.0
24263,30.0,0,1.0
24264,22.0,0,-1.0
24265,3.0,0,-0.0
24266,0.0,0,0.0
24267,1.0,0,1.0
24268,0.0,0,1.0
24269,0.0,0,0.0
24270,0.0,0,0.0
24271,29.0,1,3.0
24272,4.0,0,-0.0
24273,0.0,0,2.0
24274,0.0,0,0.0
24275,28.0,0,-3.0
24276,0.0,0,0.0
24277,0.0,0,1.0
24278,0.0,0,3.0
24279,0.0,0,3.0
24280,30.0,0,-3.0
24281,31.0,0,0.0
24282,3.0,0,3.0
24283,8.0,0,-1.0
24284,31.0,0,0.0
24285,30.0,1,-0.0
24286,22.0,0,2.0
24287,0.0,0,2.0
24288,0.0,0,2.0
24289,0.0,0,3.0
24290,0.0,0,2.0
24291,31.0,0,0.0
24292,17.0,0,-0.0
24293,16.0,0,-0.0
24294,31.0,0,0.0
24295,31.0,1,3.0
24296,28.0,0,2.0
24297,26.0,0,2.0
24298,0.0,0,3.0
24299,28.0,0,-2.0
24300,30.0,0,1.0
24301,1.0,1,1.0
24302,0.0,0,1.0
24303,31.0,0,0.0
24304,0.0,0,0.0
24305,0.0,0,0.0
24306,8.0,0,0.0
24307,24.0,0,3.0
24308,14.0,0,0.0
24309,31.0,0,0.0
24310,31.0,1,3.0
24311,0.0,0,0.0
24312,6.0,0,-1.0
24313,0.0,0,2.0
24314,0.0,0,0.0
24315,17.0,0,0.0
24316,25.0,0,5.0
24317,4.0,0,5.0
24318,8.0,0,2.0
24319,0.0,0,0.0
24320,0.0,0,2.0
24321,10.0,0,4.0
24322,31.0,0,0.0
24323,15.0,0,4.0
24324,15.0,0,0.0
24325,28.0,0,2.0
24326,0.0,0,0.0
24327,0.0,1,0.0
24328,14.0,0,-0.0
24329,0.0,0,1.0
24330,0.0,0,5.0
24331,0.0,0,1.0
24332,0.0,0,0.0
24333,15.0,0,1.0
24334,0.0,0,2.0
24335,23.0,0,2.0
24336,0.0,0,0.0
24337,5.0,1,-2.0
24338,29.0,0,2.0
24339,0.0,0,2.0
24340,8.0,0,-3.0
24341,4.0,1,4.0
24342,15.0,0,-0.0
24343,31.0,0,0.0
24344,17.0,0,1.0
24345,24.0,0,2.0
24346,22.0,0,1.0
24347,18.0,0,1.0
24348,30.0,0,1.0
24349,20.0,0,2.0
24350,24.0,0,-1.0
24351,0.0,0,0.0
24352,0.0,0,1.0
24353,31.0,1,-0.0
24354,17.0,0,1.0
24355,0.0,0,1.0
24356,20.0,1,-0.0
24357,31.0,0,0.0
24358,0.0,0,7.0
24359,0.0,0,2.0
24360,31.0,0,0.0
24361,0.0,0,0.0
24362,0.0,0,0.0
24363,28.0,0,2.0
24364,0.0,0,0.0
24365,31.0,1,0.0
24366,31.0,0,-1.0
24367,0.0,0,0.0
24368,31.0,0,-0.0
24369,0.0,0,1.0
24370,0.0,0,0.0
24371,13.0,0,1.0
24372,1.0,0,-1.0
24373,0.0,0,2.0
24374,31.0,0,0.0
24375,24.0,0,5.0
24376,15.0,0,-1.0
24377,29.0,0,1.0
24378,0.0,0,1.0
24379,24.0,0,-1.0
24380,22.0,0,-0.0
24381,0.0,0,0.0
24382,0.0,0,0.0
24383,15.0,0,1.0
24384,0.0,0,4.0
24385,22.0,1,1.0
24386,31.0,0,0.0
24387,29.0,0,2.0
24388,24.0,0,2.0
24389,8.0,0,2.0
24390,10.0,0,-0.0
24391,31.0,0,0.0
24392,0.0,0,1.0
24393,0.0,0,0.0
24394,21.0,0,-2.0
24395,0.0,0,1.0
24396,31.0,0,0.0
24397,22.0,0,-2.0
24398,24.0,0,5.0
24399,30.0,0,-1.0
24400,19.0,0,1.0
24401,0.0,0,0.0
24402,0.0,0,2.0
24403,0.0,0,0.0
24404,2.0,0,1.0
24405,16.0,0,2.0
24406,0.0,0,0.0
24407,21.0,1,1.0
24408,21.0,0,3.0
24409,27.0,0,2.0
24410,31.0,0,-1.0
24411,0.0,0,1.0
24412,31.0,1,0.0
24413,0.0,1,0.0
24414,0.0,0,0.0
24415,22.0,0,2.0
24416,2.0,0,1.0
24417,23.0,0,-1.0
24418,31.0,0,-1.0
24419,31.0,0,-1.0
24420,0.0,0,0.0
24421,26.0,0,3.0
24422,30.0,0,1.0
24423,31.0,0,0.0
24424,14.0,1,2.0
24425,0.0,0,1.0
24426,3.0,0,2.0
24427,0.0,0,0.0
24428,0.0,0,0.0
24429,0.0,0,0.0
24430,0.0,0,2.0
24431,14.0,0,5.0
24432,0.0,0,1.0
24433,4.0,1,4.0
24434,20.0,1,3.0
24435,26.0,0,2.0
24436,18.0,0,7.0
24437,0.0,0,1.0
24438,0.0,0,0.0
24439,15.0,1,2.0
24440,0.0,0,3.0
24441,27.0,0,1.0
24442,29.0,0,2.0
24443,0.0,0,0.0
24444,30.0,0,-0.0
24445,21.0,0,-3.0
24446,1.0,0,-1.0
24447,0.0,0,0.0
24448,29.0,0,1.0
24449,16.0,1,-1.0
24450,2.0,1,2.0
24451,16.0,0,1.0
24452,21.0,0,-1.0
24453,0.0,0,1.0
24454,1.0,1,1.0
24455,0.0,1,0.0
24456,0.0,0,2.0
24457,2.0,0,2.0
24458,28.0,0,2.0
24459,28.0,0,2.0
24460,5.0,0,1.0
24461,27.0,0,0.0
24462,31.0,0,0.0
24463,0.0,0,2.0
24464,17.0,1,1.0
24465,29.0,0,2.0
24466,0.0,0,0.0
24467,31.0,0,0.0
24468,17.0,0,2.0
24469,28.0,0,3.0
24470,3.0,1,3.0
24471,0.0,1,0.0
24472,0.0,0,0.0
24473,0.0,0,3.0
24474,12.0,0,0.0
24475,0.0,0,0.0
24476,16.0,1,-5.0
24477,4.0,0,6.0
24478,0.0,0,1.0
24479,31.0,0,0.0
24480,26.0,0,2.0
24481,30.0,0,-1.0
24482,27.0,0,4.0
24483,0.0,0,1.0
24484,26.0,0,3.0
24485,0.0,0,0.0
24486,29.0,1,1.0
24487,21.0,1,-0.0
24488,19.0,0,1.0
24489,31.0,0,0.0
24490,9.0,0,0.0
24491,27.0,0,-2.0
24492,16.0,0,2.0
24493,1.0,0,-1.0
24494,31.0,1,0.0
24495,27.0,1,2.0
24496,31.0,1,1.0
24497,0.0,0,1.0
24498,0.0,0,2.0
24499,8.0,1,8.0
24500,0.0,0,2.0
24501,24.0,0,1.0
24502,0.0,1,-1.0
24503,12.0,0,2.0
24504,0.0,0,3.0
24505,19.0,1,-1.0
24506,19.0,0,3.0
24507,23.0,1,1.0
24508,31.0,0,0.0
24509,0.0,0,0.0
24510,0.0,0,0.0
24511,12.0,0,-2.0
24512,18.0,0,3.0
24513,1.0,1,-1.0
24514,2.0,1,2.0
24515,3.0,1,3.0
24516,0.0,0,0.0
24517,29.0,0,2.0
24518,28.0,0,0.0
24519,0.0,0,3.0
24520,30.0,0,1.0
24521,22.0,0,0.0
24522,31.0,0,0.0
24523,6.0,0,-1.0
24524,0.0,0,1.0
24525,13.0,0,2.0
24526,0.0,0,3.0
24527,7.0,0,2.0
24528,24.0,0,0.0
24529,2.0,0,1.0
24530,0.0,0,0.0
24531,0.0,0,0.0
24532,15.0,0,1.0
24533,15.0,0,-1.0
24534,7.0,1,-2.0
24535,0.0,0,0.0
24536,2.0,0,3.0
24537,9.0,0,3.0
24538,0.0,0,0.0
24539,9.0,0,1.0
24540,2.0,0,-1.0
24541,4.0,0,3.0
24542,0.0,1,0.0
24543,27.0,0,4.0
24544,27.0,0,3.0
24545,26.0,0,1.0
24546,2.0,1,2.0
24547,31.0,0,0.0
24548,30.0,0,1.0
24549,0.0,0,1.0
24550,0.0,0,2.0
24551,15.0,1,0.0
24552,31.0,0,0.0
24553,0.0,0,1.0
24554,24.0,0,-1.0
24555,26.0,0,0.0
24556,0.0,0,0.0
24557,0.0,0,2.0
24558,0.0,0,0.0
24559,30.0,1,-1.0
24560,31.0,1,0.0
24561,0.0,0,1.0
24562,31.0,0,-2.0
24563,15.0,1,2.0
24564,0.0,0,1.0
24565,0.0,0,2.0
24566,2.0,1,2.0
24567,0.0,1,0.0
24568,18.0,0,-1.0
24569,25.0,1,2.0
24570,4.0,0,-0.0
24571,0.0,0,1.0
24572,14.0,0,1.0
24573,0.0,0,5.0
24574,31.0,0,0.0
24575,0.0,0,1.0
24576,0.0,0,2.0
24577,10.0,0,-1.0
24578,0.0,0,1.0
24579,27.0,0,3.0
24580,0.0,0,3.0
24581,22.0,0,2.0
24582,0.0,0,4.0
24583,30.0,0,-1.0
24584,15.0,0,1.0
24585,0.0,0,4.0
24586,28.0,0,0.0
24587,31.0,0,0.0
24588,0.0,0,0.0
24589,1.0,0,2.0
24590,0.0,0,1.0
24591,20.0,0,-2.0
24592,31.0,1,0.0
24593,0.0,0,3.0
24594,0.0,0,0.0
24595,31.0,0,0.0
24596,31.0,0,-2.0
24597,0.0,0,0.0
24598,27.0,0,3.0
24599,0.0,0,0.0
24600,0.0,0,2.0
24601,0.0,0,0.0
24602,27.0,0,0.0
24603,26.0,0,0.0
24604,2.0,1,2.0
24605,18.0,0,1.0
24606,0.0,0,2.0
24607,0.0,0,3.0
24608,30.0,0,1.0
24609,0.0,0,0.0
24610,30.0,0,1.0
24611,0.0,0,0.0
24612,0.0,0,0.0
24613,23.0,0,1.0
24614,31.0,1,0.0
24615,14.0,0,0.0
24616,18.0,0,2.0
24617,29.0,0,1.0
24618,0.0,0,1.0
24619,20.0,0,1.0
24620,29.0,0,1.0
24621,20.0,0,1.0
24622,16.0,0,-2.0
24623,0.0,0,0.0
24624,14.0,0,4.0
24625,14.0,0,0.0
24626,14.0,0,0.0
24627,31.0,0,-0.0
24628,14.0,1,0.0
24629,18.0,0,5.0
24630,31.0,0,0.0
24631,29.0,0,2.0
24632,26.0,0,-3.0
24633,19.0,0,1.0
24634,0.0,0,0.0
24635,1.0,1,1.0
24636,31.0,1,1.0
24637,28.0,1,1.0
24638,0.0,1,0.0
24639,29.0,0,1.0
24640,10.0,0,-0.0
24641,26.0,1,3.0
24642,0.0,0,0.0
24643,0.0,0,0.0
24644,22.0,0,-1.0
24645,0.0,0,0.0
24646,17.0,0,0.0
24647,0.0,0,0.0
24648,31.0,1,0.0
24649,29.0,0,0.0
24650,12.0,1,1.0
24651,16.0,0,1.0
24652,24.0,0,-1.0
24653,0.0,1,0.0
24654,18.0,1,2.0
24655,13.0,0,1.0
24656,7.0,0,-1.0
24657,0.0,0,0.0
24658,0.0,0,0.0
24659,0.0,0,0.0
24660,0.0,0,1.0
24661,12.0,1,-1.0
24662,0.0,1,0.0
24663,0.0,0,2.0
24664,24.0,0,0.0
24665,27.0,0,-0.0
24666,0.0,0,2.0
24667,20.0,0,2.0
24668,11.0,0,2.0
24669,24.0,1,-1.0
24670,0.0,0,2.0
24671,31.0,0,0.0
24672,2.0,0,2.0
24673,21.0,0,-2.0
24674,12.0,0,-0.0
24675,31.0,1,1.0
24676,31.0,0,0.0
24677,14.0,0,3.0
24678,5.0,0,-0.0
24679,0.0,0,0.0
24680,0.0,0,2.0
24681,20.0,0,3.0
24682,29.0,0,1.0
24683,26.0,0,2.0
24684,0.0,0,8.0
24685,0.0,0,0.0
24686,13.0,0,3.0
24687,9.0,1,0.0
24688,7.0,0,1.0
24689,23.0,0,-5.0
24690,0.0,0,2.0
24691,26.0,0,4.0
24692,0.0,0,0.0
24693,15.0,0,1.0
24694,29.0,1,1.0
24695,23.0,1,1.0
24696,9.0,0,-5.0
24697,26.0,0,2.0
24698,6.0,0,-0.0
24699,16.0,0,2.0
24700,28.0,0,1.0
24701,31.0,1,3.0
24702,23.0,0,-2.0
24703,0.0,1,0.0
24704,0.0,0,1.0
24705,8.0,0,1.0
24706,0.0,0,2.0
24707,13.0,0,1.0
24708,11.0,0,-0.0
24709,29.0,0,2.0
24710,0.0,0,1.0
24711,0.0,0,2.0
24712,0.0,0,0.0
24713,12.0,0,-1.0
24714,0.0,0,1.0
24715,0.0,0,3.0
24716,0.0,0,0.0
24717,29.0,1,-1.0
24718,0.0,0,3.0
24719,0.0,1,0.0
24720,0.0,1,0.0
24721,28.0,0,2.0
24722,26.0,0,0.0
24723,0.0,0,0.0
24724,0.0,0,0.0
24725,0.0,0,0.0
24726,0.0,0,2.0
24727,22.0,1,2.0
24728,0.0,0,2.0
24729,0.0,0,1.0
24730,17.0,0,2.0
24731,31.0,0,-2.0
24732,3.0,0,1.0
24733,0.0,0,0.0
24734,1.0,1,1.0
24735,0.0,0,0.0
24736,0.0,0,0.0
24737,0.0,0,0.0
24738,13.0,0,3.0
24739,3.0,1,3.0
24740,7.0,0,1.0
24741,14.0,1,1.0
24742,18.0,1,-0.0
24743,9.0,0,2.0
24744,0.0,0,0.0
24745,11.0,0,0.0
24746,0.0,0,0.0
24747,22.0,0,2.0
24748,25.0,0,3.0
24749,1.0,0,-0.0
24750,25.0,0,-1.0
24751,15.0,0,-1.0
24752,0.0,0,2.0
24753,0.0,0,2.0
24754,0.0,0,0.0
24755,29.0,0,0.0
24756,17.0,0,5.0
24757,31.0,0,0.0
24758,2.0,0,-1.0
24759,12.0,0,1.0
24760,29.0,0,-0.0
24761,2.0,1,2.0
24762,17.0,0,-0.0
24763,20.0,0,1.0
24764,9.0,0,-1.0
24765,9.0,0,3.0
24766,0.0,0,1.0
24767,31.0,0,0.0
24768,0.0,0,0.0
24769,25.0,0,-2.0
24770,30.0,0,1.0
24771,0.0,0,1.0
24772,6.0,0,-1.0
24773,26.0,0,1.0
24774,12.0,0,1.0
24775,0.0,0,0.0
24776,18.0,0,-2.0
24777,0.0,0,0.0
24778,0.0,0,0.0
24779,17.0,0,0.0
24780,0.0,0,2.0
24781,31.0,0,0.0
24782,13.0,0,-2.0
24783,22.0,0,2.0
24784,0.0,0,3.0
24785,0.0,0,3.0
24786,24.0,0,1.0
24787,16.0,1,-1.0
24788,29.0,0,2.0
24789,31.0,0,0.0
24790,28.0,0,3.0
24791,30.0,0,-1.0
24792,29.0,0,1.0
24793,25.0,0,2.0
24794,30.0,0,1.0
24795,11.0,0,-3.0
24796,30.0,1,-0.0
24797,26.0,0,3.0
24798,2.0,1,2.0
24799,0.0,1,0.0
24800,11.0,0,2.0
24801,2.0,0,-2.0
24802,0.0,1,0.0
24803,0.0,0,0.0
24804,13.0,0,2.0
24805,11.0,0,-4.0
24806,26.0,1,4.0
24807,31.0,0,0.0
24808,0.0,0,0.0
24809,0.0,0,2.0
24810,11.0,0,-1.0
24811,29.0,0,0.0
24812,0.0,0,0.0
24813,3.0,1,3.0
24814,17.0,0,1.0
24815,16.0,1,0.0
24816,0.0,0,2.0
24817,29.0,0,2.0
24818,31.0,0,0.0
24819,0.0,0,2.0
24820,9.0,0,0.0
24821,31.0,1,-0.0
24822,15.0,0,1.0
24823,0.0,0,1.0
24824,23.0,0,1.0
24825,24.0,0,-1.0
24826,0.0,0,3.0
24827,31.0,0,0.0
24828,0.0,0,0.0
24829,18.0,0,-2.0
24830,26.0,0,-1.0
24831,25.0,0,2.0
24832,0.0,0,3.0
24833,28.0,1,-0.0
24834,0.0,0,2.0
24835,0.0,0,2.0
24836,27.0,1,7.0
24837,27.0,0,-2.0
24838,0.0,0,0.0
24839,13.0,0,-2.0
24840,0.0,0,0.0
24841,16.0,1,7.0
24842,7.0,0,-5.0
24843,0.0,0,1.0
24844,8.0,0,0.0
24845,0.0,0,2.0
24846,28.0,0,1.0
24847,0.0,0,1.0
24848,2.0,0,-1.0
24849,31.0,0,-0.0
24850,3.0,0,-2.0
24851,0.0,0,0.0
24852,0.0,0,4.0
24853,28.0,0,3.0
24854,30.0,0,1.0
24855,0.0,0,0.0
24856,28.0,1,-1.0
24857,8.0,0,1.0
24858,0.0,1,-2.0
24859,31.0,0,0.0
24860,1.0,1,1.0
24861,0.0,0,0.0
24862,16.0,1,0.0
24863,19.0,0,6.0
24864,21.0,0,-3.0
24865,28.0,0,1.0
24866,26.0,0,2.0
24867,0.0,0,0.0
24868,31.0,0,0.0
24869,4.0,0,-1.0
24870,9.0,0,2.0
24871,19.0,0,-0.0
24872,0.0,0,0.0
24873,16.0,0,1.0
24874,30.0,1,2.0
24875,21.0,0,3.0
24876,15.0,0,3.0
24877,10.0,1,3.0
24878,0.0,0,0.0
24879,0.0,0,4.0
24880,11.0,0,0.0
24881,30.0,0,1.0
24882,16.0,0,1.0
24883,28.0,0,-0.0
24884,27.0,0,-1.0
24885,0.0,1,0.0
24886,8.0,0,4.0
24887,2.0,0,-0.0
24888,25.0,0,1.0
24889,17.0,0,2.0
24890,0.0,0,3.0
24891,21.0,0,-1.0
24892,28.0,0,-1.0
24893,21.0,0,-0.0
24894,0.0,0,0.0
24895,30.0,0,1.0
24896,0.0,0,0.0
24897,13.0,0,2.0
24898,0.0,0,2.0
24899,0.0,0,0.0
24900,25.0,0,1.0
24901,0.0,0,2.0
24902,1.0,1,1.0
24903,31.0,0,0.0
24904,31.0,0,0.0
24905,0.0,1,0.0
24906,19.0,0,3.0
24907,0.0,0,0.0
24908,0.0,0,3.0
24909,2.0,0,-1.0
24910,0.0,0,0.0
24911,29.0,0,-1.0
24912,10.0,0,1.0
24913,31.0,0,-1.0
24914,30.0,0,1.0
24915,19.0,0,0.0
24916,0.0,0,1.0
24917,15.0,1,2.0
24918,0.0,0,0.0
24919,10.0,0,1.0
24920,14.0,0,-3.0
24921,8.0,0,4.0
24922,9.0,0,1.0
24923,24.0,0,-1.0
24924,31.0,0,-3.0
24925,18.0,0,3.0
24926,13.0,1,5.0
24927,31.0,0,0.0
24928,0.0,0,3.0
24929,0.0,0,3.0
24930,13.0,1,-2.0
24931,30.0,0,-0.0
24932,31.0,0,0.0
24933,31.0,0,0.0
24934,0.0,0,0.0
24935,20.0,0,2.0
24936,11.0,0,1.0
24937,19.0,1,-0.0
24938,16.0,0,-0.0
24939,7.0,0,0.0
24940,11.0,0,-2.0
24941,0.0,0,2.0
24942,31.0,0,0.0
24943,29.0,0,1.0
24944,25.0,0,2.0
24945,13.0,0,2.0
24946,0.0,0,1.0
24947,0.0,0,0.0
24948,17.0,0,2.0
24949,24.0,0,-0.0
24950,1.0,1,1.0
24951,30.0,0,1.0
24952,23.0,0,2.0
24953,0.0,0,2.0
24954,6.0,0,-1.0
24955,0.0,0,0.0
24956,16.0,0,2.0
24957,0.0,0,0.0
24958,0.0,0,0.0
24959,22.0,0,-2.0
24960,2.0,0,-1.0
24961,17.0,1,2.0
24962,31.0,1,0.0
24963,4.0,1,4.0
24964,14.0,0,1.0
24965,24.0,0,4.0
24966,19.0,0,3.0
24967,0.0,0,0.0
24968,0.0,0,5.0
24969,5.0,0,1.0
24970,0.0,0,2.0
24971,16.0,0,0.0
24972,23.0,0,0.0
24973,23.0,0,0.0
24974,31.0,0,0.0
24975,31.0,0,0.0
24976,0.0,0,0.0
24977,16.0,1,-0.0
24978,0.0,0,1.0
24979,4.0,0,-0.0
24980,27.0,0,-1.0
24981,31.0,0,-6.0
24982,19.0,0,2.0
24983,15.0,0,-1.0
24984,0.0,0,4.0
24985,26.0,0,-1.0
24986,31.0,0,0.0
24987,0.0,0,0.0
24988,0.0,0,2.0
24989,0.0,0,4.0
24990,1.0,1,1.0
24991,16.0,0,-1.0
24992,31.0,0,0.0
24993,0.0,0,1.0
24994,0.0,0,1.0
24995,12.0,0,3.0
24996,0.0,0,2.0
24997,0.0,0,2.0
24998,0.0,0,3.0
24999,0.0,0,2.0
25000,22.0,0,-3.0
25001,31.0,0,0.0
25002,24.0,0,3.0
25003,11.0,0,0.0
25004,0.0,0,3.0
25005,0.0,0,2.0
25006,30.0,0,1.0
25007,0.0,0,2.0
25008,5.0,1,-1.0
25009,27.0,1,5.0
25010,28.0,0,0.0
25011,0.0,0,0.0
25012,0.0,0,1.0
25013,10.0,0,2.0
25014,10.0,0,-2.0
25015,0.0,0,0.0
25016,2.0,0,1.0
25017,28.0,0,3.0
25018,27.0,0,2.0
25019,30.0,0,-2.0
25020,0.0,0,2.0
25021,0.0,0,1.0
25022,0.0,0,0.0
25023,7.0,0,2.0
25024,5.0,0,1.0
25025,0.0,0,2.0
25026,0.0,0,3.0
25027,0.0,0,2.0
25028,6.0,0,3.0
25029,1.0,0,1.0
25030,0.0,0,0.0
25031,31.0,1,0.0
25032,6.0,0,-1.0
25033,31.0,0,0.0
25034,9.0,0,-2.0
25035,1.0,1,1.0
25036,0.0,0,2.0
25037,22.0,0,-2.0
25038,16.0,0,3.0
25039,0.0,0,4.0
25040,11.0,0,2.0
25041,9.0,1,0.0
25042,0.0,0,1.0
25043,0.0,0,1.0
25044,0.0,0,1.0
25045,0.0,0,2.0
25046,12.0,0,1.0
25047,0.0,0,2.0
25048,8.0,0,1.0
25049,13.0,0,2.0
25050,25.0,0,4.0
25051,0.0,1,0.0
25052,0.0,0,2.0
25053,0.0,0,1.0
25054,3.0,1,3.0
25055,19.0,0,1.0
25056,31.0,0,0.0
25057,0.0,0,0.0
25058,0.0,0,0.0
25059,0.0,0,0.0
25060,0.0,0,3.0
25061,0.0,0,1.0
25062,31.0,0,0.0
25063,24.0,0,-0.0
25064,0.0,0,0.0
25065,0.0,0,1.0
25066,9.0,0,2.0
25067,10.0,0,-0.0
25068,0.0,0,1.0
25069,31.0,0,0.0
25070,2.0,0,-0.0
25071,0.0,0,0.0
25072,24.0,0,0.0
25073,0.0,0,0.0
25074,0.0,0,0.0
25075,17.0,0,3.0
25076,21.0,1,2.0
25077,7.0,0,-0.0
25078,15.0,0,4.0
25079,3.0,0,2.0
25080,3.0,0,0.0
25081,20.0,0,2.0
25082,1.0,1,1.0
25083,27.0,0,3.0
25084,0.0,0,1.0
25085,0.0,0,0.0
25086,26.0,0,1.0
25087,7.0,0,2.0
25088,0.0,0,1.0
25089,26.0,1,-1.0
25090,18.0,0,-0.0
25091,26.0,0,1.0
25092,26.0,0,2.0
25093,0.0,0,1.0
25094,22.0,0,2.0
25095,16.0,0,4.0
25096,6.0,0,-2.0
25097,24.0,0,2.0
25098,0.0,0,4.0
25099,22.0,0,0.0
25100,25.0,0,1.0
25101,0.0,0,1.0
25102,5.0,0,1.0
25103,29.0,0,-2.0
25104,26.0,0,-1.0
25105,0.0,0,2.0
25106,16.0,0,-0.0
25107,0.0,0,1.0
25108,19.0,0,-2.0
25109,6.0,1,2.0
25110,13.0,0,-0.0
25111,0.0,0,5.0
25112,31.0,0,0.0
25113,12.0,0,3.0
25114,0.0,0,2.0
25115,0.0,0,0.0
25116,24.0,0,-0.0
25117,31.0,0,0.0
25118,11.0,0,2.0
25119,29.0,0,2.0
25120,0.0,0,0.0
25121,31.0,0,0.0
25122,20.0,0,0.0
25123,0.0,0,0.0
25124,6.0,1,-1.0
25125,27.0,0,3.0
25126,23.0,0,-1.0
25127,11.0,0,-0.0
25128,0.0,0,0.0
25129,31.0,0,0.0
25130,0.0,0,2.0
25131,21.0,0,2.0
25132,2.0,0,1.0
25133,20.0,0,-1.0
25134,0.0,0,2.0
25135,30.0,0,1.0
25136,0.0,0,2.0
25137,31.0,0,0.0
25138,6.0,0,2.0
25139,29.0,0,1.0
25140,29.0,0,-0.0
25141,5.0,0,1.0
25142,16.0,0,1.0
25143,2.0,1,2.0
25144,23.0,0,5.0
25145,0.0,0,2.0
25146,17.0,1,1.0
25147,21.0,0,1.0
25148,29.0,0,2.0
25149,1.0,1,1.0
25150,1.0,1,1.0
25151,28.0,0,-2.0
25152,16.0,0,1.0
25153,16.0,0,1.0
25154,7.0,0,1.0
25155,26.0,0,1.0
25156,0.0,0,0.0
25157,31.0,0,0.0
25158,0.0,0,0.0
25159,20.0,1,-1.0
25160,23.0,1,0.0
25161,20.0,0,0.0
25162,13.0,0,2.0
25163,20.0,0,2.0
25164,23.0,0,0.0
25165,0.0,0,0.0
25166,0.0,0,3.0
25167,1.0,1,1.0
25168,22.0,0,-4.0
25169,22.0,0,-4.0
25170,29.0,0,2.0
25171,18.0,0,2.0
25172,30.0,0,0.0
25173,27.0,1,2.0
25174,15.0,0,2.0
25175,16.0,0,-1.0
25176,31.0,0,0.0
25177,0.0,0,1.0
25178,23.0,0,2.0
25179,15.0,0,-1.0
25180,14.0,0,-0.0
25181,25.0,0,1.0
25182,25.0,0,2.0
25183,13.0,0,-3.0
25184,31.0,1,0.0
25185,0.0,0,0.0
25186,0.0,0,0.0
25187,7.0,0,-3.0
25188,31.0,0,0.0
25189,25.0,0,3.0
25190,14.0,0,-1.0
25191,0.0,0,0.0
25192,0.0,0,0.0
25193,0.0,0,2.0
25194,30.0,0,1.0
25195,2.0,1,1.0
25196,16.0,0,-1.0
25197,0.0,0,0.0
25198,0.0,0,5.0
25199,0.0,0,1.0
25200,24.0,1,2.0
25201,2.0,0,-1.0
25202,28.0,0,1.0
25203,25.0,0,0.0
25204,19.0,0,1.0
25205,31.0,0,0.0
25206,19.0,0,2.0
25207,31.0,0,0.0
25208,16.0,1,1.0
25209,22.0,0,-0.0
25210,17.0,0,3.0
25211,28.0,1,-1.0
25212,0.0,0,3.0
25213,23.0,0,1.0
25214,30.0,0,0.0
25215,26.0,0,-0.0
25216,28.0,0,-2.0
25217,20.0,1,2.0
25218,12.0,0,-1.0
25219,0.0,0,4.0
25220,13.0,1,2.0
25221,2.0,0,1.0
25222,0.0,0,3.0
25223,20.0,0,1.0
25224,27.0,0,4.0
25225,29.0,0,0.0
25226,9.0,0,-1.0
25227,0.0,0,0.0
25228,0.0,0,2.0
25229,0.0,0,0.0
25230,0.0,0,1.0
25231,27.0,0,-2.0
25232,0.0,1,0.0
25233,0.0,0,2.0
25234,12.0,0,1.0
25235,5.0,0,0.0
25236,12.0,1,1.0
25237,27.0,0,3.0
25238,0.0,0,2.0
25239,31.0,0,0.0
25240,0.0,0,0.0
25241,30.0,0,1.0
25242,15.0,0,2.0
25243,0.0,0,2.0
25244,31.0,0,0.0
25245,19.0,0,3.0
25246,0.0,0,0.0
25247,0.0,0,5.0
25248,2.0,1,2.0
25249,1.0,1,1.0
25250,17.0,0,0.0
25251,31.0,0,-1.0
25252,1.0,0,-0.0
25253,22.0,0,1.0
25254,3.0,1,3.0
25255,16.0,0,1.0
25256,10.0,0,-0.0
25257,20.0,0,2.0
25258,0.0,0,3.0
25259,0.0,0,2.0
25260,26.0,0,-1.0
25261,1.0,1,1.0
25262,20.0,0,6.0
25263,18.0,0,0.0
25264,24.0,0,1.0
25265,31.0,0,-2.0
25266,0.0,0,0.0
25267,0.0,0,1.0
25268,25.0,0,1.0
25269,18.0,0,2.0
25270,11.0,0,-2.0
25271,0.0,0,0.0
25272,17.0,0,3.0
25273,0.0,0,0.0
25274,5.0,0,-1.0
25275,0.0,1,0.0
25276,10.0,0,2.0
25277,0.0,0,1.0
25278,0.0,0,3.0
25279,30.0,1,1.0
25280,11.0,0,2.0
25281,31.0,0,0.0
25282,20.0,1,2.0
25283,30.0,0,-2.0
25284,27.0,0,2.0
25285,31.0,0,-1.0
25286,0.0,0,0.0
25287,29.0,0,2.0
25288,27.0,0,1.0
25289,31.0,0,-1.0
25290,26.0,0,2.0
25291,21.0,0,-1.0
25292,11.0,0,0.0
25293,0.0,0,0.0
25294,31.0,0,0.0
25295,31.0,1,0.0
25296,2.0,1,2.0
25297,13.0,0,-1.0
25298,24.0,0,3.0
25299,27.0,0,1.0
25300,16.0,0,3.0
25301,28.0,0,3.0
25302,20.0,0,1.0
25303,0.0,0,1.0
25304,28.0,0,-1.0
25305,21.0,0,1.0
25306,31.0,0,0.0
25307,0.0,0,2.0
25308,18.0,0,-0.0
25309,18.0,0,1.0
25310,26.0,0,0.0
25311,0.0,0,0.0
25312,12.0,0,1.0
25313,0.0,0,0.0
25314,27.0,0,0.0
25315,25.0,0,-0.0
25316,16.0,0,1.0
25317,18.0,0,1.0
25318,0.0,0,2.0
25319,25.0,1,2.0
25320,0.0,0,0.0
25321,1.0,0,3.0
25322,31.0,0,-1.0
25323,26.0,0,2.0
25324,19.0,0,-0.0
25325,0.0,0,2.0
25326,29.0,0,1.0
25327,22.0,0,2.0
25328,0.0,0,0.0
25329,29.0,0,-1.0
25330,0.0,0,0.0
25331,24.0,0,3.0
25332,31.0,0,0.0
25333,0.0,0,2.0
25334,31.0,0,0.0
25335,27.0,0,4.0
25336,15.0,0,0.0
25337,29.0,0,2.0
25338,29.0,0,2.0
25339,16.0,0,-1.0
25340,23.0,0,0.0
25341,26.0,0,1.0
25342,26.0,1,0.0
25343,5.0,0,0.0
25344,2.0,1,2.0
25345,23.0,1,1.0
25346,13.0,0,4.0
25347,28.0,1,3.0
25348,23.0,0,-0.0
25349,31.0,0,-0.0
25350,30.0,1,4.0
25351,21.0,0,-2.0
25352,0.0,0,7.0
25353,30.0,0,1.0
25354,28.0,0,1.0
25355,22.0,1,-1.0
25356,15.0,0,2.0
25357,26.0,0,1.0
25358,0.0,0,2.0
25359,14.0,0,0.0
25360,8.0,1,0.0
25361,20.0,0,3.0
25362,22.0,0,2.0
25363,0.0,0,0.0
25364,29.0,0,2.0
25365,18.0,0,2.0
25366,18.0,0,1.0
25367,26.0,0,-1.0
25368,0.0,0,0.0
25369,2.0,0,-1.0
25370,0.0,0,0.0
25371,8.0,0,0.0
25372,0.0,0,4.0
25373,0.0,0,3.0
25374,3.0,1,3.0
25375,7.0,0,-1.0
25376,4.0,0,4.0
25377,7.0,1,2.0
25378,12.0,0,-1.0
25379,0.0,0,0.0
25380,0.0,0,0.0
25381,5.0,0,2.0
25382,22.0,0,-3.0
25383,13.0,0,-3.0
25384,18.0,0,2.0
25385,26.0,0,-4.0
25386,0.0,0,0.0
25387,7.0,0,0.0
25388,0.0,0,4.0
25389,26.0,0,4.0
25390,0.0,0,0.0
25391,0.0,0,2.0
25392,10.0,0,3.0
25393,16.0,1,-0.0
25394,21.0,1,-1.0
25395,1.0,1,1.0
25396,17.0,0,-2.0
25397,31.0,0,-3.0
25398,0.0,0,1.0
25399,28.0,0,-1.0
25400,0.0,0,1.0
25401,0.0,0,0.0
25402,0.0,0,1.0
25403,29.0,0,-0.0
25404,5.0,0,1.0
25405,0.0,0,1.0
25406,22.0,1,3.0
25407,23.0,0,2.0
25408,19.0,0,0.0
25409,18.0,0,1.0
25410,29.0,0,-2.0
25411,28.0,0,3.0
25412,21.0,1,-0.0
25413,11.0,1,4.0
25414,0.0,0,0.0
25415,30.0,0,0.0
25416,20.0,1,0.0
25417,0.0,0,1.0
25418,31.0,0,0.0
25419,0.0,0,1.0
25420,29.0,0,-0.0
25421,1.0,0,1.0
25422,0.0,0,0.0
25423,23.0,0,-0.0
25424,24.0,0,1.0
25425,31.0,0,0.0
25426,30.0,0,1.0
25427,22.0,0,1.0
25428,22.0,1,0.0
25429,0.0,0,0.0
25430,3.0,1,1.0
25431,0.0,0,1.0
25432,13.0,0,-0.0
25433,4.0,0,1.0
25434,0.0,0,2.0
25435,2.0,0,0.0
25436,21.0,0,-0.0
25437,5.0,1,1.0
25438,0.0,0,2.0
25439,0.0,0,1.0
25440,15.0,0,2.0
25441,28.0,1,2.0
25442,7.0,0,2.0
25443,0.0,1,0.0
25444,21.0,0,-1.0
25445,14.0,0,-1.0
25446,0.0,0,0.0
25447,24.0,0,5.0
25448,13.0,0,0.0
25449,0.0,0,1.0
25450,30.0,0,0.0
25451,20.0,0,1.0
25452,6.0,0,0.0
25453,25.0,0,-0.0
25454,0.0,1,0.0
25455,22.0,0,1.0
25456,30.0,0,-1.0
25457,0.0,0,2.0
25458,0.0,0,1.0
25459,3.0,0,3.0
25460,28.0,0,-2.0
25461,0.0,0,2.0
25462,20.0,0,-1.0
25463,0.0,0,0.0
25464,16.0,0,2.0
25465,28.0,0,1.0
25466,31.0,0,0.0
25467,12.0,0,-2.0
25468,24.0,1,2.0
25469,31.0,0,0.0
25470,0.0,0,1.0
25471,21.0,0,2.0
25472,15.0,0,2.0
25473,0.0,0,3.0
25474,1.0,0,0.0
25475,27.0,0,-1.0
25476,22.0,0,1.0
25477,0.0,0,3.0
25478,18.0,0,-2.0
25479,29.0,0,1.0
25480,0.0,0,2.0
25481,1.0,0,-1.0
25482,0.0,0,0.0
25483,0.0,0,2.0
25484,12.0,0,3.0
25485,0.0,0,4.0
25486,31.0,0,0.0
25487,31.0,0,0.0
25488,20.0,0,-1.0
25489,9.0,0,1.0
25490,11.0,0,-1.0
25491,0.0,0,3.0
25492,3.0,0,3.0
25493,11.0,0,2.0
25494,0.0,0,5.0
25495,3.0,1,3.0
25496,0.0,0,1.0
25497,15.0,0,6.0
25498,31.0,0,0.0
25499,28.0,0,2.0
25500,19.0,0,4.0
25501,10.0,1,5.0
25502,14.0,0,4.0
25503,6.0,0,2.0
25504,8.0,0,0.0
25505,31.0,0,0.0
25506,4.0,0,-1.0
25507,12.0,1,-1.0
25508,0.0,0,1.0
25509,0.0,0,4.0
25510,7.0,0,-2.0
25511,30.0,0,-0.0
25512,0.0,0,0.0
25513,11.0,1,-0.0
25514,1.0,1,1.0
25515,30.0,0,1.0
25516,0.0,1,0.0
25517,0.0,0,0.0
25518,28.0,1,1.0
25519,0.0,0,1.0
25520,19.0,1,1.0
25521,25.0,0,4.0
25522,13.0,0,1.0
25523,11.0,0,2.0
25524,0.0,0,0.0
25525,0.0,0,1.0
25526,29.0,0,-1.0
25527,1.0,0,5.0
25528,28.0,0,1.0
25529,17.0,0,-2.0
25530,0.0,0,2.0
25531,0.0,0,1.0
25532,30.0,0,1.0
25533,22.0,0,2.0
25534,2.0,0,-1.0
25535,0.0,0,3.0
25536,31.0,0,0.0
25537,26.0,0,-1.0
25538,0.0,0,4.0
25539,22.0,0,2.0
25540,0.0,0,1.0
25541,0.0,0,1.0
25542,0.0,0,2.0
25543,30.0,0,1.0
25544,0.0,0,0.0
25545,0.0,0,0.0
25546,0.0,0,4.0
25547,0.0,0,0.0
25548,22.0,0,2.0
25549,15.0,0,3.0
25550,24.0,0,1.0
25551,22.0,0,1.0
25552,0.0,0,0.0
25553,0.0,0,0.0
25554,0.0,0,2.0
25555,0.0,0,3.0
25556,0.0,0,0.0
25557,17.0,0,1.0
25558,0.0,0,0.0
25559,2.0,1,1.0
25560,10.0,0,1.0
25561,0.0,0,1.0
25562,21.0,1,-1.0
25563,2.0,1,2.0
25564,0.0,0,2.0
25565,18.0,1,2.0
25566,0.0,0,0.0
25567,0.0,0,2.0
25568,23.0,0,-1.0
25569,31.0,0,0.0
25570,31.0,1,0.0
25571,23.0,0,2.0
25572,0.0,0,3.0
25573,12.0,0,-0.0
25574,0.0,0,0.0
25575,14.0,1,3.0
25576,0.0,0,0.0
25577,0.0,0,5.0
25578,20.0,0,3.0
25579,0.0,0,0.0
25580,27.0,0,0.0
25581,0.0,0,1.0
25582,29.0,0,-1.0
25583,0.0,0,1.0
25584,0.0,0,0.0
25585,0.0,0,3.0
25586,1.0,0,-1.0
25587,2.0,0,2.0
25588,24.0,0,0.0
25589,31.0,1,0.0
25590,23.0,0,5.0
25591,6.0,0,1.0
25592,26.0,0,1.0
25593,24.0,0,0.0
25594,0.0,0,0.0
25595,0.0,0,0.0
25596,0.0,0,1.0
25597,31.0,0,0.0
25598,31.0,0,0.0
25599,0.0,0,5.0
25600,22.0,0,-4.0
25601,12.0,1,1.0
25602,31.0,1,-0.0
25603,0.0,0,2.0
25604,0.0,0,1.0
25605,12.0,0,1.0
25606,21.0,0,2.0
25607,1.0,0,0.0
25608,0.0,0,0.0
25609,30.0,0,0.0
25610,21.0,0,2.0
25611,25.0,0,0.0
25612,31.0,0,0.0
25613,0.0,0,2.0
25614,0.0,0,1.0
25615,31.0,1,0.0
25616,16.0,0,-1.0
25617,31.0,1,-0.0
25618,30.0,1,-1.0
25619,31.0,1,0.0
25620,27.0,0,-1.0
25621,30.0,0,1.0
25622,14.0,1,-0.0
25623,0.0,0,1.0
25624,31.0,0,0.0
25625,0.0,0,2.0
25626,27.0,1,3.0
25627,0.0,0,0.0
25628,19.0,0,4.0
25629,0.0,0,2.0
25630,0.0,0,5.0
25631,0.0,1,0.0
25632,24.0,0,-2.0
25633,8.0,1,4.0
25634,26.0,0,1.0
25635,26.0,0,2.0
25636,29.0,0,2.0
25637,18.0,0,2.0
25638,0.0,0,2.0
25639,31.0,0,-1.0
25640,19.0,0,0.0
25641,0.0,0,1.0
25642,26.0,1,-1.0
25643,8.0,0,0.0
25644,0.0,0,0.0
25645,1.0,1,1.0
25646,0.0,0,0.0
25647,0.0,0,1.0
25648,25.0,0,5.0
25649,11.0,0,1.0
25650,29.0,0,1.0
25651,24.0,1,-1.0
25652,0.0,0,1.0
25653,2.0,0,0.0
25654,1.0,0,1.0
25655,20.0,0,2.0
25656,0.0,0,6.0
25657,13.0,0,2.0
25658,30.0,0,-1.0
25659,22.0,1,2.0
25660,0.0,1,0.0
25661,16.0,1,1.0
25662,0.0,0,0.0
25663,13.0,0,1.0
25664,27.0,0,1.0
25665,24.0,0,-2.0
25666,22.0,0,-0.0
25667,0.0,0,0.0
25668,1.0,0,2.0
25669,4.0,0,1.0
25670,0.0,0,0.0
25671,0.0,0,0.0
25672,0.0,0,2.0
25673,0.0,0,0.0
25674,31.0,0,-0.0
25675,25.0,0,3.0
25676,15.0,0,1.0
25677,0.0,0,2.0
25678,0.0,0,6.0
25679,17.0,1,3.0
25680,0.0,0,1.0
25681,0.0,0,1.0
25682,15.0,0,1.0
25683,29.0,1,-1.0
25684,0.0,0,2.0
25685,29.0,0,2.0
25686,15.0,0,-1.0
25687,1.0,1,1.0
25688,0.0,0,2.0
25689,27.0,0,1.0
25690,0.0,0,1.0
25691,0.0,0,0.0
25692,0.0,0,1.0
25693,12.0,0,1.0
25694,0.0,0,2.0
25695,20.0,0,1.0
25696,0.0,0,1.0
25697,31.0,0,0.0
25698,0.0,0,4.0
25699,0.0,0,3.0
25700,31.0,0,0.0
25701,29.0,0,-1.0
25702,0.0,0,3.0
25703,19.0,0,1.0
25704,25.0,0,2.0
25705,0.0,0,0.0
25706,12.0,0,-2.0
25707,8.0,0,2.0
25708,0.0,0,1.0
25709,31.0,0,0.0
25710,25.0,0,2.0
25711,0.0,1,0.0
25712,22.0,0,3.0
25713,0.0,0,0.0
25714,28.0,1,2.0
25715,18.0,0,-2.0
25716,4.0,0,-0.0
25717,0.0,0,0.0
25718,25.0,1,1.0
25719,0.0,0,1.0
25720,0.0,0,2.0
25721,0.0,0,0.0
25722,31.0,1,0.0
25723,30.0,0,1.0
25724,24.0,0,2.0
25725,13.0,1,2.0
25726,1.0,0,-0.0
25727,0.0,0,2.0
25728,0.0,0,0.0
25729,31.0,0,-0.0
25730,31.0,1,0.0
25731,0.0,0,0.0
25732,25.0,0,-1.0
25733,0.0,0,3.0
25734,18.0,0,2.0
25735,0.0,0,1.0
25736,0.0,0,1.0
25737,0.0,0,4.0
25738,15.0,0,-1.0
25739,24.0,0,-1.0
25740,6.0,0,-0.0
25741,0.0,0,2.0
25742,31.0,0,-4.0
25743,23.0,1,-0.0
25744,1.0,0,-0.0
25745,0.0,0,1.0
25746,0.0,0,0.0
25747,0.0,0,2.0
25748,0.0,0,2.0
25749,21.0,0,0.0
25750,9.0,0,-1.0
25751,15.0,0,5.0
25752,6.0,0,-3.0
25753,31.0,0,0.0
25754,4.0,1,4.0
25755,22.0,0,4.0
25756,16.0,0,0.0
25757,31.0,0,0.0
25758,0.0,0,4.0
25759,0.0,0,0.0
25760,0.0,0,1.0
25761,3.0,1,3.0
25762,3.0,0,1.0
25763,0.0,0,2.0
25764,0.0,0,5.0
25765,18.0,0,0.0
25766,11.0,0,-0.0
25767,16.0,1,1.0
25768,0.0,0,1.0
25769,2.0,1,-1.0
25770,2.0,1,2.0
25771,0.0,0,2.0
25772,19.0,0,2.0
25773,0.0,0,0.0
25774,1.0,1,1.0
25775,0.0,0,2.0
25776,15.0,0,-0.0
25777,27.0,0,0.0
25778,20.0,0,-2.0
25779,0.0,0,3.0
25780,0.0,0,0.0
25781,11.0,0,-1.0
25782,14.0,1,0.0
25783,31.0,0,0.0
25784,30.0,0,1.0
25785,0.0,1,0.0
25786,31.0,0,0.0
25787,14.0,0,3.0
25788,23.0,0,-0.0
25789,0.0,0,0.0
25790,0.0,0,0.0
25791,23.0,0,-2.0
25792,11.0,0,1.0
25793,2.0,0,2.0
25794,15.0,0,0.0
25795,13.0,1,2.0
25796,0.0,0,0.0
25797,27.0,0,-3.0
25798,27.0,0,0.0
25799,29.0,0,-1.0
25800,27.0,0,3.0
25801,31.0,0,0.0
25802,2.0,1,2.0
25803,19.0,0,2.0
25804,11.0,0,4.0
25805,0.0,0,1.0
25806,0.0,0,0.0
25807,1.0,0,-1.0
25808,0.0,0,3.0
25809,0.0,0,1.0
25810,13.0,1,-0.0
25811,19.0,0,0.0
25812,0.0,0,0.0
25813,0.0,0,5.0
25814,0.0,0,0.0
25815,24.0,0,1.0
25816,3.0,1,3.0
25817,29.0,0,1.0
25818,22.0,0,-0.0
25819,25.0,0,-4.0
25820,31.0,1,0.0
25821,0.0,0,0.0
25822,0.0,0,0.0
25823,0.0,0,2.0
25824,0.0,0,1.0
25825,2.0,0,1.0
25826,0.0,0,0.0
25827,0.0,0,4.0
25828,31.0,0,-0.0
25829,17.0,1,1.0
25830,1.0,1,1.0
25831,0.0,0,0.0
25832,0.0,0,2.0
25833,18.0,0,1.0
25834,20.0,0,1.0
25835,20.0,0,-1.0
25836,31.0,0,-1.0
25837,0.0,0,2.0
25838,0.0,0,6.0
25839,26.0,0,4.0
25840,0.0,0,0.0
25841,2.0,1,2.0
25842,16.0,0,2.0
25843,20.0,0,2.0
25844,0.0,0,1.0
25845,21.0,1,-3.0
25846,0.0,0,0.0
25847,4.0,0,-3.0
25848,0.0,0,0.0
25849,0.0,0,3.0
25850,31.0,0,0.0
25851,22.0,0,0.0
25852,0.0,1,0.0
25853,14.0,1,3.0
25854,11.0,0,-1.0
25855,28.0,0,0.0
25856,27.0,0,2.0
25857,31.0,1,1.0
25858,0.0,0,3.0
25859,27.0,0,-1.0
25860,0.0,0,1.0
25861,7.0,0,2.0
25862,1.0,1,1.0
25863,0.0,0,0.0
25864,0.0,0,1.0
25865,9.0,1,1.0
25866,11.0,0,-1.0
25867,0.0,0,0.0
25868,0.0,0,0.0
25869,15.0,0,1.0
25870,0.0,0,0.0
25871,16.0,1,2.0
25872,0.0,0,0.0
25873,0.0,0,1.0
25874,8.0,0,7.0
25875,15.0,0,-1.0
25876,0.0,0,2.0
25877,30.0,0,-1.0
25878,12.0,0,2.0
25879,30.0,0,0.0
25880,28.0,0,1.0
25881,30.0,0,0.0
25882,0.0,0,0.0
25883,17.0,0,1.0
25884,16.0,0,0.0
25885,0.0,0,2.0
25886,1.0,0,1.0
25887,0.0,0,2.0
25888,0.0,0,2.0
25889,31.0,0,0.0
25890,0.0,0,0.0
25891,0.0,0,1.0
25892,28.0,0,1.0
25893,8.0,0,4.0
25894,25.0,0,1.0
25895,8.0,0,2.0
25896,2.0,0,1.0
25897,1.0,1,1.0
25898,0.0,0,1.0
25899,31.0,0,-3.0
25900,31.0,1,0.0
25901,17.0,0,-1.0
25902,21.0,0,-2.0
25903,28.0,0,2.0
25904,7.0,0,0.0
25905,0.0,0,3.0
25906,31.0,0,0.0
25907,0.0,0,0.0
25908,0.0,0,2.0
25909,14.0,0,-0.0
25910,31.0,0,-0.0
25911,0.0,0,0.0
25912,10.0,0,-1.0
25913,27.0,1,-3.0
25914,19.0,0,1.0
25915,8.0,0,3.0
25916,18.0,0,2.0
25917,24.0,0,1.0
25918,24.0,0,1.0
25919,25.0,0,2.0
25920,0.0,0,1.0
25921,31.0,0,0.0
25922,11.0,1,1.0
25923,0.0,0,2.0
25924,16.0,0,1.0
25925,29.0,0,0.0
25926,0.0,0,4.0
25927,27.0,0,1.0
25928,0.0,0,1.0
25929,0.0,0,0.0
25930,4.0,0,0.0
25931,0.0,0,0.0
25932,0.0,0,1.0
25933,15.0,1,-2.0
25934,28.0,0,-2.0
25935,31.0,1,2.0
25936,0.0,0,0.0
25937,0.0,0,0.0
25938,0.0,0,1.0
25939,24.0,1,1.0
25940,0.0,0,3.0
25941,0.0,0,3.0
25942,27.0,1,-2.0
25943,3.0,0,1.0
25944,0.0,0,1.0
25945,1.0,1,1.0
25946,21.0,0,0.0
25947,30.0,0,-0.0
25948,18.0,0,2.0
25949,0.0,0,5.0
25950,7.0,1,-1.0
25951,0.0,0,0.0
25952,0.0,0,0.0
25953,16.0,0,-1.0
25954,3.0,1,3.0
25955,27.0,0,3.0
25956,3.0,1,-1.0
25957,0.0,0,3.0
25958,14.0,0,1.0
25959,4.0,0,-0.0
25960,30.0,0,1.0
25961,17.0,0,0.0
25962,22.0,0,-2.0
25963,21.0,0,1.0
25964,0.0,0,0.0
25965,0.0,0,0.0
25966,0.0,1,0.0
25967,16.0,1,2.0
25968,31.0,0,0.0
25969,0.0,0,0.0
25970,23.0,0,1.0
25971,0.0,0,1.0
25972,0.0,0,2.0
25973,2.0,0,-1.0
25974,13.0,0,0.0
25975,30.0,0,1.0
25976,0.0,0,0.0
25977,7.0,0,4.0
25978,14.0,0,0.0
25979,2.0,0,2.0
25980,2.0,0,3.0
25981,0.0,0,1.0
25982,18.0,0,1.0
25983,0.0,0,1.0
25984,26.0,0,2.0
25985,30.0,0,-2.0
25986,0.0,0,2.0
25987,27.0,1,0.0
25988,15.0,0,1.0
25989,22.0,0,2.0
25990,29.0,1,1.0
25991,7.0,0,-1.0
25992,2.0,1,1.0
25993,0.0,0,3.0
25994,0.0,0,1.0
25995,0.0,0,0.0
25996,4.0,0,-0.0
25997,0.0,0,0.0
25998,19.0,0,-2.0
25999,24.0,0,-3.0
26000,4.0,0,-4.0
26001,28.0,0,3.0
26002,31.0,1,-0.0
26003,1.0,1,1.0
26004,15.0,1,3.0
26005,22.0,0,-2.0
26006,9.0,1,1.0
26007,0.0,1,0.0
26008,25.0,0,1.0
26009,9.0,0,2.0
26010,3.0,0,-2.0
26011,0.0,1,0.0
26012,0.0,0,0.0
26013,0.0,0,0.0
26014,0.0,0,0.0
26015,1.0,1,1.0
26016,14.0,1,3.0
26017,0.0,0,0.0
26018,29.0,0,2.0
26019,18.0,0,3.0
26020,28.0,0,3.0
26021,0.0,0,1.0
26022,23.0,1,1.0
26023,1.0,1,1.0
26024,3.0,0,-0.0
26025,12.0,0,2.0
26026,31.0,0,-1.0
26027,0.0,0,2.0
26028,26.0,0,0.0
26029,0.0,0,1.0
26030,31.0,0,0.0
26031,0.0,0,0.0
26032,31.0,1,1.0
26033,0.0,0,0.0
26034,23.0,0,2.0
26035,11.0,0,2.0
26036,14.0,0,-0.0
26037,10.0,0,-0.0
26038,31.0,0,-0.0
26039,31.0,0,0.0
26040,6.0,1,0.0
26041,0.0,1,0.0
26042,31.0,0,0.0
26043,19.0,0,-1.0
26044,20.0,1,-1.0
26045,0.0,0,0.0
26046,27.0,0,1.0
26047,31.0,0,0.0
26048,6.0,0,-1.0
26049,0.0,0,1.0
26050,7.0,0,1.0
26051,3.0,0,3.0
26052,0.0,0,0.0
26053,0.0,0,0.0
26054,0.0,0,1.0
26055,31.0,0,0.0
26056,31.0,0,-2.0
26057,0.0,0,0.0
26058,31.0,0,0.0
26059,28.0,0,1.0
26060,0.0,0,0.0
26061,0.0,0,4.0
26062,9.0,0,2.0
26063,6.0,0,1.0
26064,16.0,0,3.0
26065,26.0,1,4.0
26066,26.0,0,1.0
26067,23.0,0,6.0
26068,30.0,0,1.0
26069,27.0,0,3.0
26070,0.0,0,0.0
26071,0.0,0,0.0
26072,0.0,0,1.0
26073,0.0,0,3.0
26074,0.0,0,1.0
26075,0.0,0,1.0
26076,0.0,0,0.0
26077,19.0,0,1.0
26078,15.0,0,-0.0
26079,3.0,0,-2.0
26080,1.0,1,1.0
26081,0.0,0,1.0
26082,14.0,1,4.0
26083,4.0,0,2.0
26084,29.0,0,1.0
26085,19.0,0,1.0
26086,0.0,0,2.0
26087,0.0,0,2.0
26088,0.0,0,2.0
26089,0.0,0,0.0
26090,19.0,1,2.0
26091,18.0,0,1.0
26092,10.0,1,1.0
26093,12.0,0,-1.0
26094,14.0,0,2.0
26095,20.0,0,1.0
26096,0.0,0,0.0
26097,17.0,0,1.0
26098,20.0,0,2.0
26099,8.0,0,0.0
26100,0.0,0,1.0
26101,0.0,0,2.0
26102,0.0,0,0.0
26103,0.0,0,2.0
26104,31.0,0,0.0
26105,9.0,0,0.0
26106,20.0,0,-3.0
26107,31.0,0,0.0
26108,0.0,0,3.0
26109,31.0,0,0.0
26110,12.0,0,2.0
26111,0.0,0,0.0
26112,29.0,0,1.0
26113,0.0,0,3.0
26114,31.0,1,-0.0
26115,0.0,0,0.0
26116,27.0,0,1.0
26117,0.0,0,3.0
26118,20.0,0,1.0
26119,3.0,0,-2.0
26120,6.0,0,2.0
26121,28.0,0,3.0
26122,2.0,0,-2.0
26123,20.0,0,2.0
26124,2.0,1,2.0
26125,27.0,0,2.0
26126,1.0,0,1.0
26127,10.0,0,2.0
26128,0.0,0,0.0
26129,31.0,1,0.0
26130,0.0,0,3.0
26131,5.0,0,-0.0
26132,21.0,0,1.0
26133,29.0,0,2.0
26134,5.0,0,2.0
26135,22.0,0,0.0
26136,31.0,0,0.0
26137,0.0,1,0.0
26138,0.0,0,7.0
26139,17.0,0,3.0
26140,0.0,0,2.0
26141,3.0,0,1.0
26142,5.0,0,-0.0
26143,31.0,1,-0.0
26144,0.0,0,2.0
26145,1.0,1,1.0
26146,26.0,0,1.0
26147,0.0,0,2.0
26148,27.0,0,-1.0
26149,28.0,0,0.0
26150,0.0,0,0.0
26151,0.0,0,2.0
26152,4.0,0,-2.0
26153,0.0,0,1.0
26154,29.0,0,2.0
26155,30.0,0,-1.0
26156,25.0,1,2.0
26157,31.0,1,0.0
26158,17.0,0,1.0
26159,0.0,0,0.0
26160,24.0,0,0.0
26161,19.0,0,1.0
26162,1.0,1,0.0
26163,0.0,0,2.0
26164,4.0,1,1.0
26165,24.0,0,2.0
26166,11.0,0,-1.0
26167,0.0,0,2.0
26168,22.0,0,-1.0
26169,0.0,0,0.0
26170,23.0,0,3.0
26171,0.0,0,1.0
26172,0.0,0,0.0
26173,0.0,0,0.0
26174,0.0,0,2.0
26175,21.0,1,1.0
26176,19.0,0,2.0
26177,3.0,1,3.0
26178,0.0,0,3.0
26179,0.0,0,0.0
26180,10.0,1,2.0
26181,23.0,0,1.0
26182,0.0,0,2.0
26183,0.0,0,1.0
26184,15.0,0,-1.0
26185,5.0,1,5.0
26186,22.0,0,3.0
26187,0.0,1,0.0
26188,19.0,0,1.0
26189,6.0,0,4.0
26190,30.0,0,1.0
26191,0.0,0,1.0
26192,0.0,0,0.0
26193,0.0,0,0.0
26194,24.0,0,-1.0
26195,28.0,0,3.0
26196,24.0,0,1.0
26197,18.0,0,2.0
26198,25.0,0,1.0
26199,0.0,0,1.0
26200,20.0,0,1.0
26201,22.0,0,1.0
26202,0.0,0,0.0
26203,13.0,0,4.0
26204,6.0,0,0.0
26205,0.0,0,3.0
26206,10.0,1,-2.0
26207,31.0,0,-1.0
26208,0.0,0,2.0
26209,16.0,0,-2.0
26210,20.0,0,2.0
26211,7.0,0,-1.0
26212,22.0,0,1.0
26213,3.0,1,3.0
26214,0.0,0,0.0
26215,0.0,0,1.0
26216,0.0,0,2.0
26217,7.0,1,1.0
26218,12.0,0,-2.0
26219,25.0,0,0.0
26220,29.0,0,-1.0
26221,27.0,0,3.0
26222,21.0,0,2.0
26223,26.0,0,2.0
26224,0.0,0,2.0
26225,0.0,0,1.0
26226,3.0,0,1.0
26227,0.0,0,0.0
26228,17.0,0,-1.0
26229,0.0,1,0.0
26230,31.0,0,0.0
26231,11.0,0,1.0
26232,0.0,0,0.0
26233,0.0,0,3.0
26234,2.0,1,2.0
26235,15.0,0,-0.0
26236,0.0,0,1.0
26237,24.0,0,3.0
26238,8.0,0,2.0
26239,0.0,0,4.0
26240,14.0,0,3.0
26241,0.0,0,0.0
26242,0.0,0,1.0
26243,4.0,0,1.0
26244,31.0,0,0.0
26245,17.0,1,1.0
26246,0.0,0,4.0
26247,3.0,0,-1.0
26248,0.0,0,1.0
26249,27.0,0,-0.0
26250,28.0,0,-1.0
26251,31.0,1,0.0
26252,0.0,0,1.0
26253,0.0,0,3.0
26254,0.0,0,1.0
26255,0.0,0,5.0
26256,12.0,0,2.0
26257,31.0,0,-1.0
26258,17.0,1,2.0
26259,29.0,0,2.0
26260,14.0,0,-0.0
26261,0.0,0,0.0
26262,11.0,0,1.0
26263,0.0,0,4.0
26264,15.0,0,1.0
26265,1.0,1,1.0
26266,27.0,0,2.0
26267,0.0,0,0.0
26268,19.0,0,-3.0
26269,10.0,0,5.0
26270,0.0,0,0.0
26271,19.0,0,2.0
26272,31.0,1,0.0
26273,9.0,1,1.0
26274,0.0,0,0.0
26275,5.0,0,1.0
26276,0.0,0,0.0
26277,0.0,0,0.0
26278,31.0,0,0.0
26279,0.0,0,0.0
26280,29.0,0,-4.0
26281,14.0,0,2.0
26282,15.0,0,-1.0
26283,0.0,0,2.0
26284,29.0,0,1.0
26285,26.0,0,1.0
26286,31.0,0,0.0
26287,0.0,0,0.0
26288,0.0,0,1.0
26289,29.0,0,2.0
26290,0.0,1,0.0
26291,2.0,0,1.0
26292,0.0,0,0.0
26293,0.0,0,4.0
26294,0.0,0,0.0
26295,0.0,0,0.0
26296,17.0,0,2.0
26297,31.0,1,1.0
26298,2.0,1,2.0
26299,5.0,0,0.0
26300,31.0,0,0.0
26301,4.0,1,4.0
26302,0.0,0,0.0
26303,6.0,0,2.0
26304,0.0,0,1.0
26305,23.0,0,1.0
26306,0.0,0,0.0
26307,24.0,1,1.0
26308,10.0,1,0.0
26309,31.0,1,0.0
26310,19.0,0,2.0
26311,27.0,0,1.0
26312,18.0,0,0.0
26313,0.0,1,0.0
26314,0.0,0,0.0
26315,30.0,0,1.0
26316,25.0,0,-3.0
26317,10.0,1,0.0
26318,21.0,0,1.0
26319,30.0,1,1.0
26320,29.0,0,-1.0
26321,13.0,0,-0.0
26322,0.0,0,1.0
26323,31.0,0,0.0
26324,0.0,0,3.0
26325,0.0,1,0.0
26326,6.0,0,4.0
26327,26.0,0,2.0
26328,27.0,1,-2.0
26329,0.0,0,0.0
26330,31.0,0,0.0
26331,1.0,1,1.0
26332,24.0,0,3.0
26333,4.0,0,-1.0
26334,31.0,1,0.0
26335,20.0,0,4.0
26336,28.0,0,1.0
26337,27.0,1,3.0
26338,31.0,0,0.0
26339,20.0,1,-2.0
26340,2.0,1,2.0
26341,0.0,0,2.0
26342,0.0,0,2.0
26343,0.0,0,3.0
26344,21.0,0,-2.0
26345,24.0,0,-3.0
26346,2.0,1,2.0
26347,1.0,1,-2.0
26348,31.0,0,0.0
26349,19.0,0,3.0
26350,30.0,0,1.0
26351,0.0,0,0.0
26352,14.0,1,3.0
26353,0.0,0,0.0
26354,31.0,0,0.0
26355,31.0,0,0.0
26356,0.0,1,0.0
26357,0.0,0,0.0
26358,31.0,1,0.0
26359,0.0,0,0.0
26360,31.0,0,0.0
26361,0.0,0,1.0
26362,4.0,0,4.0
26363,28.0,0,3.0
26364,0.0,0,0.0
26365,0.0,0,1.0
26366,15.0,0,-0.0
26367,0.0,0,0.0
26368,24.0,0,3.0
26369,0.0,0,1.0
26370,31.0,0,0.0
26371,0.0,0,1.0
26372,0.0,0,3.0
26373,25.0,1,1.0
26374,27.0,0,4.0
26375,0.0,1,0.0
26376,27.0,0,4.0
26377,18.0,0,-1.0
26378,7.0,0,3.0
26379,1.0,1,-1.0
26380,10.0,0,2.0
26381,31.0,0,0.0
26382,0.0,0,0.0
26383,11.0,0,-1.0
26384,24.0,0,-2.0
26385,19.0,0,1.0
26386,29.0,0,2.0
26387,0.0,0,0.0
26388,20.0,1,1.0
26389,0.0,0,4.0
26390,17.0,0,1.0
26391,0.0,0,2.0
26392,0.0,0,0.0
26393,31.0,0,0.0
26394,6.0,0,0.0
26395,0.0,0,2.0
26396,0.0,0,0.0
26397,18.0,0,-2.0
26398,30.0,0,1.0
26399,1.0,0,1.0
26400,2.0,1,-0.0
26401,30.0,1,-1.0
26402,0.0,0,2.0
26403,23.0,0,5.0
26404,0.0,0,2.0
26405,0.0,0,0.0
26406,30.0,1,-1.0
26407,31.0,0,0.0
26408,0.0,0,0.0
26409,31.0,0,0.0
26410,30.0,0,1.0
26411,13.0,0,1.0
26412,16.0,0,-0.0
26413,27.0,1,-0.0
26414,0.0,0,0.0
26415,0.0,0,0.0
26416,20.0,1,1.0
26417,14.0,0,0.0
26418,0.0,0,0.0
26419,0.0,0,0.0
26420,28.0,0,3.0
26421,24.0,0,-0.0
26422,25.0,1,3.0
26423,0.0,0,1.0
26424,0.0,0,0.0
26425,0.0,0,3.0
26426,24.0,0,1.0
26427,20.0,0,2.0
26428,30.0,0,1.0
26429,3.0,0,-0.0
26430,26.0,1,1.0
26431,6.0,0,1.0
26432,11.0,0,0.0
26433,30.0,0,-1.0
26434,0.0,0,0.0
26435,14.0,0,1.0
26436,1.0,1,1.0
26437,30.0,0,-3.0
26438,15.0,0,-0.0
26439,31.0,0,0.0
26440,31.0,0,0.0
26441,0.0,0,0.0
26442,0.0,0,0.0
26443,0.0,0,2.0
26444,23.0,0,-0.0
26445,0.0,0,0.0
26446,31.0,0,0.0
26447,0.0,0,6.0
26448,31.0,1,2.0
26449,29.0,1,0.0
26450,10.0,0,1.0
26451,0.0,0,0.0
26452,30.0,0,-0.0
26453,27.0,0,-1.0
26454,4.0,1,4.0
26455,0.0,0,0.0
26456,31.0,0,-1.0
26457,18.0,0,-0.0
26458,31.0,0,0.0
26459,1.0,1,1.0
26460,19.0,1,3.0
26461,0.0,0,5.0
26462,30.0,0,-3.0
26463,0.0,0,2.0
26464,0.0,0,1.0
26465,0.0,0,0.0
26466,0.0,0,1.0
26467,22.0,0,3.0
26468,16.0,1,2.0
26469,7.0,0,0.0
26470,0.0,0,0.0
26471,31.0,0,0.0
26472,21.0,0,0.0
26473,15.0,0,-2.0
26474,26.0,0,-0.0
26475,0.0,0,2.0
26476,30.0,0,1.0
26477,27.0,0,-0.0
26478,24.0,0,1.0
26479,11.0,0,6.0
26480,0.0,0,0.0
26481,26.0,0,5.0
26482,9.0,0,1.0
26483,0.0,0,0.0
26484,31.0,0,0.0
26485,7.0,0,1.0
26486,31.0,0,-1.0
26487,0.0,0,0.0
26488,0.0,0,1.0
26489,2.0,0,-1.0
26490,0.0,0,0.0
26491,0.0,1,0.0
26492,7.0,0,7.0
26493,0.0,0,1.0
26494,29.0,0,2.0
26495,10.0,0,1.0
26496,4.0,0,2.0
26497,25.0,1,0.0
26498,19.0,1,2.0
26499,19.0,0,3.0
26500,29.0,0,2.0
26501,1.0,0,3.0
26502,23.0,0,-2.0
26503,14.0,0,2.0
26504,0.0,0,4.0
26505,13.0,0,-0.0
26506,0.0,0,2.0
26507,31.0,0,-4.0
26508,24.0,0,-4.0
26509,31.0,0,0.0
26510,0.0,0,0.0
26511,17.0,0,-1.0
26512,0.0,0,0.0
26513,0.0,0,0.0
26514,0.0,0,1.0
26515,0.0,0,4.0
26516,0.0,0,0.0
26517,0.0,0,3.0
26518,0.0,0,0.0
26519,0.0,0,1.0
26520,23.0,0,0.0
26521,0.0,0,0.0
26522,25.0,1,1.0
26523,17.0,0,1.0
26524,0.0,0,0.0
26525,21.0,1,5.0
26526,4.0,1,1.0
26527,1.0,1,1.0
26528,18.0,0,0.0
26529,19.0,0,4.0
26530,31.0,0,0.0
26531,0.0,0,2.0
26532,9.0,0,1.0
26533,10.0,1,3.0
26534,31.0,1,1.0
26535,13.0,0,2.0
26536,14.0,1,3.0
26537,0.0,0,3.0
26538,5.0,0,2.0
26539,21.0,0,1.0
26540,27.0,0,0.0
26541,10.0,0,-0.0
26542,0.0,0,0.0
26543,1.0,0,1.0
26544,31.0,1,0.0
26545,12.0,0,2.0
26546,25.0,1,4.0
26547,20.0,0,1.0
26548,26.0,0,2.0
26549,6.0,0,2.0
26550,2.0,1,1.0
26551,31.0,1,1.0
26552,21.0,0,1.0
26553,2.0,1,2.0
26554,0.0,0,3.0
26555,31.0,0,0.0
26556,19.0,1,-3.0
26557,31.0,0,0.0
26558,0.0,0,2.0
26559,26.0,0,2.0
26560,5.0,0,0.0
26561,7.0,0,0.0
26562,0.0,0,3.0
26563,14.0,0,-2.0
26564,27.0,0,1.0
26565,6.0,0,1.0
26566,0.0,0,2.0
26567,17.0,1,2.0
26568,2.0,1,2.0
26569,0.0,0,3.0
26570,31.0,0,0.0
26571,24.0,0,2.0
26572,0.0,0,0.0
26573,0.0,0,0.0
26574,0.0,0,3.0
26575,31.0,0,0.0
26576,30.0,0,0.0
26577,20.0,0,3.0
26578,1.0,1,1.0
26579,20.0,0,3.0
26580,25.0,1,3.0
26581,0.0,0,0.0
26582,10.0,0,2.0
26583,1.0,0,-0.0
26584,0.0,0,2.0
26585,4.0,1,4.0
26586,26.0,0,1.0
26587,24.0,0,3.0
26588,24.0,0,1.0
26589,30.0,0,1.0
26590,31.0,1,0.0
26591,20.0,0,1.0
26592,0.0,0,5.0
26593,0.0,0,2.0
26594,4.0,0,1.0
26595,0.0,0,0.0
26596,26.0,0,1.0
26597,31.0,0,0.0
26598,19.0,0,1.0
26599,21.0,0,1.0
26600,0.0,0,0.0
26601,25.0,0,4.0
26602,16.0,0,2.0
26603,0.0,0,1.0
26604,30.0,0,1.0
26605,30.0,0,-0.0
26606,0.0,0,0.0
26607,26.0,0,-0.0
26608,24.0,0,1.0
26609,31.0,0,-0.0
26610,22.0,1,2.0
26611,0.0,1,0.0
26612,29.0,1,1.0
26613,0.0,0,0.0
26614,6.0,0,2.0
26615,14.0,0,1.0
26616,2.0,0,2.0
26617,0.0,1,0.0
26618,0.0,0,0.0
26619,22.0,0,-0.0
26620,0.0,0,1.0
26621,2.0,0,2.0
26622,15.0,0,3.0
26623,16.0,0,5.0
26624,19.0,0,-2.0
26625,22.0,0,-1.0
26626,15.0,1,3.0
26627,30.0,1,1.0
26628,9.0,0,-0.0
26629,15.0,0,0.0
26630,2.0,1,2.0
26631,16.0,0,5.0
26632,29.0,0,2.0
26633,19.0,0,1.0
26634,30.0,0,1.0
26635,31.0,0,0.0
26636,5.0,0,-2.0
26637,0.0,0,3.0
26638,0.0,0,2.0
26639,31.0,0,0.0
26640,0.0,0,0.0
26641,0.0,0,3.0
26642,0.0,0,0.0
26643,2.0,1,2.0
26644,0.0,0,2.0
26645,26.0,0,4.0
26646,15.0,0,2.0
26647,31.0,0,0.0
26648,27.0,0,-3.0
26649,18.0,0,-2.0
26650,31.0,0,0.0
26651,21.0,0,1.0
26652,0.0,0,1.0
26653,0.0,0,0.0
26654,21.0,0,2.0
26655,29.0,1,1.0
26656,28.0,0,2.0
26657,0.0,0,0.0
26658,23.0,0,0.0
26659,20.0,0,-2.0
26660,2.0,1,2.0
26661,11.0,0,-1.0
26662,23.0,0,2.0
26663,0.0,0,2.0
26664,9.0,1,-1.0
26665,27.0,1,-1.0
26666,23.0,1,1.0
26667,0.0,0,5.0
26668,31.0,0,0.0
26669,17.0,0,3.0
26670,0.0,0,1.0
26671,0.0,0,0.0
26672,26.0,0,3.0
26673,9.0,0,-0.0
26674,28.0,0,-0.0
26675,9.0,0,-2.0
26676,31.0,0,-0.0
26677,0.0,0,3.0
26678,11.0,0,1.0
26679,0.0,1,0.0
26680,31.0,1,1.0
26681,0.0,0,0.0
26682,18.0,0,-1.0
26683,26.0,0,1.0
26684,0.0,0,0.0
26685,11.0,1,-0.0
26686,0.0,0,3.0
26687,2.0,1,2.0
26688,31.0,0,0.0
26689,0.0,0,6.0
26690,0.0,0,0.0
26691,26.0,0,-1.0
26692,17.0,1,-2.0
26693,1.0,0,1.0
26694,27.0,0,2.0
26695,0.0,0,5.0
26696,29.0,0,1.0
26697,24.0,0,1.0
26698,9.0,0,1.0
26699,31.0,0,0.0
26700,16.0,0,0.0
26701,0.0,0,3.0
26702,0.0,0,2.0
26703,31.0,0,0.0
26704,0.0,0,3.0
26705,11.0,0,-2.0
26706,0.0,0,0.0
26707,14.0,1,3.0
26708,0.0,0,0.0
26709,31.0,0,-1.0
26710,21.0,0,1.0
26711,3.0,1,3.0
26712,29.0,0,2.0
26713,0.0,0,0.0
26714,14.0,0,2.0
26715,0.0,0,1.0
26716,16.0,0,3.0
26717,17.0,0,-2.0
26718,21.0,0,-0.0
26719,20.0,1,2.0
26720,0.0,0,2.0
26721,0.0,0,0.0
26722,0.0,0,0.0
26723,0.0,0,2.0
26724,26.0,0,-1.0
26725,0.0,0,0.0
26726,0.0,0,2.0
26727,26.0,0,1.0
26728,0.0,0,2.0
26729,0.0,0,0.0
26730,11.0,1,-0.0
26731,9.0,0,0.0
26732,31.0,0,0.0
26733,0.0,0,0.0
26734,27.0,0,2.0
26735,29.0,0,0.0
26736,0.0,0,1.0
26737,25.0,0,-2.0
26738,0.0,0,0.0
26739,26.0,0,4.0
26740,0.0,0,0.0
26741,20.0,0,2.0
26742,29.0,0,-4.0
26743,26.0,0,3.0
26744,26.0,0,2.0
26745,21.0,0,-1.0
26746,0.0,0,0.0
26747,0.0,0,1.0
26748,0.0,0,1.0
26749,19.0,0,1.0
26750,0.0,0,1.0
26751,0.0,0,1.0
26752,0.0,0,1.0
26753,7.0,1,5.0
26754,0.0,0,0.0
26755,30.0,0,-4.0
26756,0.0,0,0.0
26757,0.0,0,4.0
26758,0.0,0,2.0
26759,0.0,0,0.0
26760,8.0,0,2.0
26761,0.0,0,2.0
26762,24.0,0,3.0
26763,19.0,0,-0.0
26764,0.0,0,2.0
26765,31.0,1,0.0
26766,0.0,0,2.0
26767,3.0,0,-1.0
26768,20.0,0,2.0
26769,26.0,1,1.0
26770,31.0,0,0.0
26771,8.0,0,2.0
26772,0.0,0,0.0
26773,28.0,0,0.0
26774,0.0,0,1.0
26775,27.0,0,0.0
26776,24.0,0,2.0
26777,31.0,0,-0.0
26778,0.0,0,0.0
26779,31.0,0,-1.0
26780,7.0,0,2.0
26781,0.0,0,1.0
26782,30.0,0,1.0
26783,10.0,0,-0.0
26784,0.0,0,0.0
26785,1.0,0,0.0
26786,0.0,0,0.0
26787,25.0,0,-3.0
26788,23.0,0,2.0
26789,26.0,0,2.0
26790,31.0,0,0.0
26791,0.0,0,1.0
26792,11.0,0,0.0
26793,23.0,0,1.0
26794,23.0,0,1.0
26795,0.0,0,1.0
26796,27.0,0,1.0
26797,2.0,0,0.0
26798,4.0,0,2.0
26799,4.0,0,4.0
26800,2.0,1,2.0
26801,30.0,0,1.0
26802,0.0,0,5.0
26803,0.0,0,0.0
26804,14.0,0,1.0
26805,0.0,0,1.0
26806,16.0,0,0.0
26807,0.0,0,1.0
26808,15.0,0,2.0
26809,27.0,0,4.0
26810,11.0,1,1.0
26811,31.0,0,0.0
26812,20.0,0,2.0
26813,21.0,0,3.0
26814,27.0,0,3.0
26815,22.0,0,-0.0
26816,0.0,0,2.0
26817,3.0,1,3.0
26818,12.0,0,1.0
26819,24.0,0,0.0
26820,29.0,0,-0.0
26821,0.0,0,1.0
26822,18.0,0,1.0
26823,10.0,0,-3.0
26824,0.0,0,0.0
26825,27.0,0,-2.0
26826,21.0,0,2.0
26827,31.0,1,0.0
26828,15.0,1,3.0
26829,31.0,0,-0.0
26830,25.0,0,2.0
26831,6.0,0,2.0
26832,31.0,0,0.0
26833,17.0,0,2.0
26834,0.0,0,1.0
26835,0.0,1,0.0
26836,23.0,1,0.0
26837,26.0,0,2.0
26838,0.0,0,0.0
26839,0.0,0,0.0
26840,0.0,0,0.0
26841,11.0,0,3.0
26842,31.0,0,0.0
26843,8.0,0,-1.0
26844,0.0,0,2.0
26845,17.0,0,1.0
26846,0.0,0,2.0
26847,31.0,1,0.0
26848,22.0,0,-1.0
26849,11.0,0,1.0
26850,11.0,0,-3.0
26851,27.0,0,4.0
26852,9.0,0,2.0
26853,24.0,0,2.0
26854,31.0,0,-0.0
26855,1.0,0,1.0
26856,0.0,0,0.0
26857,28.0,0,3.0
26858,0.0,0,0.0
26859,0.0,0,5.0
26860,0.0,0,0.0
26861,0.0,0,2.0
26862,31.0,1,1.0
26863,22.0,0,3.0
26864,0.0,0,4.0
26865,21.0,0,-0.0
26866,12.0,0,0.0
26867,2.0,1,2.0
26868,31.0,1,0.0
26869,0.0,0,0.0
26870,26.0,0,3.0
26871,30.0,0,1.0
26872,17.0,1,2.0
26873,27.0,0,2.0
26874,31.0,0,-0.0
26875,0.0,0,1.0
26876,31.0,0,0.0
26877,27.0,0,1.0
26878,30.0,0,1.0
26879,14.0,0,1.0
26880,26.0,0,-0.0
26881,15.0,0,1.0
26882,31.0,0,0.0
26883,29.0,0,-1.0
26884,0.0,0,2.0
26885,1.0,1,1.0
26886,0.0,0,2.0
26887,31.0,1,3.0
26888,1.0,0,1.0
26889,24.0,0,-2.0
26890,0.0,0,0.0
26891,14.0,0,1.0
26892,18.0,1,1.0
26893,23.0,0,4.0
26894,21.0,0,1.0
26895,17.0,1,0.0
26896,0.0,0,1.0
26897,30.0,0,1.0
26898,29.0,0,2.0
26899,18.0,0,3.0
26900,0.0,0,0.0
26901,0.0,0,6.0
26902,24.0,0,1.0
26903,0.0,0,2.0
26904,25.0,0,2.0
26905,31.0,0,-0.0
26906,1.0,1,1.0
26907,5.0,0,3.0
26908,31.0,0,-1.0
26909,8.0,0,6.0
26910,14.0,0,-0.0
26911,0.0,0,2.0
26912,30.0,0,0.0
26913,0.0,0,0.0
26914,31.0,1,0.0
26915,30.0,0,1.0
26916,29.0,0,2.0
26917,31.0,1,0.0
26918,0.0,0,3.0
26919,0.0,0,1.0
26920,0.0,0,0.0
26921,0.0,0,1.0
26922,0.0,0,1.0
26923,1.0,0,-1.0
26924,30.0,0,-2.0
26925,0.0,0,1.0
26926,31.0,0,0.0
26927,10.0,0,1.0
26928,2.0,0,-0.0
26929,16.0,0,-1.0
26930,15.0,0,1.0
26931,19.0,0,0.0
26932,6.0,0,1.0
26933,9.0,0,1.0
26934,6.0,0,6.0
26935,0.0,0,3.0
26936,0.0,0,1.0
26937,31.0,0,0.0
26938,28.0,0,2.0
26939,12.0,0,2.0
26940,0.0,0,2.0
26941,0.0,0,3.0
26942,14.0,0,0.0
26943,29.0,0,2.0
26944,31.0,0,0.0
26945,0.0,0,0.0
26946,30.0,0,-0.0
26947,29.0,0,1.0
26948,30.0,1,-1.0
26949,31.0,0,-0.0
26950,10.0,0,-4.0
26951,25.0,0,1.0
26952,31.0,0,0.0
26953,12.0,0,-1.0
26954,0.0,0,0.0
26955,0.0,0,1.0
26956,0.0,0,0.0
26957,0.0,0,3.0
26958,17.0,0,1.0
26959,23.0,0,2.0
26960,0.0,0,2.0
26961,30.0,0,1.0
26962,25.0,0,-0.0
26963,31.0,1,0.0
26964,19.0,0,-1.0
26965,0.0,0,0.0
26966,3.0,0,1.0
26967,0.0,0,0.0
26968,21.0,0,0.0
26969,0.0,0,0.0
26970,17.0,0,1.0
26971,25.0,0,0.0
26972,18.0,1,0.0
26973,0.0,0,1.0
26974,31.0,0,0.0
26975,0.0,0,1.0
26976,0.0,0,0.0
26977,15.0,0,7.0
26978,24.0,0,1.0
26979,1.0,0,-1.0
26980,31.0,0,0.0
26981,0.0,0,1.0
26982,2.0,0,-1.0
26983,3.0,1,3.0
26984,29.0,0,1.0
26985,31.0,0,0.0
26986,31.0,0,0.0
26987,31.0,0,-0.0
26988,27.0,0,-2.0
26989,0.0,0,0.0
26990,0.0,1,0.0
26991,5.0,0,-3.0
26992,16.0,0,2.0
26993,9.0,0,-0.0
26994,0.0,0,0.0
26995,0.0,0,1.0
26996,0.0,0,0.0
26997,31.0,0,0.0
26998,0.0,0,1.0
26999,22.0,0,3.0
27000,31.0,0,0.0
27001,23.0,0,-1.0
27002,11.0,0,4.0
27003,2.0,0,0.0
27004,25.0,0,-1.0
27005,31.0,1,6.0
27006,29.0,0,2.0
27007,0.0,0,0.0
27008,0.0,0,0.0
27009,31.0,0,0.0
27010,31.0,0,0.0
27011,0.0,0,3.0
27012,6.0,0,0.0
27013,29.0,0,-2.0
27014,22.0,0,1.0
27015,31.0,0,0.0
27016,29.0,0,2.0
27017,0.0,1,0.0
27018,22.0,0,-1.0
27019,0.0,0,1.0
27020,29.0,0,2.0
27021,10.0,0,3.0
27022,0.0,0,3.0
27023,0.0,0,5.0
27024,0.0,0,2.0
27025,16.0,0,2.0
27026,31.0,0,-0.0
27027,23.0,0,3.0
27028,24.0,0,-2.0
27029,31.0,0,-0.0
27030,0.0,0,0.0
27031,12.0,0,1.0
27032,0.0,0,2.0
27033,31.0,0,0.0
27034,0.0,0,4.0
27035,0.0,0,0.0
27036,2.0,1,2.0
27037,17.0,1,2.0
27038,20.0,0,-0.0
27039,5.0,0,0.0
27040,0.0,0,2.0
27041,28.0,0,2.0
27042,27.0,0,2.0
27043,21.0,0,2.0
27044,0.0,0,0.0
27045,0.0,1,0.0
27046,25.0,1,4.0
27047,0.0,0,0.0
27048,0.0,0,0.0
27049,30.0,0,-1.0
27050,0.0,0,0.0
27051,31.0,0,0.0
27052,30.0,1,1.0
27053,15.0,0,1.0
27054,19.0,0,1.0
27055,0.0,0,0.0
27056,6.0,0,1.0
27057,21.0,0,-2.0
27058,20.0,0,-0.0
27059,0.0,0,1.0
27060,26.0,0,2.0
27061,23.0,0,0.0
27062,25.0,0,1.0
27063,27.0,0,3.0
27064,1.0,0,1.0
27065,31.0,0,0.0
27066,29.0,0,-0.0
27067,17.0,0,-2.0
27068,0.0,0,3.0
27069,17.0,0,2.0
27070,30.0,0,1.0
27071,23.0,0,1.0
27072,0.0,0,1.0
27073,0.0,0,0.0
27074,27.0,0,1.0
27075,27.0,0,1.0
27076,12.0,0,2.0
27077,0.0,0,1.0
27078,12.0,0,-1.0
27079,17.0,0,-1.0
27080,28.0,0,-1.0
27081,0.0,0,4.0
27082,0.0,0,0.0
27083,31.0,0,0.0
27084,11.0,0,3.0
27085,0.0,0,2.0
27086,23.0,0,2.0
27087,14.0,1,2.0
27088,18.0,0,1.0
27089,28.0,0,3.0
27090,18.0,0,1.0
27091,4.0,0,1.0
27092,0.0,0,0.0
27093,0.0,0,1.0
27094,0.0,0,0.0
27095,31.0,0,-1.0
27096,22.0,0,0.0
27097,27.0,0,2.0
27098,0.0,0,0.0
27099,24.0,0,4.0
27100,29.0,0,-0.0
27101,0.0,0,2.0
27102,27.0,0,2.0
27103,0.0,0,1.0
27104,25.0,0,4.0
27105,0.0,0,0.0
27106,0.0,0,0.0
27107,0.0,0,3.0
27108,15.0,0,2.0
27109,31.0,0,0.0
27110,26.0,1,-0.0
27111,9.0,0,0.0
27112,3.0,0,-1.0
27113,2.0,0,2.0
27114,22.0,0,0.0
27115,10.0,0,-1.0
27116,0.0,0,0.0
27117,24.0,0,-1.0
27118,0.0,1,0.0
27119,29.0,0,-0.0
27120,3.0,0,0.0
27121,0.0,0,0.0
27122,0.0,0,0.0
27123,0.0,1,0.0
27124,0.0,0,0.0
27125,0.0,0,2.0
27126,29.0,0,-4.0
27127,12.0,0,5.0
27128,31.0,0,0.0
27129,0.0,0,1.0
27130,8.0,1,3.0
27131,13.0,0,1.0
27132,0.0,0,2.0
27133,5.0,0,4.0
27134,31.0,0,-3.0
27135,4.0,0,3.0
27136,19.0,1,0.0
27137,27.0,0,2.0
27138,14.0,0,1.0
27139,0.0,0,0.0
27140,23.0,1,2.0
27141,31.0,1,0.0
27142,31.0,0,0.0
27143,1.0,0,-1.0
27144,0.0,0,0.0
27145,23.0,0,2.0
27146,25.0,0,0.0
27147,31.0,0,-0.0
27148,0.0,0,4.0
27149,20.0,0,1.0
27150,27.0,0,-1.0
27151,7.0,0,-1.0
27152,22.0,1,1.0
27153,31.0,0,0.0
27154,28.0,1,-1.0
27155,0.0,0,1.0
27156,25.0,0,-0.0
27157,31.0,1,0.0
27158,25.0,0,1.0
27159,20.0,0,-0.0
27160,0.0,1,0.0
27161,31.0,0,-0.0
27162,24.0,0,-2.0
27163,12.0,0,-4.0
27164,31.0,0,0.0
27165,30.0,0,0.0
27166,24.0,1,1.0
27167,31.0,0,0.0
27168,8.0,0,4.0
27169,0.0,0,0.0
27170,0.0,0,0.0
27171,4.0,0,-3.0
27172,21.0,0,-1.0
27173,14.0,0,2.0
27174,29.0,0,1.0
27175,13.0,0,-0.0
27176,27.0,0,-0.0
27177,0.0,1,0.0
27178,27.0,0,0.0
27179,13.0,0,0.0
27180,0.0,0,5.0
27181,31.0,0,0.0
27182,20.0,0,2.0
27183,11.0,0,-3.0
27184,31.0,0,0.0
27185,18.0,0,-3.0
27186,0.0,0,2.0
27187,0.0,0,1.0
27188,31.0,0,0.0
27189,26.0,0,1.0
27190,20.0,0,2.0
27191,9.0,0,2.0
27192,31.0,1,0.0
27193,24.0,0,-1.0
27194,28.0,0,-1.0
27195,1.0,1,1.0
27196,0.0,0,0.0
27197,21.0,0,1.0
27198,0.0,0,2.0
27199,0.0,0,4.0
27200,0.0,0,0.0
27201,29.0,0,-0.0
27202,0.0,0,0.0
27203,17.0,1,3.0
27204,11.0,0,1.0
27205,30.0,1,-1.0
27206,3.0,0,2.0
27207,0.0,0,2.0
27208,0.0,0,1.0
27209,10.0,0,3.0
27210,14.0,0,2.0
27211,24.0,0,2.0
27212,21.0,0,1.0
27213,19.0,0,-2.0
27214,0.0,0,2.0
27215,31.0,0,0.0
27216,0.0,0,0.0
27217,9.0,0,-2.0
27218,30.0,0,0.0
27219,19.0,0,1.0
27220,0.0,0,0.0
27221,31.0,0,0.0
27222,0.0,0,0.0
27223,7.0,0,-0.0
27224,29.0,0,2.0
27225,0.0,0,0.0
27226,0.0,0,0.0
27227,0.0,0,0.0
27228,20.0,1,3.0
27229,20.0,0,3.0
27230,31.0,0,0.0
27231,31.0,0,0.0
27232,9.0,0,-1.0
27233,19.0,0,2.0
27234,26.0,0,2.0
27235,2.0,0,2.0
27236,0.0,0,0.0
27237,29.0,0,2.0
27238,5.0,0,1.0
27239,0.0,1,0.0
27240,15.0,0,0.0
27241,27.0,0,-0.0
27242,5.0,0,-3.0
27243,24.0,0,3.0
27244,0.0,0,0.0
27245,27.0,1,0.0
27246,23.0,0,-0.0
27247,31.0,0,0.0
27248,20.0,0,1.0
27249,31.0,1,3.0
27250,27.0,0,0.0
27251,31.0,1,0.0
27252,4.0,1,1.0
27253,30.0,0,1.0
27254,27.0,0,-1.0
27255,2.0,1,2.0
27256,20.0,0,5.0
27257,0.0,0,3.0
27258,0.0,0,2.0
27259,0.0,1,0.0
27260,31.0,0,0.0
27261,3.0,0,1.0
27262,28.0,0,3.0
27263,0.0,1,0.0
27264,31.0,0,0.0
27265,14.0,0,-1.0
27266,18.0,0,1.0
27267,0.0,0,0.0
27268,24.0,1,2.0
27269,4.0,0,0.0
27270,24.0,1,0.0
27271,0.0,0,1.0
27272,26.0,0,1.0
27273,28.0,0,1.0
27274,0.0,0,0.0
27275,1.0,1,1.0
27276,6.0,0,-1.0
27277,22.0,0,3.0
27278,2.0,1,2.0
27279,29.0,1,3.0
27280,0.0,0,0.0
27281,30.0,0,-2.0
27282,0.0,0,2.0
27283,27.0,0,4.0
27284,19.0,1,1.0
27285,4.0,1,4.0
27286,0.0,0,0.0
27287,24.0,0,-1.0
27288,13.0,0,0.0
27289,16.0,0,1.0
27290,26.0,0,2.0
27291,0.0,0,2.0
27292,24.0,0,0.0
27293,25.0,0,3.0
27294,24.0,0,2.0
27295,18.0,0,2.0
27296,4.0,1,4.0
27297,12.0,0,0.0
27298,0.0,0,1.0
27299,29.0,1,-2.0
27300,20.0,0,4.0
27301,13.0,0,1.0
27302,29.0,0,-1.0
27303,27.0,0,-1.0
27304,0.0,0,0.0
27305,0.0,0,0.0
27306,14.0,0,-2.0
27307,0.0,0,7.0
27308,9.0,0,5.0
27309,0.0,0,0.0
27310,1.0,1,1.0
27311,14.0,0,-1.0
27312,14.0,0,1.0
27313,0.0,0,0.0
27314,0.0,0,0.0
27315,7.0,0,1.0
27316,0.0,0,4.0
27317,29.0,0,2.0
27318,0.0,0,0.0
27319,20.0,0,1.0
27320,24.0,1,1.0
27321,30.0,0,1.0
27322,2.0,0,-2.0
27323,0.0,0,1.0
27324,2.0,0,-2.0
27325,9.0,0,2.0
27326,31.0,0,-3.0
27327,23.0,0,-2.0
27328,21.0,0,1.0
27329,0.0,0,3.0
27330,27.0,0,2.0
27331,12.0,0,2.0
27332,11.0,1,2.0
27333,7.0,1,-0.0
27334,0.0,0,0.0
27335,2.0,0,-0.0
27336,6.0,1,1.0
27337,31.0,0,0.0
27338,12.0,0,-2.0
27339,27.0,0,2.0
27340,0.0,0,2.0
27341,19.0,0,-2.0
27342,15.0,0,0.0
27343,8.0,0,1.0
27344,31.0,0,0.0
27345,0.0,0,0.0
27346,31.0,0,0.0
27347,28.0,0,1.0
27348,31.0,0,-1.0
27349,0.0,0,0.0
27350,31.0,0,0.0
27351,28.0,0,1.0
27352,31.0,0,0.0
27353,25.0,0,3.0
27354,16.0,0,2.0
27355,2.0,1,2.0
27356,0.0,0,5.0
27357,18.0,0,3.0
27358,0.0,0,2.0
27359,31.0,0,-1.0
27360,27.0,0,4.0
27361,24.0,0,3.0
27362,7.0,1,0.0
27363,4.0,1,2.0
27364,31.0,0,0.0
27365,17.0,0,2.0
27366,25.0,0,-0.0
27367,28.0,0,-1.0
27368,0.0,0,0.0
27369,0.0,0,3.0
27370,0.0,0,3.0
27371,15.0,1,1.0
27372,30.0,0,1.0
27373,31.0,0,0.0
27374,27.0,0,1.0
27375,23.0,0,0.0
27376,28.0,1,-1.0
27377,20.0,0,-1.0
27378,2.0,0,1.0
27379,31.0,0,0.0
27380,10.0,0,-1.0
27381,31.0,0,-2.0
27382,0.0,0,2.0
27383,24.0,0,4.0
27384,0.0,0,0.0
27385,31.0,1,0.0
27386,23.0,0,6.0
27387,0.0,0,4.0
27388,1.0,1,1.0
27389,24.0,0,0.0
27390,25.0,0,4.0
27391,0.0,0,2.0
27392,26.0,0,4.0
27393,4.0,0,2.0
27394,15.0,0,-0.0
27395,7.0,0,-1.0
27396,26.0,0,-0.0
27397,11.0,0,0.0
27398,31.0,1,0.0
27399,0.0,0,0.0
27400,22.0,0,-1.0
27401,29.0,0,2.0
27402,2.0,0,1.0
27403,29.0,0,1.0
27404,28.0,0,-0.0
27405,18.0,0,1.0
27406,26.0,1,3.0
27407,18.0,0,0.0
27408,26.0,0,2.0
27409,14.0,0,4.0
27410,19.0,0,4.0
27411,26.0,1,1.0
27412,27.0,0,0.0
27413,30.0,0,-1.0
27414,24.0,0,1.0
27415,18.0,0,1.0
27416,7.0,1,2.0
27417,13.0,0,2.0
27418,12.0,0,2.0
27419,29.0,0,-1.0
27420,0.0,1,0.0
27421,8.0,1,3.0
27422,0.0,0,2.0
27423,12.0,1,1.0
27424,31.0,0,0.0
27425,26.0,0,2.0
27426,0.0,0,0.0
27427,0.0,1,0.0
27428,20.0,0,-0.0
27429,2.0,0,-0.0
27430,0.0,0,1.0
27431,0.0,0,0.0
27432,0.0,0,0.0
27433,29.0,0,2.0
27434,0.0,0,1.0
27435,31.0,0,0.0
27436,14.0,0,1.0
27437,0.0,1,0.0
27438,22.0,0,1.0
27439,31.0,0,-1.0
27440,22.0,0,-2.0
27441,29.0,1,2.0
27442,31.0,1,1.0
27443,4.0,0,-1.0
27444,31.0,1,1.0
27445,31.0,0,0.0
27446,0.0,0,2.0
27447,31.0,0,0.0
27448,17.0,0,3.0
27449,31.0,0,0.0
27450,17.0,0,0.0
27451,9.0,0,2.0
27452,17.0,0,0.0
27453,13.0,1,2.0
27454,19.0,0,-0.0
27455,29.0,0,1.0
27456,0.0,0,1.0
27457,14.0,0,3.0
27458,0.0,0,5.0
27459,0.0,0,6.0
27460,1.0,1,1.0
27461,13.0,1,5.0
27462,7.0,0,3.0
27463,23.0,0,-3.0
27464,0.0,0,2.0
27465,30.0,0,-0.0
27466,24.0,0,3.0
27467,31.0,0,0.0
27468,0.0,0,2.0
27469,31.0,1,1.0
27470,3.0,0,-1.0
27471,25.0,0,-0.0
27472,24.0,0,-1.0
27473,0.0,0,0.0
27474,0.0,0,2.0
27475,31.0,1,1.0
27476,31.0,1,1.0
27477,14.0,0,4.0
27478,24.0,0,-0.0
27479,0.0,0,1.0
27480,17.0,0,3.0
27481,0.0,0,2.0
27482,30.0,0,-3.0
27483,19.0,0,3.0
27484,31.0,0,0.0
27485,0.0,1,0.0
27486,5.0,0,0.0
27487,0.0,0,0.0
27488,22.0,0,-1.0
27489,0.0,0,0.0
27490,5.0,0,-1.0
27491,31.0,1,0.0
27492,0.0,0,0.0
27493,0.0,1,0.0
27494,0.0,0,0.0
27495,21.0,0,1.0
27496,1.0,0,-1.0
27497,11.0,0,-0.0
27498,31.0,0,0.0
27499,0.0,0,1.0
27500,23.0,0,6.0
27501,5.0,0,-1.0
27502,30.0,0,-1.0
27503,29.0,0,1.0
27504,0.0,0,2.0
27505,31.0,0,0.0
27506,15.0,0,1.0
27507,17.0,0,0.0
27508,8.0,0,1.0
27509,23.0,0,-0.0
27510,31.0,0,-2.0
27511,3.0,1,3.0
27512,0.0,0,2.0
27513,13.0,0,-3.0
27514,0.0,1,0.0
27515,5.0,0,2.0
27516,0.0,1,0.0
27517,19.0,0,0.0
27518,29.0,0,0.0
27519,21.0,0,2.0
27520,0.0,0,0.0
27521,31.0,0,0.0
27522,0.0,0,0.0
27523,7.0,0,3.0
27524,8.0,0,1.0
27525,30.0,0,1.0
27526,27.0,0,1.0
27527,31.0,0,-1.0
27528,20.0,0,2.0
27529,27.0,0,1.0
27530,31.0,1,0.0
27531,29.0,0,1.0
27532,0.0,0,4.0
27533,0.0,0,1.0
27534,17.0,0,2.0
27535,1.0,0,1.0
27536,2.0,1,0.0
27537,31.0,0,0.0
27538,31.0,0,0.0
27539,28.0,1,-3.0
27540,0.0,0,7.0
27541,0.0,0,0.0
27542,0.0,0,0.0
27543,28.0,0,0.0
27544,0.0,0,0.0
27545,0.0,0,0.0
27546,27.0,0,2.0
27547,23.0,0,1.0
27548,31.0,0,0.0
27549,31.0,0,0.0
27550,9.0,0,-2.0
27551,23.0,0,1.0
27552,31.0,0,-0.0
27553,0.0,0,2.0
27554,1.0,0,2.0
27555,22.0,0,1.0
27556,17.0,0,-1.0
27557,28.0,0,1.0
27558,20.0,0,-1.0
27559,0.0,0,2.0
27560,0.0,1,0.0
27561,4.0,1,4.0
27562,4.0,0,2.0
27563,30.0,1,6.0
27564,0.0,0,0.0
27565,0.0,1,0.0
27566,13.0,0,-2.0
27567,28.0,0,-3.0
27568,31.0,0,0.0
27569,0.0,0,0.0
27570,0.0,0,0.0
27571,31.0,0,-1.0
27572,24.0,0,-2.0
27573,26.0,0,-2.0
27574,0.0,0,0.0
27575,0.0,0,2.0
27576,20.0,0,4.0
27577,23.0,0,2.0
27578,30.0,0,-1.0
27579,0.0,0,0.0
27580,0.0,0,1.0
27581,28.0,0,2.0
27582,31.0,0,0.0
27583,0.0,0,0.0
27584,21.0,0,4.0
27585,11.0,0,2.0
27586,10.0,0,-1.0
27587,13.0,1,-2.0
27588,31.0,0,0.0
27589,31.0,0,-1.0
27590,17.0,0,-0.0
27591,12.0,0,2.0
27592,0.0,0,0.0
27593,0.0,0,0.0
27594,0.0,1,0.0
27595,5.0,0,1.0
27596,31.0,0,0.0
27597,3.0,0,3.0
27598,13.0,1,2.0
27599,0.0,0,0.0
27600,23.0,0,0.0
27601,31.0,0,0.0
27602,28.0,0,-1.0
27603,30.0,1,-1.0
27604,7.0,0,-2.0
27605,30.0,0,1.0
27606,10.0,0,2.0
27607,0.0,0,0.0
27608,31.0,0,-0.0
27609,0.0,0,0.0
27610,24.0,0,1.0
27611,0.0,0,0.0
27612,27.0,1,-2.0
27613,30.0,0,1.0
27614,0.0,0,0.0
27615,13.0,0,1.0
27616,31.0,0,0.0
27617,30.0,0,1.0
27618,24.0,0,1.0
27619,0.0,0,1.0
27620,0.0,0,2.0
27621,0.0,0,0.0
27622,4.0,0,-3.0
27623,28.0,0,1.0
27624,12.0,0,3.0
27625,31.0,1,0.0
27626,14.0,0,1.0
27627,0.0,0,2.0
27628,27.0,1,2.0
27629,31.0,0,0.0
27630,0.0,0,0.0
27631,18.0,0,0.0
27632,0.0,0,3.0
27633,20.0,0,0.0
27634,2.0,1,2.0
27635,31.0,0,0.0
27636,31.0,0,0.0
27637,0.0,0,0.0
27638,6.0,0,0.0
27639,31.0,1,0.0
27640,27.0,1,2.0
27641,9.0,0,1.0
27642,0.0,0,2.0
27643,1.0,1,1.0
27644,0.0,0,2.0
27645,18.0,0,2.0
27646,0.0,0,0.0
27647,20.0,0,0.0
27648,0.0,0,0.0
27649,0.0,0,0.0
27650,0.0,0,0.0
27651,31.0,0,0.0
27652,1.0,1,1.0
27653,0.0,0,1.0
27654,0.0,0,0.0
27655,26.0,0,3.0
27656,30.0,0,0.0
27657,29.0,0,-2.0
27658,20.0,1,5.0
27659,18.0,0,-1.0
27660,0.0,0,2.0
27661,9.0,0,-2.0
27662,28.0,0,-1.0
27663,21.0,0,-1.0
27664,0.0,0,0.0
27665,0.0,0,0.0
27666,7.0,0,-1.0
27667,18.0,0,-0.0
27668,24.0,0,-0.0
27669,0.0,0,3.0
27670,17.0,0,-2.0
27671,0.0,0,1.0
27672,0.0,0,3.0
27673,0.0,0,6.0
27674,11.0,0,1.0
27675,31.0,0,0.0
27676,28.0,0,2.0
27677,0.0,0,1.0
27678,8.0,1,1.0
27679,17.0,0,2.0
27680,31.0,0,0.0
27681,25.0,0,1.0
27682,13.0,0,3.0
27683,0.0,0,0.0
27684,25.0,0,3.0
27685,13.0,0,2.0
27686,0.0,0,0.0
27687,25.0,0,-1.0
27688,0.0,0,1.0
27689,19.0,1,4.0
27690,24.0,0,2.0
27691,27.0,0,-0.0
27692,0.0,0,0.0
27693,3.0,0,1.0
27694,31.0,0,0.0
27695,27.0,1,-0.0
27696,7.0,0,-0.0
27697,3.0,0,1.0
27698,22.0,0,2.0
27699,14.0,0,3.0
27700,0.0,0,0.0
27701,0.0,0,2.0
27702,25.0,0,3.0
27703,0.0,0,7.0
27704,22.0,0,2.0
27705,26.0,0,0.0
27706,15.0,1,2.0
27707,0.0,0,2.0
27708,25.0,0,2.0
27709,0.0,0,0.0
27710,3.0,1,3.0
27711,19.0,0,3.0
27712,9.0,0,-1.0
27713,13.0,0,-3.0
27714,21.0,0,3.0
27715,31.0,0,-0.0
27716,2.0,0,3.0
27717,6.0,0,-1.0
27718,17.0,0,-1.0
27719,27.0,0,0.0
27720,0.0,0,3.0
27721,9.0,0,1.0
27722,24.0,1,4.0
27723,20.0,0,-1.0
27724,18.0,0,-0.0
27725,13.0,0,4.0
27726,19.0,0,2.0
27727,0.0,0,0.0
27728,1.0,1,1.0
27729,0.0,0,1.0
27730,0.0,0,0.0
27731,0.0,0,0.0
27732,31.0,0,-1.0
27733,0.0,0,0.0
27734,0.0,1,-1.0
27735,31.0,0,0.0
27736,31.0,0,-1.0
27737,28.0,0,-0.0
27738,0.0,0,0.0
27739,0.0,0,4.0
27740,31.0,1,0.0
27741,21.0,0,-0.0
27742,26.0,0,2.0
27743,24.0,1,-3.0
27744,0.0,0,0.0
27745,23.0,0,0.0
27746,31.0,0,0.0
27747,31.0,0,-2.0
27748,31.0,0,0.0
27749,30.0,1,2.0
27750,12.0,0,1.0
27751,2.0,0,3.0
27752,7.0,0,0.0
27753,14.0,0,2.0
27754,13.0,0,3.0
27755,14.0,0,1.0
27756,20.0,0,3.0
27757,0.0,0,0.0
27758,22.0,1,3.0
27759,31.0,1,5.0
27760,17.0,0,2.0
27761,0.0,0,0.0
27762,31.0,0,-0.0
27763,16.0,0,-2.0
27764,9.0,0,-1.0
27765,28.0,1,-1.0
27766,0.0,0,3.0
27767,25.0,0,2.0
27768,0.0,0,0.0
27769,24.0,0,-2.0
27770,1.0,1,1.0
27771,0.0,0,1.0
27772,23.0,0,1.0
27773,13.0,0,6.0
27774,9.0,1,4.0
27775,17.0,0,-0.0
27776,0.0,0,1.0
27777,0.0,0,3.0
27778,16.0,0,4.0
27779,27.0,0,4.0
27780,11.0,0,1.0
27781,19.0,0,1.0
27782,0.0,0,4.0
27783,0.0,0,1.0
27784,0.0,0,1.0
27785,0.0,0,2.0
27786,0.0,0,2.0
27787,13.0,0,1.0
27788,0.0,0,2.0
27789,0.0,0,0.0
27790,27.0,0,-0.0
27791,0.0,0,0.0
27792,0.0,0,0.0
27793,1.0,1,1.0
27794,0.0,0,0.0
27795,8.0,0,1.0
27796,24.0,0,0.0
27797,0.0,0,2.0
27798,26.0,0,0.0
27799,31.0,1,1.0
27800,23.0,0,2.0
27801,26.0,0,2.0
27802,11.0,1,2.0
27803,7.0,0,1.0
27804,10.0,0,-2.0
27805,14.0,0,2.0
27806,4.0,0,1.0
27807,0.0,0,1.0
27808,0.0,0,1.0
27809,0.0,0,0.0
27810,14.0,0,1.0
27811,29.0,1,0.0
27812,28.0,0,3.0
27813,2.0,0,2.0
27814,20.0,1,0.0
27815,24.0,0,1.0
27816,14.0,0,2.0
27817,18.0,0,3.0
27818,31.0,0,0.0
27819,31.0,0,-1.0
27820,24.0,0,1.0
27821,30.0,0,-1.0
27822,21.0,1,2.0
27823,0.0,0,1.0
27824,0.0,1,0.0
27825,31.0,0,0.0
27826,4.0,0,1.0
27827,0.0,0,2.0
27828,27.0,0,1.0
27829,0.0,0,0.0
27830,22.0,0,2.0
27831,31.0,0,0.0
27832,29.0,0,2.0
27833,3.0,0,-1.0
27834,14.0,0,-1.0
27835,24.0,0,1.0
27836,3.0,0,2.0
27837,26.0,1,4.0
27838,31.0,0,0.0
27839,0.0,0,0.0
27840,28.0,0,-2.0
27841,31.0,0,0.0
27842,14.0,1,6.0
27843,31.0,0,0.0
27844,24.0,0,0.0
27845,29.0,0,2.0
27846,2.0,0,1.0
27847,6.0,0,-2.0
27848,18.0,0,-0.0
27849,26.0,0,2.0
27850,31.0,0,0.0
27851,0.0,0,3.0
27852,28.0,0,0.0
27853,3.0,1,3.0
27854,18.0,0,-0.0
27855,17.0,0,1.0
27856,2.0,1,2.0
27857,20.0,1,3.0
27858,31.0,0,0.0
27859,28.0,1,2.0
27860,0.0,1,0.0
27861,27.0,0,0.0
27862,31.0,1,0.0
27863,27.0,0,2.0
27864,30.0,1,4.0
27865,0.0,0,1.0
27866,26.0,0,-1.0
27867,7.0,0,1.0
27868,4.0,0,1.0
27869,25.0,0,1.0
27870,29.0,0,2.0
27871,0.0,0,0.0
27872,21.0,0,2.0
27873,30.0,0,1.0
27874,0.0,0,3.0
27875,6.0,1,3.0
27876,12.0,1,2.0
27877,0.0,0,0.0
27878,2.0,1,2.0
27879,31.0,0,0.0
27880,0.0,0,1.0
27881,0.0,0,1.0
27882,30.0,1,-0.0
27883,3.0,0,1.0
27884,1.0,0,-0.0
27885,26.0,0,0.0
27886,0.0,0,1.0
27887,20.0,0,1.0
27888,0.0,1,0.0
27889,6.0,0,3.0
27890,0.0,0,0.0
27891,27.0,0,4.0
27892,0.0,0,0.0
27893,28.0,0,1.0
27894,4.0,0,0.0
27895,19.0,0,4.0
27896,23.0,0,2.0
27897,28.0,0,1.0
27898,26.0,0,2.0
27899,0.0,0,1.0
27900,31.0,0,-0.0
27901,0.0,0,0.0
27902,18.0,0,1.0
27903,0.0,0,1.0
27904,17.0,0,1.0
27905,0.0,1,0.0
27906,0.0,0,0.0
27907,0.0,0,1.0
27908,19.0,0,2.0
27909,26.0,1,2.0
27910,0.0,0,0.0
27911,0.0,0,3.0
27912,23.0,0,0.0
27913,17.0,1,-3.0
27914,17.0,0,0.0
27915,20.0,0,-0.0
27916,14.0,0,4.0
27917,24.0,0,0.0
27918,3.0,0,4.0
27919,8.0,0,3.0
27920,0.0,0,0.0
27921,29.0,0,1.0
27922,2.0,1,2.0
27923,0.0,0,0.0
27924,31.0,0,0.0
27925,30.0,0,-2.0
27926,0.0,0,0.0
27927,17.0,0,1.0
27928,31.0,0,-2.0
27929,5.0,0,2.0
27930,10.0,0,0.0
27931,1.0,0,1.0
27932,14.0,1,2.0
27933,1.0,0,4.0
27934,0.0,0,2.0
27935,28.0,0,3.0
27936,0.0,0,1.0
27937,13.0,1,-1.0
27938,28.0,0,3.0
27939,0.0,0,0.0
27940,0.0,0,1.0
27941,0.0,0,2.0
27942,16.0,0,-0.0
27943,0.0,0,0.0
27944,31.0,0,-3.0
27945,31.0,1,0.0
27946,31.0,0,0.0
27947,12.0,0,2.0
27948,0.0,0,0.0
27949,18.0,0,-1.0
27950,8.0,0,2.0
27951,28.0,0,2.0
27952,29.0,1,1.0
27953,31.0,0,0.0
27954,25.0,0,1.0
27955,17.0,0,0.0
27956,0.0,0,1.0
27957,17.0,0,-2.0
27958,31.0,1,1.0
27959,19.0,1,0.0
27960,26.0,0,1.0
27961,31.0,0,0.0
27962,0.0,0,2.0
27963,3.0,1,3.0
27964,0.0,0,0.0
27965,21.0,0,3.0
27966,10.0,1,1.0
27967,0.0,0,1.0
27968,16.0,0,1.0
27969,0.0,0,0.0
27970,2.0,1,2.0
27971,9.0,0,-0.0
27972,0.0,0,3.0
27973,0.0,0,2.0
27974,28.0,0,2.0
27975,8.0,0,-1.0
27976,0.0,0,2.0
27977,0.0,0,2.0
27978,27.0,0,4.0
27979,29.0,0,0.0
27980,30.0,0,1.0
27981,20.0,0,-1.0
27982,12.0,0,3.0
27983,5.0,0,1.0
27984,21.0,0,-0.0
27985,13.0,0,1.0
27986,31.0,0,0.0
27987,27.0,0,-3.0
27988,31.0,0,0.0
27989,31.0,1,0.0
27990,29.0,0,1.0
27991,0.0,0,1.0
27992,2.0,0,-1.0
27993,1.0,0,2.0
27994,31.0,0,0.0
27995,4.0,1,4.0
27996,23.0,0,1.0
27997,29.0,0,1.0
27998,31.0,0,0.0
27999,31.0,0,0.0
28000,28.0,0,2.0
28001,22.0,0,3.0
28002,31.0,0,0.0
28003,1.0,1,1.0
28004,0.0,0,3.0
28005,10.0,1,3.0
28006,31.0,0,0.0
28007,0.0,0,0.0
28008,0.0,0,0.0
28009,5.0,1,3.0
28010,13.0,0,2.0
28011,0.0,0,2.0
28012,14.0,0,1.0
28013,30.0,0,0.0
28014,0.0,0,2.0
28015,30.0,1,-0.0
28016,9.0,0,-2.0
28017,22.0,0,0.0
28018,0.0,0,0.0
28019,28.0,0,2.0
28020,0.0,0,3.0
28021,7.0,0,1.0
28022,11.0,0,-0.0
28023,0.0,0,0.0
28024,25.0,0,2.0
28025,31.0,0,-1.0
28026,31.0,0,0.0
28027,26.0,0,3.0
28028,1.0,0,1.0
28029,14.0,1,1.0
28030,6.0,0,-2.0
28031,16.0,0,0.0
28032,0.0,0,0.0
28033,0.0,0,0.0
28034,31.0,0,0.0
28035,0.0,0,0.0
28036,22.0,0,4.0
28037,13.0,1,0.0
28038,0.0,0,2.0
28039,31.0,0,0.0
28040,31.0,0,0.0
28041,26.0,0,0.0
28042,0.0,0,0.0
28043,0.0,0,0.0
28044,30.0,0,1.0
28045,0.0,0,2.0
28046,0.0,0,1.0
28047,1.0,1,1.0
28048,0.0,0,0.0
28049,0.0,0,0.0
28050,0.0,0,1.0
28051,19.0,0,3.0
28052,24.0,0,1.0
28053,2.0,0,2.0
28054,6.0,1,1.0
28055,29.0,0,2.0
28056,0.0,0,2.0
28057,13.0,0,-1.0
28058,23.0,0,5.0
28059,15.0,0,-0.0
28060,31.0,0,0.0
28061,31.0,1,0.0
28062,0.0,0,2.0
28063,27.0,0,1.0
28064,24.0,0,3.0
28065,19.0,0,3.0
28066,0.0,0,3.0
28067,2.0,1,2.0
28068,0.0,1,0.0
28069,30.0,0,1.0
28070,27.0,0,1.0
28071,2.0,0,5.0
28072,31.0,0,0.0
28073,30.0,1,0.0
28074,22.0,0,2.0
28075,25.0,0,1.0
28076,0.0,0,0.0
28077,17.0,1,0.0
28078,29.0,0,1.0
28079,31.0,1,1.0
28080,8.0,0,-1.0
28081,30.0,0,1.0
28082,26.0,1,4.0
28083,0.0,0,3.0
28084,24.0,0,-1.0
28085,31.0,0,0.0
28086,0.0,1,0.0
28087,11.0,0,1.0
28088,26.0,0,-1.0
28089,0.0,0,2.0
28090,20.0,0,-0.0
28091,20.0,0,1.0
28092,0.0,0,1.0
28093,0.0,0,0.0
28094,22.0,0,-1.0
28095,31.0,0,0.0
28096,23.0,0,0.0
28097,0.0,1,0.0
28098,0.0,0,0.0
28099,23.0,1,3.0
28100,8.0,0,2.0
28101,0.0,0,1.0
28102,16.0,0,0.0
28103,29.0,0,2.0
28104,19.0,1,0.0
28105,5.0,0,-3.0
28106,11.0,0,2.0
28107,0.0,0,0.0
28108,11.0,0,1.0
28109,23.0,0,2.0
28110,28.0,1,4.0
28111,0.0,0,0.0
28112,0.0,0,0.0
28113,19.0,0,4.0
28114,15.0,0,1.0
28115,13.0,0,4.0
28116,25.0,0,1.0
28117,31.0,1,0.0
28118,26.0,0,1.0
28119,0.0,0,2.0
28120,31.0,0,0.0
28121,0.0,0,0.0
28122,26.0,0,3.0
28123,0.0,0,0.0
28124,19.0,0,0.0
28125,0.0,0,1.0
28126,20.0,0,0.0
28127,0.0,0,0.0
28128,0.0,0,2.0
28129,4.0,0,0.0
28130,0.0,1,0.0
28131,31.0,0,0.0
28132,0.0,0,1.0
28133,10.0,0,-4.0
28134,5.0,0,1.0
28135,0.0,0,4.0
28136,31.0,0,-0.0
28137,7.0,0,-1.0
28138,5.0,0,2.0
28139,10.0,0,3.0
28140,0.0,0,0.0
28141,27.0,0,1.0
28142,9.0,0,1.0
28143,0.0,0,0.0
28144,0.0,0,1.0
28145,0.0,0,1.0
28146,2.0,0,-0.0
28147,17.0,0,-1.0
28148,1.0,1,1.0
28149,0.0,0,0.0
28150,19.0,0,1.0
28151,30.0,0,-2.0
28152,14.0,0,-3.0
28153,4.0,0,-1.0
28154,28.0,0,1.0
28155,9.0,0,-1.0
28156,28.0,0,-1.0
28157,14.0,0,6.0
28158,23.0,1,1.0
28159,23.0,0,2.0
28160,0.0,0,4.0
28161,0.0,1,0.0
28162,27.0,1,0.0
28163,0.0,0,0.0
28164,15.0,0,2.0
28165,28.0,0,0.0
28166,27.0,0,3.0
28167,20.0,1,1.0
28168,12.0,0,-1.0
28169,2.0,0,-2.0
28170,30.0,1,1.0
28171,0.0,0,1.0
28172,31.0,1,2.0
28173,0.0,0,0.0
28174,0.0,0,3.0
28175,31.0,0,0.0
28176,30.0,1,1.0
28177,27.0,0,1.0
28178,31.0,0,0.0
28179,0.0,0,0.0
28180,24.0,0,2.0
28181,2.0,0,-1.0
28182,31.0,0,0.0
28183,0.0,1,0.0
28184,2.0,1,2.0
28185,26.0,0,2.0
28186,31.0,1,2.0
28187,31.0,0,0.0
28188,31.0,0,-2.0
28189,20.0,0,0.0
28190,31.0,0,0.0
28191,2.0,1,2.0
28192,5.0,0,4.0
28193,31.0,0,0.0
28194,0.0,0,3.0
28195,31.0,0,0.0
28196,0.0,0,0.0
28197,28.0,1,-1.0
28198,0.0,0,3.0
28199,12.0,0,-0.0
28200,20.0,0,3.0
28201,0.0,0,0.0
28202,0.0,0,1.0
28203,30.0,1,-1.0
28204,5.0,0,0.0
28205,30.0,1,2.0
28206,28.0,0,-0.0
28207,7.0,0,-1.0
28208,12.0,0,-3.0
28209,0.0,0,0.0
28210,3.0,0,-0.0
28211,29.0,0,-1.0
28212,31.0,1,1.0
28213,0.0,0,0.0
28214,0.0,0,5.0
28215,26.0,0,3.0
28216,0.0,0,0.0
28217,23.0,0,-0.0
28218,27.0,0,1.0
28219,19.0,0,1.0
28220,4.0,0,-1.0
28221,0.0,0,0.0
28222,29.0,0,2.0
28223,13.0,1,-0.0
28224,22.0,0,0.0
28225,28.0,0,3.0
28226,0.0,0,0.0
28227,24.0,0,-1.0
28228,16.0,0,2.0
28229,0.0,0,0.0
28230,29.0,0,1.0
28231,0.0,0,1.0
28232,23.0,0,2.0
28233,0.0,0,2.0
28234,25.0,0,-1.0
28235,2.0,0,1.0
28236,2.0,0,-0.0
28237,30.0,0,1.0
28238,11.0,0,5.0
28239,15.0,1,2.0
28240,29.0,0,2.0
28241,24.0,0,1.0
28242,31.0,1,0.0
28243,12.0,1,-1.0
28244,12.0,0,6.0
28245,14.0,0,0.0
28246,0.0,0,0.0
28247,31.0,0,0.0
28248,30.0,0,1.0
28249,23.0,0,2.0
28250,31.0,0,0.0
28251,25.0,0,1.0
28252,0.0,0,0.0
28253,13.0,0,0.0
28254,11.0,0,1.0
28255,28.0,0,-0.0
28256,3.0,1,3.0
28257,28.0,0,3.0
28258,0.0,0,2.0
28259,3.0,0,2.0
28260,31.0,0,0.0
28261,11.0,0,1.0
28262,0.0,0,2.0
28263,25.0,0,3.0
28264,28.0,0,0.0
28265,0.0,1,-2.0
28266,0.0,0,2.0
28267,2.0,1,2.0
28268,28.0,0,2.0
28269,23.0,0,1.0
28270,28.0,0,-1.0
28271,31.0,1,1.0
28272,0.0,0,1.0
28273,29.0,0,2.0
28274,31.0,1,2.0
28275,22.0,0,3.0
28276,0.0,0,3.0
28277,31.0,1,0.0
28278,26.0,0,5.0
28279,10.0,0,3.0
28280,31.0,0,0.0
28281,5.0,1,5.0
28282,16.0,0,-0.0
28283,30.0,0,-2.0
28284,2.0,0,2.0
28285,0.0,0,1.0
28286,13.0,0,2.0
28287,22.0,1,1.0
28288,28.0,0,-0.0
28289,16.0,0,1.0
28290,23.0,0,1.0
28291,0.0,0,1.0
28292,0.0,0,2.0
28293,8.0,0,-2.0
28294,2.0,1,2.0
28295,29.0,0,-2.0
28296,20.0,1,1.0
28297,25.0,0,3.0
28298,27.0,1,-0.0
28299,25.0,0,1.0
28300,25.0,0,2.0
28301,10.0,0,-0.0
28302,0.0,0,1.0
28303,31.0,0,0.0
28304,4.0,1,4.0
28305,0.0,0,0.0
28306,30.0,0,1.0
28307,28.0,0,0.0
28308,0.0,0,1.0
28309,18.0,0,-2.0
28310,31.0,1,0.0
28311,30.0,0,1.0
28312,27.0,0,4.0
28313,29.0,1,1.0
28314,31.0,1,0.0
28315,31.0,0,0.0
28316,17.0,0,2.0
28317,0.0,0,2.0
28318,31.0,0,0.0
28319,21.0,0,-4.0
28320,31.0,0,0.0
28321,0.0,0,3.0
28322,26.0,0,1.0
28323,0.0,1,0.0
28324,28.0,0,2.0
28325,24.0,0,-0.0
28326,31.0,0,0.0
28327,0.0,0,0.0
28328,21.0,0,-3.0
28329,1.0,0,-0.0
28330,29.0,0,2.0
28331,28.0,0,2.0
28332,17.0,1,1.0
28333,26.0,0,0.0
28334,0.0,0,6.0
28335,30.0,0,0.0
28336,31.0,0,0.0
28337,31.0,0,0.0
28338,0.0,0,1.0
28339,12.0,0,2.0
28340,18.0,0,2.0
28341,24.0,0,1.0
28342,0.0,0,3.0
28343,0.0,0,1.0
28344,31.0,0,0.0
28345,31.0,1,0.0
28346,31.0,0,-1.0
28347,17.0,0,0.0
28348,24.0,0,0.0
28349,2.0,1,2.0
28350,10.0,0,-3.0
28351,31.0,1,1.0
28352,27.0,1,4.0
28353,26.0,0,-2.0
28354,31.0,0,-2.0
28355,0.0,0,0.0
28356,31.0,1,3.0
28357,14.0,0,1.0
28358,30.0,0,-1.0
28359,14.0,0,1.0
28360,0.0,0,2.0
28361,16.0,0,1.0
28362,28.0,0,3.0
28363,30.0,1,3.0
28364,18.0,0,-2.0
28365,10.0,0,3.0
28366,0.0,0,6.0
28367,13.0,0,-2.0
28368,3.0,1,2.0
28369,22.0,0,2.0
28370,2.0,1,1.0
28371,0.0,0,1.0
28372,31.0,0,-1.0
28373,5.0,0,4.0
28374,0.0,0,1.0
28375,27.0,0,2.0
28376,23.0,0,1.0
28377,26.0,0,2.0
28378,23.0,1,0.0
28379,31.0,0,-2.0
28380,0.0,0,5.0
28381,16.0,0,1.0
28382,26.0,0,3.0
28383,8.0,0,2.0
28384,25.0,0,3.0
28385,16.0,0,-1.0
28386,2.0,0,-1.0
28387,25.0,0,-0.0
28388,0.0,0,0.0
28389,0.0,0,0.0
28390,0.0,0,1.0
28391,0.0,0,1.0
28392,16.0,0,-2.0
28393,0.0,0,1.0
28394,27.0,0,3.0
28395,0.0,0,0.0
28396,3.0,1,0.0
28397,24.0,0,-4.0
28398,0.0,0,1.0
28399,21.0,0,3.0
28400,8.0,0,-3.0
28401,0.0,0,2.0
28402,31.0,0,0.0
28403,23.0,0,1.0
28404,29.0,0,2.0
28405,0.0,0,5.0
28406,30.0,0,1.0
28407,0.0,0,4.0
28408,0.0,0,0.0
28409,31.0,0,0.0
28410,0.0,1,0.0
28411,1.0,0,-1.0
28412,0.0,0,0.0
28413,28.0,0,-3.0
28414,0.0,0,0.0
28415,0.0,0,3.0
28416,0.0,0,0.0
28417,0.0,0,0.0
28418,0.0,0,2.0
28419,27.0,1,0.0
28420,31.0,0,0.0
28421,31.0,0,0.0
28422,0.0,0,2.0
28423,25.0,1,4.0
28424,0.0,1,-1.0
28425,24.0,0,4.0
28426,27.0,0,-0.0
28427,31.0,1,0.0
28428,18.0,1,3.0
28429,27.0,0,4.0
28430,19.0,0,2.0
28431,5.0,0,-3.0
28432,23.0,1,1.0
28433,24.0,0,0.0
28434,30.0,1,1.0
28435,18.0,0,6.0
28436,26.0,0,5.0
28437,17.0,0,2.0
28438,0.0,0,0.0
28439,18.0,0,1.0
28440,31.0,0,0.0
28441,2.0,1,2.0
28442,30.0,0,1.0
28443,2.0,0,-2.0
28444,3.0,0,-0.0
28445,0.0,0,0.0
28446,28.0,0,3.0
28447,31.0,0,0.0
28448,24.0,0,-0.0
28449,5.0,0,-0.0
28450,31.0,0,0.0
28451,30.0,0,1.0
28452,31.0,0,0.0
28453,10.0,0,3.0
28454,0.0,1,0.0
28455,27.0,0,1.0
28456,0.0,1,0.0
28457,30.0,0,1.0
28458,5.0,0,-1.0
28459,27.0,0,1.0
28460,23.0,0,2.0
28461,28.0,0,1.0
28462,25.0,0,-0.0
28463,6.0,0,3.0
28464,0.0,1,0.0
28465,30.0,1,4.0
28466,31.0,1,2.0
28467,25.0,0,3.0
28468,0.0,0,1.0
28469,3.0,1,3.0
28470,31.0,1,2.0
28471,0.0,0,1.0
28472,0.0,0,1.0
28473,0.0,1,0.0
28474,0.0,0,1.0
28475,18.0,0,1.0
28476,0.0,0,1.0
28477,0.0,1,0.0
28478,0.0,0,0.0
28479,0.0,0,2.0
28480,23.0,0,1.0
28481,29.0,0,1.0
28482,18.0,0,2.0
28483,27.0,0,2.0
28484,29.0,1,4.0
28485,19.0,1,3.0
28486,20.0,0,4.0
28487,16.0,0,-1.0
28488,0.0,0,0.0
28489,0.0,0,0.0
28490,0.0,0,0.0
28491,5.0,0,3.0
28492,24.0,0,0.0
28493,6.0,0,1.0
28494,30.0,0,1.0
28495,23.0,0,1.0
28496,2.0,1,2.0
28497,21.0,0,3.0
28498,0.0,0,2.0
28499,20.0,0,2.0
28500,31.0,1,0.0
28501,17.0,0,-1.0
28502,3.0,1,1.0
28503,30.0,0,0.0
28504,5.0,0,2.0
28505,7.0,0,3.0
28506,3.0,0,1.0
28507,0.0,0,2.0
28508,28.0,0,0.0
28509,31.0,0,0.0
28510,2.0,0,2.0
28511,31.0,1,0.0
28512,21.0,0,2.0
28513,0.0,0,0.0
28514,1.0,1,-2.0
28515,11.0,0,-1.0
28516,0.0,0,3.0
28517,0.0,0,0.0
28518,0.0,0,1.0
28519,1.0,1,1.0
28520,30.0,0,0.0
28521,28.0,0,-4.0
28522,1.0,0,-1.0
28523,0.0,0,1.0
28524,25.0,0,0.0
28525,0.0,0,1.0
28526,31.0,0,-2.0
28527,25.0,0,2.0
28528,31.0,0,0.0
28529,7.0,0,5.0
28530,22.0,1,-4.0
28531,12.0,0,-1.0
28532,0.0,0,3.0
28533,2.0,0,-1.0
28534,20.0,0,0.0
28535,0.0,0,0.0
28536,0.0,0,2.0
28537,6.0,0,1.0
28538,0.0,0,1.0
28539,25.0,0,-2.0
28540,25.0,0,1.0
28541,22.0,0,2.0
28542,1.0,1,1.0
28543,2.0,0,2.0
28544,0.0,0,2.0
28545,19.0,0,2.0
28546,30.0,0,0.0
28547,14.0,1,0.0
28548,0.0,0,0.0
28549,1.0,0,1.0
28550,13.0,0,1.0
28551,31.0,0,0.0
28552,15.0,1,3.0
28553,31.0,1,5.0
28554,30.0,0,-3.0
28555,0.0,1,0.0
28556,0.0,1,0.0
28557,3.0,1,-1.0
28558,26.0,0,-3.0
28559,0.0,0,2.0
28560,11.0,0,1.0
28561,0.0,0,0.0
28562,31.0,0,0.0
28563,24.0,1,-0.0
28564,0.0,0,2.0
28565,26.0,1,3.0
28566,4.0,0,-1.0
28567,31.0,0,0.0
28568,0.0,0,0.0
28569,30.0,0,1.0
28570,23.0,0,1.0
28571,0.0,0,1.0
28572,0.0,0,0.0
28573,26.0,1,2.0
28574,0.0,1,0.0
28575,26.0,0,-1.0
28576,0.0,1,0.0
28577,28.0,0,0.0
28578,0.0,0,0.0
28579,28.0,0,-0.0
28580,2.0,0,1.0
28581,19.0,0,-1.0
28582,30.0,0,0.0
28583,0.0,0,1.0
28584,27.0,0,0.0
28585,14.0,0,2.0
28586,0.0,1,0.0
28587,31.0,0,-1.0
28588,29.0,0,0.0
28589,29.0,0,2.0
28590,21.0,0,-3.0
28591,24.0,0,-1.0
28592,18.0,0,1.0
28593,1.0,1,0.0
28594,15.0,0,-4.0
28595,5.0,1,5.0
28596,9.0,0,2.0
28597,31.0,1,0.0
28598,28.0,0,3.0
28599,10.0,0,-0.0
28600,0.0,0,2.0
28601,19.0,0,-0.0
28602,11.0,0,3.0
28603,0.0,0,0.0
28604,31.0,0,0.0
28605,23.0,0,0.0
28606,22.0,0,-0.0
28607,27.0,0,4.0
28608,12.0,0,2.0
28609,0.0,0,0.0
28610,29.0,1,2.0
28611,0.0,0,1.0
28612,27.0,0,1.0
28613,27.0,0,0.0
28614,0.0,1,-2.0
28615,4.0,0,2.0
28616,20.0,0,3.0
28617,19.0,0,4.0
28618,0.0,0,2.0
28619,0.0,0,1.0
28620,1.0,1,1.0
28621,0.0,0,1.0
28622,31.0,0,0.0
28623,0.0,0,4.0
28624,0.0,0,3.0
28625,5.0,0,-0.0
28626,24.0,0,-1.0
28627,22.0,0,2.0
28628,24.0,0,3.0
28629,30.0,1,1.0
28630,29.0,0,2.0
28631,0.0,0,4.0
28632,0.0,0,1.0
28633,0.0,0,0.0
28634,0.0,0,0.0
28635,0.0,0,4.0
28636,31.0,0,0.0
28637,0.0,0,1.0
28638,30.0,1,-1.0
28639,31.0,1,0.0
28640,21.0,0,-4.0
28641,18.0,0,-1.0
28642,28.0,0,-3.0
28643,29.0,0,1.0
28644,26.0,0,5.0
28645,24.0,0,1.0
28646,8.0,0,1.0
28647,29.0,0,1.0
28648,0.0,0,1.0
28649,0.0,0,0.0
28650,3.0,0,-3.0
28651,0.0,0,1.0
28652,3.0,0,-1.0
28653,0.0,0,0.0
28654,23.0,1,-0.0
28655,26.0,0,-1.0
28656,12.0,0,2.0
28657,0.0,0,4.0
28658,29.0,0,0.0
28659,20.0,0,3.0
28660,23.0,0,1.0
28661,31.0,0,0.0
28662,19.0,0,-4.0
28663,6.0,0,1.0
28664,8.0,1,0.0
28665,30.0,0,1.0
28666,29.0,0,-0.0
28667,21.0,0,5.0
28668,10.0,1,2.0
28669,31.0,0,0.0
28670,14.0,0,1.0
28671,0.0,0,1.0
28672,0.0,0,2.0
28673,0.0,0,0.0
28674,0.0,0,1.0
28675,2.0,1,2.0
28676,0.0,0,0.0
28677,29.0,0,2.0
28678,2.0,1,1.0
28679,26.0,0,4.0
28680,23.0,0,-2.0
28681,24.0,0,3.0
28682,10.0,0,0.0
28683,0.0,0,2.0
28684,29.0,0,-1.0
28685,17.0,1,-0.0
28686,24.0,0,2.0
28687,14.0,0,3.0
28688,23.0,0,1.0
28689,23.0,0,1.0
28690,18.0,1,-1.0
28691,30.0,0,1.0
28692,0.0,0,0.0
28693,28.0,0,3.0
28694,0.0,0,1.0
28695,0.0,0,0.0
28696,21.0,0,1.0
28697,19.0,0,-1.0
28698,0.0,0,4.0
28699,4.0,0,2.0
28700,0.0,0,0.0
28701,0.0,0,0.0
28702,23.0,0,3.0
28703,31.0,1,0.0
28704,20.0,0,-3.0
28705,18.0,0,0.0
28706,19.0,0,5.0
28707,31.0,0,0.0
28708,0.0,0,1.0
28709,3.0,1,3.0
28710,15.0,1,0.0
28711,0.0,0,2.0
28712,28.0,1,3.0
28713,4.0,1,4.0
28714,30.0,0,1.0
28715,30.0,0,1.0
28716,25.0,0,-1.0
28717,31.0,0,0.0
28718,0.0,0,0.0
28719,0.0,0,0.0
28720,24.0,0,1.0
28721,0.0,0,3.0
28722,19.0,0,3.0
28723,26.0,0,-0.0
28724,31.0,0,-2.0
28725,0.0,0,2.0
28726,0.0,0,2.0
28727,0.0,1,0.0
28728,19.0,0,2.0
28729,29.0,1,-0.0
28730,15.0,0,-1.0
28731,31.0,1,-0.0
28732,31.0,0,0.0
28733,2.0,1,2.0
28734,26.0,0,1.0
28735,0.0,0,0.0
28736,0.0,0,2.0
28737,26.0,0,3.0
28738,28.0,0,0.0
28739,30.0,0,1.0
28740,4.0,0,4.0
28741,30.0,0,1.0
28742,0.0,0,0.0
28743,1.0,1,1.0
28744,31.0,1,0.0
28745,14.0,0,2.0
28746,0.0,0,2.0
28747,15.0,0,-2.0
28748,0.0,0,2.0
28749,0.0,0,4.0
28750,19.0,0,2.0
28751,11.0,0,-1.0
28752,31.0,0,-1.0
28753,26.0,0,1.0
28754,22.0,0,-2.0
28755,20.0,0,5.0
28756,28.0,0,1.0
28757,29.0,0,-2.0
28758,20.0,0,3.0
28759,30.0,0,1.0
28760,7.0,0,1.0
28761,23.0,0,-0.0
28762,31.0,0,-1.0
28763,0.0,0,0.0
28764,7.0,0,-0.0
28765,11.0,0,-1.0
28766,17.0,1,1.0
28767,0.0,0,0.0
28768,0.0,0,0.0
28769,0.0,0,0.0
28770,14.0,0,1.0
28771,12.0,0,-3.0
28772,9.0,0,2.0
28773,4.0,1,-1.0
28774,28.0,0,2.0
28775,31.0,0,0.0
28776,31.0,0,-4.0
28777,24.0,1,-0.0
28778,21.0,0,1.0
28779,29.0,0,-1.0
28780,29.0,0,-2.0
28781,0.0,0,1.0
28782,7.0,0,-1.0
28783,30.0,1,0.0
28784,26.0,0,-0.0
28785,31.0,0,0.0
28786,20.0,0,2.0
28787,8.0,1,-1.0
28788,15.0,0,2.0
28789,0.0,0,0.0
28790,31.0,0,0.0
28791,31.0,0,0.0
28792,4.0,0,1.0
28793,1.0,0,3.0
28794,0.0,0,1.0
28795,30.0,0,1.0
28796,31.0,0,0.0
28797,31.0,0,0.0
28798,0.0,0,1.0
28799,30.0,0,1.0
28800,0.0,0,1.0
28801,31.0,0,-0.0
28802,0.0,0,2.0
28803,1.0,1,1.0
28804,0.0,0,0.0
28805,0.0,1,0.0
28806,0.0,0,1.0
28807,26.0,0,1.0
28808,24.0,0,5.0
28809,26.0,0,-2.0
28810,26.0,0,4.0
28811,0.0,0,2.0
28812,7.0,0,-2.0
28813,21.0,0,3.0
28814,20.0,0,-1.0
28815,24.0,0,0.0
28816,26.0,0,1.0
28817,4.0,0,-1.0
28818,22.0,0,3.0
28819,0.0,0,3.0
28820,18.0,0,4.0
28821,27.0,0,3.0
28822,1.0,1,1.0
28823,2.0,0,3.0
28824,30.0,0,1.0
28825,20.0,0,5.0
28826,0.0,0,2.0
28827,28.0,1,0.0
28828,30.0,0,-3.0
28829,27.0,0,2.0
28830,31.0,1,1.0
28831,0.0,0,0.0
28832,30.0,0,0.0
28833,0.0,0,1.0
28834,23.0,1,5.0
28835,30.0,1,1.0
28836,31.0,0,0.0
28837,20.0,1,3.0
28838,29.0,0,2.0
28839,28.0,0,2.0
28840,0.0,0,0.0
28841,1.0,1,1.0
28842,24.0,0,1.0
28843,21.0,0,2.0
28844,0.0,0,4.0
28845,24.0,0,-0.0
28846,6.0,0,2.0
28847,21.0,1,4.0
28848,4.0,0,-1.0
28849,0.0,1,0.0
28850,29.0,0,2.0
28851,0.0,0,1.0
28852,30.0,0,-2.0
28853,0.0,0,0.0
28854,24.0,0,5.0
28855,29.0,0,2.0
28856,19.0,0,-0.0
28857,0.0,0,0.0
28858,26.0,0,4.0
28859,17.0,0,1.0
28860,5.0,0,1.0
28861,22.0,0,0.0
28862,30.0,0,1.0
28863,0.0,0,0.0
28864,2.0,0,1.0
28865,0.0,0,1.0
28866,29.0,0,2.0
28867,29.0,0,-0.0
28868,25.0,0,1.0
28869,4.0,0,3.0
28870,0.0,0,3.0
28871,31.0,1,0.0
28872,16.0,1,3.0
28873,0.0,0,1.0
28874,0.0,0,1.0
28875,2.0,0,2.0
28876,2.0,1,2.0
28877,31.0,0,0.0
28878,5.0,0,-3.0
28879,5.0,0,2.0
28880,3.0,1,3.0
28881,0.0,0,0.0
28882,4.0,0,3.0
28883,27.0,0,-1.0
28884,9.0,0,3.0
28885,29.0,0,-2.0
28886,23.0,0,2.0
28887,29.0,0,1.0
28888,6.0,1,1.0
28889,0.0,0,0.0
28890,19.0,0,-1.0
28891,25.0,0,2.0
28892,0.0,0,3.0
28893,19.0,0,-2.0
28894,2.0,1,2.0
28895,20.0,0,3.0
28896,0.0,0,0.0
28897,31.0,0,0.0
28898,3.0,1,-1.0
28899,0.0,0,0.0
28900,31.0,0,0.0
28901,0.0,0,2.0
28902,23.0,0,-0.0
28903,30.0,0,1.0
28904,13.0,0,2.0
28905,4.0,0,2.0
28906,4.0,1,-4.0
28907,22.0,1,-2.0
28908,0.0,0,0.0
28909,0.0,0,2.0
28910,1.0,1,1.0
28911,20.0,0,-3.0
28912,26.0,0,2.0
28913,14.0,0,1.0
28914,31.0,0,0.0
28915,0.0,0,0.0
28916,23.0,0,1.0
28917,15.0,1,0.0
28918,2.0,1,2.0
28919,23.0,0,2.0
28920,24.0,0,7.0
28921,29.0,0,1.0
28922,0.0,0,1.0
28923,18.0,0,-1.0
28924,1.0,0,-1.0
28925,27.0,0,-2.0
28926,27.0,0,1.0
28927,30.0,0,1.0
28928,0.0,0,4.0
28929,25.0,0,-3.0
28930,5.0,0,1.0
28931,13.0,0,1.0
28932,0.0,0,2.0
28933,7.0,1,3.0
28934,18.0,1,-1.0
28935,30.0,0,1.0
28936,9.0,1,4.0
28937,0.0,0,0.0
28938,31.0,0,0.0
28939,30.0,0,0.0
28940,0.0,0,1.0
28941,5.0,1,3.0
28942,22.0,0,1.0
28943,13.0,0,3.0
28944,31.0,0,0.0
28945,29.0,0,2.0
28946,29.0,1,1.0
28947,0.0,0,3.0
28948,0.0,0,2.0
28949,30.0,1,1.0
28950,22.0,0,2.0
28951,0.0,1,0.0
28952,22.0,0,4.0
28953,21.0,1,-0.0
28954,10.0,0,3.0
28955,0.0,1,0.0
28956,28.0,0,-1.0
28957,29.0,0,1.0
28958,0.0,0,1.0
28959,27.0,0,3.0
28960,20.0,0,1.0
28961,16.0,0,0.0
28962,26.0,0,2.0
28963,0.0,0,0.0
28964,4.0,0,0.0
28965,0.0,0,4.0
28966,4.0,0,1.0
28967,7.0,0,0.0
28968,31.0,0,-1.0
28969,27.0,0,0.0
28970,18.0,0,0.0
28971,22.0,0,3.0
28972,0.0,0,1.0
28973,31.0,0,0.0
28974,25.0,1,1.0
28975,25.0,0,-1.0
28976,16.0,0,1.0
28977,31.0,0,-0.0
28978,30.0,0,1.0
28979,25.0,0,3.0
28980,0.0,0,0.0
28981,16.0,0,7.0
28982,1.0,0,-0.0
28983,13.0,1,-1.0
28984,25.0,1,-0.0
28985,29.0,0,2.0
28986,0.0,1,0.0
28987,28.0,0,-1.0
28988,30.0,0,1.0
28989,29.0,0,-1.0
28990,31.0,0,0.0
28991,17.0,0,2.0
28992,31.0,0,0.0
28993,12.0,0,-0.0
28994,13.0,0,0.0
28995,18.0,0,1.0
28996,27.0,1,1.0
28997,26.0,1,1.0
28998,14.0,0,4.0
28999,0.0,0,0.0
29000,27.0,0,0.0
29001,0.0,1,0.0
29002,22.0,0,-0.0
29003,0.0,0,0.0
29004,31.0,0,0.0
29005,31.0,0,0.0
29006,10.0,0,3.0
29007,21.0,0,2.0
29008,29.0,0,1.0
29009,2.0,1,2.0
29010,19.0,1,0.0
29011,30.0,0,1.0
29012,28.0,1,-0.0
29013,10.0,0,-1.0
29014,29.0,0,2.0
29015,0.0,0,0.0
29016,28.0,0,-1.0
29017,25.0,0,4.0
29018,31.0,1,0.0
29019,31.0,0,0.0
29020,0.0,0,2.0
29021,30.0,0,1.0
29022,31.0,0,0.0
29023,16.0,0,2.0
29024,20.0,1,-2.0
29025,31.0,0,0.0
29026,27.0,1,-1.0
29027,6.0,0,-0.0
29028,15.0,0,2.0
29029,7.0,0,5.0
29030,26.0,0,1.0
29031,27.0,0,1.0
29032,23.0,1,2.0
29033,29.0,1,4.0
29034,31.0,0,0.0
29035,14.0,0,2.0
29036,2.0,0,3.0
29037,31.0,1,0.0
29038,14.0,0,3.0
29039,0.0,1,0.0
29040,0.0,0,0.0
29041,27.0,0,0.0
29042,9.0,1,-2.0
29043,27.0,0,-0.0
29044,1.0,0,-1.0
29045,0.0,0,1.0
29046,0.0,0,0.0
29047,12.0,0,2.0
29048,25.0,0,4.0
29049,0.0,0,2.0
29050,0.0,0,0.0
29051,30.0,0,0.0
29052,26.0,0,-0.0
29053,21.0,0,4.0
29054,23.0,0,1.0
29055,31.0,1,0.0
29056,7.0,0,0.0
29057,31.0,1,3.0
29058,31.0,0,0.0
29059,31.0,0,0.0
29060,28.0,0,1.0
29061,9.0,0,1.0
29062,30.0,0,1.0
29063,2.0,1,2.0
29064,20.0,0,0.0
29065,31.0,0,0.0
29066,0.0,0,3.0
29067,0.0,0,0.0
29068,11.0,0,-1.0
29069,1.0,0,-0.0
29070,0.0,0,0.0
29071,20.0,0,2.0
29072,0.0,0,5.0
29073,31.0,0,0.0
29074,0.0,0,0.0
29075,29.0,1,1.0
29076,31.0,1,0.0
29077,29.0,0,2.0
29078,20.0,0,1.0
29079,0.0,0,2.0
29080,12.0,1,2.0
29081,31.0,0,0.0
29082,28.0,0,3.0
29083,30.0,1,2.0
29084,29.0,0,1.0
29085,10.0,0,-1.0
29086,0.0,0,1.0
29087,0.0,0,1.0
29088,0.0,0,0.0
29089,29.0,0,0.0
29090,31.0,1,0.0
29091,1.0,1,1.0
29092,0.0,0,3.0
29093,11.0,0,3.0
29094,27.0,0,3.0
29095,2.0,1,2.0
29096,2.0,0,-2.0
29097,22.0,0,2.0
29098,27.0,0,-1.0
29099,31.0,0,-1.0
29100,0.0,0,0.0
29101,0.0,0,0.0
29102,24.0,0,1.0
29103,21.0,1,3.0
29104,31.0,0,-2.0
29105,31.0,0,-0.0
29106,21.0,0,1.0
29107,10.0,0,2.0
29108,31.0,0,0.0
29109,31.0,1,0.0
29110,31.0,0,0.0
29111,0.0,0,0.0
29112,0.0,0,2.0
29113,31.0,0,0.0
29114,0.0,0,0.0
29115,0.0,0,2.0
29116,0.0,0,0.0
29117,28.0,0,1.0
29118,0.0,0,2.0
29119,28.0,0,1.0
29120,29.0,0,2.0
29121,0.0,1,0.0
29122,31.0,1,2.0
29123,2.0,0,2.0
29124,4.0,0,6.0
29125,3.0,1,3.0
29126,31.0,0,0.0
29127,11.0,0,3.0
29128,29.0,0,1.0
29129,31.0,0,0.0
29130,20.0,0,-1.0
29131,0.0,0,2.0
29132,16.0,0,-1.0
29133,23.0,0,4.0
29134,8.0,1,4.0
29135,8.0,0,2.0
29136,31.0,1,2.0
29137,0.0,0,0.0
29138,16.0,1,1.0
29139,21.0,1,-2.0
29140,0.0,0,0.0
29141,1.0,1,1.0
29142,17.0,0,0.0
29143,0.0,0,3.0
29144,31.0,1,0.0
29145,0.0,0,0.0
29146,0.0,0,0.0
29147,28.0,0,1.0
29148,7.0,0,-3.0
29149,0.0,0,0.0
29150,0.0,0,0.0
29151,0.0,0,2.0
29152,5.0,0,2.0
29153,26.0,0,4.0
29154,22.0,1,1.0
29155,22.0,0,3.0
29156,9.0,0,-0.0
29157,0.0,0,2.0
29158,23.0,0,1.0
29159,0.0,0,0.0
29160,23.0,0,2.0
29161,31.0,0,-1.0
29162,24.0,0,1.0
29163,6.0,0,2.0
29164,30.0,1,1.0
29165,14.0,0,-1.0
29166,11.0,0,1.0
29167,2.0,1,2.0
29168,0.0,0,3.0
29169,0.0,0,0.0
29170,31.0,0,-0.0
29171,17.0,0,5.0
29172,26.0,0,3.0
29173,0.0,0,2.0
29174,26.0,0,3.0
29175,29.0,0,-1.0
29176,15.0,0,1.0
29177,0.0,0,1.0
29178,22.0,0,0.0
29179,28.0,0,-1.0
29180,20.0,0,4.0
29181,0.0,0,0.0
29182,30.0,0,-1.0
29183,0.0,0,2.0
29184,12.0,0,1.0
29185,2.0,1,2.0
29186,31.0,0,-0.0
29187,2.0,0,0.0
29188,18.0,1,0.0
29189,28.0,0,1.0
29190,23.0,0,-1.0
29191,18.0,0,3.0
29192,0.0,0,1.0
29193,0.0,0,1.0
29194,31.0,0,-0.0
29195,0.0,0,1.0
29196,29.0,0,1.0
29197,1.0,0,0.0
29198,2.0,1,2.0
29199,18.0,0,4.0
29200,26.0,1,2.0
29201,31.0,0,-1.0
29202,29.0,1,2.0
29203,31.0,0,0.0
29204,24.0,0,-2.0
29205,6.0,0,1.0
29206,15.0,1,4.0
29207,31.0,0,0.0
29208,28.0,0,3.0
29209,31.0,1,0.0
29210,22.0,1,-1.0
29211,31.0,1,0.0
29212,0.0,0,0.0
29213,31.0,0,0.0
29214,24.0,1,5.0
29215,0.0,0,2.0
29216,31.0,0,-1.0
29217,0.0,0,1.0
29218,21.0,0,-0.0
29219,31.0,0,-1.0
29220,0.0,0,0.0
29221,29.0,0,1.0
29222,25.0,0,-1.0
29223,29.0,1,5.0
29224,0.0,0,3.0
29225,0.0,0,2.0
29226,29.0,1,0.0
29227,12.0,0,1.0
29228,24.0,1,-0.0
29229,0.0,0,1.0
29230,21.0,1,1.0
29231,31.0,0,0.0
29232,30.0,0,1.0
29233,31.0,0,0.0
29234,31.0,0,0.0
29235,2.0,0,1.0
29236,0.0,0,3.0
29237,29.0,0,2.0
29238,6.0,1,6.0
29239,0.0,0,0.0
29240,20.0,0,2.0
29241,10.0,0,1.0
29242,25.0,0,3.0
29243,11.0,1,-1.0
29244,12.0,0,-1.0
29245,22.0,0,3.0
29246,25.0,0,-1.0
29247,11.0,1,3.0
29248,21.0,0,0.0
29249,13.0,0,1.0
29250,10.0,0,0.0
29251,0.0,0,4.0
29252,31.0,0,0.0
29253,19.0,0,-1.0
29254,0.0,0,3.0
29255,0.0,0,1.0
29256,0.0,0,2.0
29257,27.0,1,1.0
29258,28.0,0,-1.0
29259,0.0,0,1.0
29260,17.0,0,0.0
29261,4.0,1,4.0
29262,26.0,0,3.0
29263,31.0,0,0.0
29264,26.0,0,2.0
29265,0.0,0,2.0
29266,31.0,1,0.0
29267,23.0,1,2.0
29268,26.0,0,-1.0
29269,0.0,0,1.0
29270,0.0,1,0.0
29271,31.0,1,1.0
29272,22.0,1,2.0
29273,31.0,0,0.0
29274,29.0,0,2.0
29275,24.0,1,-0.0
29276,0.0,0,0.0
29277,0.0,0,0.0
29278,30.0,1,3.0
29279,16.0,0,-1.0
29280,0.0,1,0.0
29281,0.0,0,1.0
29282,6.0,0,1.0
29283,19.0,0,4.0
29284,28.0,0,3.0
29285,4.0,1,2.0
29286,23.0,0,5.0
29287,5.0,0,-1.0
29288,24.0,0,2.0
29289,31.0,0,0.0
29290,0.0,0,3.0
29291,17.0,0,1.0
29292,0.0,0,2.0
29293,0.0,0,1.0
29294,30.0,0,1.0
29295,31.0,0,0.0
29296,27.0,1,1.0
29297,11.0,0,2.0
29298,26.0,0,0.0
29299,13.0,1,0.0
29300,17.0,0,3.0
29301,31.0,0,0.0
29302,8.0,0,0.0
29303,11.0,0,1.0
29304,26.0,1,2.0
29305,0.0,0,0.0
29306,20.0,0,4.0
29307,29.0,1,4.0
29308,29.0,1,1.0
29309,0.0,0,2.0
29310,0.0,1,0.0
29311,22.0,0,-1.0
29312,19.0,0,2.0
29313,29.0,0,1.0
29314,31.0,0,-1.0
29315,6.0,0,2.0
29316,25.0,0,1.0
29317,0.0,0,2.0
29318,27.0,0,-0.0
29319,31.0,1,0.0
29320,24.0,0,-1.0
29321,30.0,1,0.0
29322,0.0,0,0.0
29323,31.0,1,2.0
29324,0.0,0,5.0
29325,0.0,0,1.0
29326,0.0,0,0.0
29327,5.0,1,1.0
29328,25.0,1,5.0
29329,31.0,0,0.0
29330,0.0,0,2.0
29331,19.0,0,0.0
29332,20.0,0,-0.0
29333,31.0,0,0.0
29334,0.0,0,5.0
29335,19.0,0,1.0
29336,0.0,1,0.0
29337,31.0,1,0.0
29338,31.0,1,0.0
29339,26.0,0,2.0
29340,26.0,0,-0.0
29341,0.0,0,0.0
29342,26.0,0,-2.0
29343,22.0,0,0.0
29344,12.0,0,4.0
29345,12.0,1,2.0
29346,0.0,1,0.0
29347,0.0,0,2.0
29348,31.0,0,0.0
29349,31.0,1,0.0
29350,0.0,0,2.0
29351,14.0,0,1.0
29352,31.0,0,0.0
29353,25.0,1,-4.0
29354,0.0,0,4.0
29355,31.0,0,0.0
29356,21.0,1,1.0
29357,16.0,0,1.0
29358,23.0,1,2.0
29359,29.0,0,1.0
29360,24.0,1,1.0
29361,24.0,0,4.0
29362,2.0,1,2.0
29363,5.0,0,2.0
29364,26.0,0,1.0
29365,31.0,0,0.0
29366,31.0,0,0.0
29367,0.0,0,0.0
29368,13.0,0,3.0
29369,22.0,0,3.0
29370,5.0,0,-1.0
29371,24.0,1,-2.0
29372,26.0,0,4.0
29373,26.0,0,1.0
29374,0.0,0,3.0
29375,20.0,0,-0.0
29376,0.0,0,1.0
29377,31.0,0,-1.0
29378,14.0,0,1.0
29379,19.0,0,-3.0
29380,19.0,0,1.0
29381,2.0,0,0.0
29382,27.0,0,4.0
29383,18.0,0,4.0
29384,0.0,0,3.0
29385,16.0,1,3.0
29386,3.0,0,-1.0
29387,30.0,0,-4.0
29388,16.0,0,1.0
29389,27.0,0,-0.0
29390,29.0,1,1.0
29391,0.0,0,0.0
29392,0.0,0,1.0
29393,30.0,0,1.0
29394,9.0,0,2.0
29395,0.0,0,4.0
29396,28.0,0,3.0
29397,5.0,0,-1.0
29398,14.0,0,-0.0
29399,0.0,0,0.0
29400,0.0,0,0.0
29401,19.0,0,1.0
29402,28.0,1,-1.0
29403,31.0,0,0.0
29404,4.0,0,1.0
29405,15.0,0,2.0
29406,31.0,0,0.0
29407,24.0,1,2.0
29408,20.0,0,-1.0
29409,31.0,0,0.0
29410,29.0,0,2.0
29411,30.0,0,1.0
29412,27.0,0,1.0
29413,19.0,0,1.0
29414,31.0,0,0.0
29415,0.0,0,1.0
29416,14.0,0,1.0
29417,16.0,0,4.0
29418,0.0,0,0.0
29419,31.0,1,0.0
29420,11.0,1,1.0
29421,0.0,0,1.0
29422,10.0,0,-3.0
29423,0.0,0,0.0
29424,28.0,1,1.0
29425,0.0,0,0.0
29426,21.0,0,1.0
29427,22.0,0,-1.0
29428,0.0,0,0.0
29429,23.0,0,0.0
29430,28.0,0,2.0
29431,0.0,0,2.0
29432,14.0,0,3.0
29433,5.0,0,1.0
29434,24.0,0,3.0
29435,28.0,0,3.0
29436,17.0,0,0.0
29437,10.0,1,-1.0
29438,31.0,1,0.0
29439,23.0,0,0.0
29440,19.0,0,4.0
29441,4.0,0,-1.0
29442,12.0,0,-1.0
29443,8.0,0,2.0
29444,25.0,0,-1.0
29445,0.0,0,0.0
29446,15.0,0,4.0
29447,23.0,0,-1.0
29448,16.0,0,2.0
29449,30.0,0,-0.0
29450,30.0,0,1.0
29451,27.0,0,3.0
29452,0.0,0,3.0
29453,28.0,0,-0.0
29454,17.0,0,2.0
29455,17.0,0,0.0
29456,0.0,0,4.0
29457,0.0,1,0.0
29458,24.0,0,2.0
29459,16.0,0,3.0
29460,9.0,1,4.0
29461,23.0,0,-0.0
29462,31.0,1,0.0
29463,29.0,0,1.0
29464,0.0,0,2.0
29465,27.0,0,0.0
29466,31.0,0,-0.0
29467,0.0,0,0.0
29468,27.0,0,1.0
29469,25.0,0,4.0
29470,2.0,1,2.0
29471,21.0,0,1.0
29472,31.0,0,-3.0
29473,22.0,0,-0.0
29474,11.0,0,-0.0
29475,29.0,0,-4.0
29476,27.0,0,2.0
29477,26.0,0,1.0
29478,0.0,0,0.0
29479,0.0,0,0.0
29480,29.0,0,0.0
29481,14.0,0,-2.0
29482,16.0,0,1.0
29483,0.0,0,3.0
29484,23.0,0,0.0
29485,2.0,1,2.0
29486,31.0,0,-3.0
29487,31.0,0,-3.0
29488,17.0,0,0.0
29489,12.0,0,4.0
29490,7.0,0,0.0
29491,31.0,0,-4.0
29492,17.0,0,3.0
29493,16.0,0,1.0
29494,24.0,0,-1.0
29495,27.0,0,1.0
29496,9.0,0,2.0
29497,1.0,0,4.0
29498,31.0,1,0.0
29499,30.0,0,1.0
29500,13.0,0,-1.0
29501,0.0,0,0.0
29502,25.0,0,2.0
29503,26.0,0,3.0
29504,19.0,0,0.0
29505,31.0,0,0.0
29506,22.0,0,1.0
29507,0.0,0,1.0
29508,22.0,0,-1.0
29509,31.0,0,-0.0
29510,31.0,0,-1.0
29511,26.0,0,1.0
29512,31.0,1,0.0
29513,24.0,0,1.0
29514,23.0,0,1.0
29515,2.0,1,2.0
29516,13.0,0,2.0
29517,21.0,0,2.0
29518,19.0,0,0.0
29519,0.0,0,0.0
29520,0.0,0,0.0
29521,25.0,0,-1.0
29522,25.0,1,1.0
29523,31.0,0,-2.0
29524,24.0,1,1.0
29525,31.0,0,0.0
29526,31.0,0,0.0
29527,27.0,0,3.0
29528,31.0,1,0.0
29529,29.0,0,2.0
29530,18.0,0,3.0
29531,31.0,0,0.0
29532,13.0,0,1.0
29533,23.0,0,1.0
29534,9.0,0,-0.0
29535,7.0,0,-0.0
29536,17.0,0,1.0
29537,31.0,0,0.0
29538,10.0,0,0.0
29539,18.0,1,2.0
29540,0.0,0,1.0
29541,31.0,0,0.0
29542,24.0,0,1.0
29543,14.0,0,0.0
29544,0.0,0,0.0
29545,25.0,0,-0.0
29546,24.0,0,3.0
29547,29.0,0,-1.0
29548,1.0,1,-1.0
29549,26.0,1,1.0
29550,25.0,0,1.0
29551,30.0,0,1.0
29552,15.0,1,0.0
29553,0.0,0,0.0
29554,19.0,0,-2.0
29555,12.0,0,2.0
29556,17.0,0,0.0
29557,31.0,1,0.0
29558,31.0,1,3.0
29559,3.0,1,-1.0
29560,0.0,0,0.0
29561,22.0,0,-0.0
29562,30.0,0,-1.0
29563,31.0,1,0.0
29564,24.0,0,2.0
29565,18.0,0,-0.0
29566,15.0,0,2.0
29567,19.0,0,3.0
29568,28.0,0,-1.0
29569,0.0,0,1.0
29570,24.0,0,2.0
29571,24.0,0,1.0
29572,19.0,1,0.0
29573,2.0,0,2.0
29574,19.0,0,3.0
29575,1.0,1,1.0
29576,0.0,0,3.0
29577,29.0,0,1.0
29578,16.0,1,-3.0
29579,27.0,0,3.0
29580,0.0,0,4.0
29581,30.0,0,1.0
29582,11.0,0,2.0
29583,29.0,1,1.0
29584,23.0,0,1.0
29585,31.0,0,0.0
29586,31.0,1,6.0
29587,22.0,0,1.0
29588,2.0,1,2.0
29589,0.0,0,1.0
29590,4.0,1,2.0
29591,31.0,1,0.0
29592,0.0,0,1.0
29593,11.0,0,-0.0
29594,23.0,0,2.0
29595,0.0,0,3.0
29596,31.0,1,0.0
29597,26.0,0,2.0
29598,0.0,1,0.0
29599,31.0,0,0.0
29600,21.0,0,2.0
29601,15.0,0,1.0
29602,25.0,0,3.0
29603,13.0,0,-0.0
29604,31.0,0,-0.0
29605,31.0,0,0.0
29606,0.0,0,0.0
29607,0.0,0,3.0
29608,26.0,0,0.0
29609,31.0,1,2.0
29610,0.0,0,0.0
29611,17.0,1,2.0
29612,0.0,0,0.0
29613,31.0,0,0.0
29614,19.0,0,-1.0
29615,26.0,0,-3.0
29616,26.0,0,2.0
29617,0.0,0,3.0
29618,18.0,0,1.0
29619,31.0,0,0.0
29620,19.0,0,2.0
29621,28.0,0,0.0
29622,10.0,0,3.0
29623,31.0,1,4.0
29624,23.0,1,1.0
29625,11.0,0,1.0
29626,28.0,0,-0.0
29627,5.0,0,-1.0
29628,13.0,1,5.0
29629,8.0,0,6.0
29630,19.0,0,-3.0
29631,0.0,0,2.0
29632,17.0,0,1.0
29633,4.0,0,2.0
29634,5.0,0,2.0
29635,28.0,0,3.0
29636,0.0,0,1.0
29637,21.0,0,2.0
29638,18.0,0,2.0
29639,0.0,0,3.0
29640,3.0,0,1.0
29641,0.0,0,1.0
29642,0.0,0,0.0
29643,3.0,0,-1.0
29644,28.0,0,-0.0
29645,22.0,0,1.0
29646,22.0,0,2.0
29647,28.0,0,3.0
29648,31.0,0,0.0
29649,6.0,0,2.0
29650,28.0,0,1.0
29651,22.0,0,-1.0
29652,19.0,0,-0.0
29653,31.0,0,-0.0
29654,29.0,0,2.0
29655,27.0,0,1.0
29656,24.0,0,3.0
29657,28.0,0,3.0
29658,26.0,0,2.0
29659,22.0,0,4.0
29660,29.0,1,0.0
29661,12.0,0,2.0
29662,27.0,1,2.0
29663,31.0,0,-2.0
29664,0.0,0,0.0
29665,0.0,1,0.0
29666,0.0,1,0.0
29667,21.0,0,0.0
29668,4.0,1,4.0
29669,31.0,0,0.0
29670,22.0,0,1.0
29671,7.0,0,0.0
29672,31.0,0,0.0
29673,0.0,0,0.0
29674,29.0,1,3.0
29675,12.0,0,-1.0
29676,27.0,0,1.0
29677,30.0,0,-1.0
29678,4.0,1,4.0
29679,0.0,1,0.0
29680,29.0,0,2.0
29681,0.0,0,0.0
29682,28.0,0,1.0
29683,0.0,0,0.0
29684,14.0,0,2.0
29685,25.0,1,0.0
29686,29.0,0,-0.0
29687,19.0,0,2.0
29688,18.0,1,-1.0
29689,0.0,0,2.0
29690,28.0,0,2.0
29691,22.0,0,-2.0
29692,30.0,1,1.0
29693,17.0,0,-1.0
29694,0.0,0,0.0
29695,29.0,0,2.0
29696,10.0,0,2.0
29697,29.0,0,2.0
29698,31.0,0,0.0
29699,0.0,0,0.0
29700,27.0,0,2.0
29701,16.0,0,-2.0
29702,27.0,0,2.0
29703,27.0,0,-0.0
29704,27.0,0,3.0
29705,30.0,0,1.0
29706,31.0,1,0.0
29707,20.0,0,-1.0
29708,25.0,1,0.0
29709,6.0,0,3.0
29710,26.0,1,2.0
29711,0.0,0,6.0
29712,0.0,0,0.0
29713,18.0,0,4.0
29714,0.0,0,0.0
29715,0.0,0,1.0
29716,23.0,0,3.0
29717,5.0,0,-0.0
29718,3.0,0,-1.0
29719,0.0,0,1.0
29720,31.0,0,0.0
29721,13.0,0,1.0
29722,16.0,0,1.0
29723,3.0,1,3.0
29724,0.0,0,0.0
29725,26.0,0,3.0
29726,22.0,0,-0.0
29727,31.0,0,-0.0
29728,0.0,0,0.0
29729,13.0,0,2.0
29730,0.0,0,2.0
29731,31.0,1,0.0
29732,26.0,0,-4.0
29733,26.0,0,1.0
29734,26.0,0,-2.0
29735,23.0,0,2.0
29736,15.0,0,3.0
29737,18.0,0,0.0
29738,28.0,0,-3.0
29739,31.0,1,0.0
29740,19.0,0,-1.0
29741,24.0,0,1.0
29742,0.0,0,0.0
29743,13.0,0,3.0
29744,28.0,0,0.0
29745,0.0,0,0.0
29746,21.0,0,2.0
29747,1.0,0,-0.0
29748,15.0,0,-0.0
29749,22.0,1,0.0
29750,13.0,0,1.0
29751,27.0,0,3.0
29752,14.0,0,-4.0
29753,27.0,0,0.0
29754,0.0,0,1.0
29755,8.0,0,3.0
29756,20.0,0,0.0
29757,0.0,0,2.0
29758,0.0,0,0.0
29759,31.0,0,0.0
29760,1.0,1,-1.0
29761,5.0,0,0.0
29762,22.0,0,-0.0
29763,31.0,1,4.0
29764,18.0,0,1.0
29765,21.0,0,4.0
29766,12.0,1,4.0
29767,14.0,0,1.0
29768,26.0,0,1.0
29769,28.0,0,-0.0
29770,0.0,0,0.0
29771,2.0,0,1.0
29772,25.0,0,-2.0
29773,2.0,0,1.0
29774,31.0,0,0.0
29775,28.0,1,2.0
29776,28.0,0,-1.0
29777,27.0,0,3.0
29778,6.0,0,-1.0
29779,2.0,0,0.0
29780,23.0,0,2.0
29781,27.0,0,4.0
29782,17.0,0,-2.0
29783,30.0,0,1.0
29784,0.0,0,0.0
29785,22.0,0,-2.0
29786,31.0,0,0.0
29787,31.0,0,0.0
29788,20.0,0,1.0
29789,31.0,0,0.0
29790,18.0,0,1.0
29791,0.0,0,4.0
29792,7.0,0,-0.0
29793,27.0,0,-0.0
29794,29.0,0,0.0
29795,4.0,0,2.0
29796,17.0,1,1.0
29797,0.0,0,0.0
29798,31.0,0,-1.0
29799,17.0,1,1.0
29800,0.0,0,0.0
29801,6.0,1,1.0
29802,2.0,1,2.0
29803,25.0,0,-0.0
29804,25.0,0,-1.0
29805,9.0,0,1.0
29806,31.0,1,0.0
29807,0.0,0,0.0
29808,22.0,1,-0.0
29809,0.0,0,1.0
29810,16.0,0,1.0
29811,31.0,0,0.0
29812,21.0,0,1.0
29813,0.0,0,2.0
29814,0.0,0,0.0
29815,31.0,0,0.0
29816,28.0,0,1.0
29817,31.0,1,0.0
29818,21.0,0,1.0
29819,3.0,1,3.0
29820,15.0,0,1.0
29821,14.0,0,1.0
29822,0.0,0,0.0
29823,15.0,0,4.0
29824,31.0,0,-2.0
29825,29.0,0,-0.0
29826,17.0,0,2.0
29827,31.0,0,0.0
29828,10.0,0,9.0
29829,30.0,0,1.0
29830,28.0,0,-3.0
29831,31.0,0,-1.0
29832,26.0,0,-1.0
29833,16.0,0,3.0
29834,10.0,0,0.0
29835,2.0,1,0.0
29836,9.0,0,1.0
29837,0.0,0,1.0
29838,31.0,1,1.0
29839,31.0,0,-0.0
29840,0.0,0,1.0
29841,24.0,0,-1.0
29842,24.0,0,2.0
29843,27.0,0,-3.0
29844,4.0,1,1.0
29845,29.0,0,2.0
29846,5.0,0,3.0
29847,5.0,1,3.0
29848,31.0,0,0.0
29849,18.0,0,-1.0
29850,10.0,0,-0.0
29851,16.0,1,2.0
29852,0.0,0,1.0
29853,28.0,0,2.0
29854,24.0,0,2.0
29855,30.0,0,1.0
29856,28.0,0,1.0
29857,9.0,0,3.0
29858,0.0,0,0.0
29859,0.0,0,2.0
29860,31.0,0,0.0
29861,6.0,0,-2.0
29862,24.0,0,4.0
29863,0.0,0,2.0
29864,31.0,1,1.0
29865,0.0,0,0.0
29866,5.0,0,5.0
29867,29.0,0,2.0
29868,24.0,0,0.0
29869,15.0,0,-0.0
29870,31.0,0,0.0
29871,5.0,1,0.0
29872,17.0,0,1.0
29873,31.0,0,0.0
29874,0.0,0,0.0
29875,22.0,1,2.0
29876,14.0,0,3.0
29877,0.0,0,1.0
29878,28.0,1,3.0
29879,0.0,0,2.0
29880,22.0,0,5.0
29881,0.0,0,3.0
29882,10.0,1,-0.0
29883,11.0,0,0.0
29884,0.0,0,5.0
29885,0.0,0,2.0
29886,25.0,0,-3.0
29887,0.0,1,0.0
29888,31.0,0,0.0
29889,24.0,0,2.0
29890,0.0,0,0.0
29891,1.0,0,1.0
29892,19.0,0,1.0
29893,28.0,1,3.0
29894,2.0,1,1.0
29895,11.0,0,2.0
29896,30.0,0,1.0
29897,21.0,0,-1.0
29898,16.0,0,1.0
29899,26.0,1,1.0
29900,31.0,0,0.0
29901,17.0,0,-1.0
29902,30.0,0,1.0
29903,26.0,0,2.0
29904,31.0,0,0.0
29905,31.0,0,0.0
29906,1.0,1,1.0
29907,31.0,0,-0.0
29908,18.0,1,-0.0
29909,0.0,0,3.0
29910,0.0,0,3.0
29911,31.0,0,0.0
29912,2.0,1,2.0
29913,30.0,0,1.0
29914,22.0,0,2.0
29915,17.0,0,2.0
29916,31.0,0,0.0
29917,29.0,0,2.0
29918,18.0,0,0.0
29919,31.0,0,0.0
29920,31.0,0,0.0
29921,29.0,0,-0.0
29922,0.0,0,6.0
29923,0.0,0,0.0
29924,29.0,0,0.0
29925,30.0,0,-0.0
29926,0.0,0,1.0
29927,0.0,0,0.0
29928,0.0,0,3.0
29929,9.0,0,3.0
29930,22.0,0,-0.0
29931,19.0,0,1.0
29932,0.0,0,0.0
29933,16.0,0,-1.0
29934,11.0,0,0.0
29935,16.0,0,3.0
29936,17.0,0,1.0
29937,23.0,0,-1.0
29938,0.0,0,0.0
29939,31.0,0,0.0
29940,11.0,0,-0.0
29941,0.0,0,2.0
29942,0.0,1,0.0
29943,25.0,0,1.0
29944,24.0,0,1.0
29945,17.0,0,-2.0
29946,29.0,0,2.0
29947,0.0,0,3.0
29948,19.0,0,4.0
29949,16.0,0,2.0
29950,1.0,1,1.0
29951,26.0,0,1.0
29952,0.0,0,3.0
29953,25.0,0,4.0
29954,0.0,0,2.0
29955,20.0,0,1.0
29956,31.0,0,0.0
29957,31.0,0,0.0
29958,14.0,0,3.0
29959,29.0,0,2.0
29960,31.0,0,-0.0
29961,0.0,0,0.0
29962,23.0,0,-1.0
29963,3.0,1,2.0
29964,26.0,0,-0.0
29965,28.0,0,0.0
29966,19.0,0,-1.0
29967,21.0,0,-1.0
29968,0.0,0,0.0
29969,31.0,0,0.0
29970,14.0,0,3.0
29971,27.0,1,1.0
29972,17.0,0,1.0
29973,13.0,0,2.0
29974,27.0,0,-4.0
29975,9.0,0,0.0
29976,20.0,0,2.0
29977,26.0,0,-1.0
29978,18.0,0,-0.0
29979,0.0,0,4.0
29980,14.0,0,-0.0
29981,31.0,0,-1.0
29982,28.0,0,1.0
29983,1.0,1,1.0
29984,31.0,0,0.0
29985,3.0,1,3.0
29986,16.0,0,2.0
29987,0.0,0,1.0
29988,4.0,0,2.0
29989,0.0,0,2.0
29990,18.0,0,0.0
29991,12.0,1,0.0
29992,28.0,0,3.0
29993,21.0,0,2.0
29994,31.0,1,4.0
29995,31.0,0,0.0
29996,31.0,0,0.0
29997,11.0,0,2.0
29998,23.0,0,2.0
29999,0.0,0,0.0
30000,31.0,1,0.0
30001,28.0,0,2.0
30002,2.0,0,-2.0
30003,25.0,1,-3.0
30004,30.0,1,1.0
30005,29.0,1,-2.0
30006,30.0,0,0.0
30007,28.0,0,3.0
30008,31.0,0,0.0
30009,31.0,0,-0.0
30010,31.0,0,-1.0
30011,21.0,1,2.0
30012,0.0,0,2.0
30013,1.0,0,-1.0
30014,31.0,0,0.0
30015,24.0,0,-2.0
30016,21.0,0,-1.0
30017,23.0,0,1.0
30018,28.0,0,1.0
30019,22.0,0,1.0
30020,31.0,0,0.0
30021,23.0,0,-0.0
30022,20.0,0,3.0
30023,19.0,0,0.0
30024,9.0,0,-2.0
30025,29.0,0,2.0
30026,23.0,0,0.0
30027,0.0,0,3.0
30028,15.0,0,0.0
30029,21.0,0,1.0
30030,0.0,0,1.0
30031,11.0,0,-2.0
30032,0.0,0,1.0
30033,0.0,0,1.0
30034,25.0,0,1.0
30035,21.0,1,2.0
30036,23.0,0,-1.0
30037,28.0,0,2.0
30038,30.0,0,-1.0
30039,0.0,0,2.0
30040,13.0,0,1.0
30041,6.0,1,-1.0
30042,31.0,1,0.0
30043,25.0,0,1.0
30044,0.0,0,0.0
30045,28.0,0,-1.0
30046,0.0,0,0.0
30047,18.0,1,1.0
30048,24.0,0,1.0
30049,19.0,0,2.0
30050,16.0,1,0.0
30051,15.0,0,-2.0
30052,17.0,0,1.0
30053,30.0,0,1.0
30054,8.0,0,2.0
30055,0.0,0,0.0
30056,12.0,0,2.0
30057,29.0,0,1.0
30058,5.0,1,2.0
30059,30.0,0,1.0
30060,0.0,0,1.0
30061,30.0,0,1.0
30062,6.0,0,-1.0
30063,18.0,1,-0.0
30064,0.0,0,0.0
30065,3.0,1,3.0
30066,13.0,0,2.0
30067,31.0,1,0.0
30068,0.0,0,0.0
30069,26.0,0,0.0
30070,3.0,0,2.0
30071,17.0,1,3.0
30072,23.0,0,0.0
30073,17.0,0,2.0
30074,0.0,0,1.0
30075,0.0,1,0.0
30076,28.0,0,3.0
30077,26.0,0,1.0
30078,29.0,0,1.0
30079,30.0,1,2.0
30080,31.0,0,-2.0
30081,0.0,0,3.0
30082,15.0,0,4.0
30083,13.0,0,3.0
30084,31.0,0,-3.0
30085,0.0,0,0.0
30086,28.0,0,1.0
30087,31.0,0,-1.0
30088,23.0,0,-0.0
30089,29.0,0,2.0
30090,31.0,1,0.0
30091,2.0,1,2.0
30092,22.0,0,-1.0
30093,21.0,0,1.0
30094,0.0,0,1.0
30095,31.0,0,0.0
30096,18.0,0,-0.0
30097,31.0,0,-1.0
30098,29.0,0,1.0
30099,0.0,0,1.0
30100,16.0,0,2.0
30101,14.0,0,5.0
30102,30.0,0,1.0
30103,24.0,0,2.0
30104,31.0,0,-3.0
30105,31.0,1,-0.0
30106,17.0,0,2.0
30107,28.0,0,1.0
30108,31.0,0,0.0
30109,22.0,0,-2.0
30110,3.0,0,3.0
30111,4.0,1,2.0
30112,24.0,0,1.0
30113,31.0,0,-1.0
30114,19.0,0,-0.0
30115,3.0,1,3.0
30116,18.0,0,-0.0
30117,9.0,1,6.0
30118,0.0,0,0.0
30119,31.0,0,-1.0
30120,21.0,1,1.0
30121,0.0,0,1.0
30122,0.0,0,2.0
30123,20.0,0,0.0
30124,0.0,0,1.0
30125,14.0,0,2.0
30126,2.0,1,2.0
30127,31.0,0,-0.0
30128,31.0,0,0.0
30129,31.0,0,0.0
30130,0.0,0,1.0
30131,19.0,1,1.0
30132,31.0,0,0.0
30133,16.0,0,2.0
30134,0.0,0,2.0
30135,31.0,0,-0.0
30136,31.0,0,0.0
30137,29.0,0,1.0
30138,31.0,0,0.0
30139,21.0,0,-2.0
30140,26.0,1,-1.0
30141,28.0,1,0.0
30142,0.0,0,0.0
30143,0.0,0,2.0
30144,0.0,0,0.0
30145,31.0,0,0.0
30146,16.0,0,2.0
30147,9.0,0,1.0
30148,0.0,0,0.0
30149,24.0,0,2.0
30150,31.0,1,0.0
30151,17.0,0,1.0
30152,31.0,1,0.0
30153,23.0,1,1.0
30154,30.0,0,1.0
30155,20.0,0,2.0
30156,0.0,0,0.0
30157,18.0,1,5.0
30158,31.0,0,0.0
30159,0.0,0,8.0
30160,12.0,0,-2.0
30161,16.0,0,1.0
30162,31.0,0,0.0
30163,0.0,0,1.0
30164,8.0,1,1.0
30165,31.0,0,0.0
30166,31.0,0,0.0
30167,28.0,0,0.0
30168,0.0,0,2.0
30169,21.0,0,5.0
30170,31.0,0,0.0
30171,31.0,0,-1.0
30172,31.0,1,0.0
30173,31.0,0,0.0
30174,27.0,0,1.0
30175,30.0,0,1.0
30176,31.0,0,0.0
30177,0.0,0,1.0
30178,31.0,0,0.0
30179,22.0,0,1.0
30180,31.0,0,-0.0
30181,26.0,0,1.0
30182,5.0,0,0.0
30183,25.0,0,1.0
30184,31.0,0,0.0
30185,31.0,0,0.0
30186,31.0,0,0.0
30187,27.0,0,0.0
30188,0.0,0,1.0
30189,31.0,0,0.0
30190,31.0,0,0.0
30191,22.0,1,-0.0
30192,31.0,1,0.0
30193,29.0,0,2.0
30194,0.0,0,0.0
30195,31.0,1,0.0
30196,0.0,0,2.0
30197,21.0,0,-2.0
30198,31.0,0,0.0
30199,28.0,0,3.0
30200,31.0,1,0.0
30201,29.0,0,1.0
30202,31.0,0,0.0
30203,31.0,0,0.0
30204,0.0,0,0.0
30205,31.0,0,0.0
30206,15.0,0,1.0
30207,30.0,0,1.0
30208,29.0,0,2.0
30209,27.0,0,2.0
30210,31.0,1,3.0
30211,8.0,0,1.0
30212,28.0,0,1.0
30213,0.0,0,3.0
30214,31.0,0,0.0
30215,24.0,0,3.0
30216,0.0,0,1.0
30217,31.0,0,0.0
30218,1.0,1,1.0
30219,31.0,0,0.0
30220,30.0,0,1.0
30221,23.0,0,2.0
30222,25.0,0,1.0
30223,0.0,0,1.0
30224,0.0,0,1.0
30225,15.0,0,1.0
30226,31.0,1,1.0
30227,0.0,0,3.0
30228,31.0,1,0.0
30229,31.0,0,0.0
30230,6.0,0,3.0
30231,0.0,0,1.0
30232,0.0,0,2.0
30233,0.0,1,0.0
30234,27.0,0,2.0
30235,27.0,0,2.0
30236,0.0,0,0.0
30237,27.0,1,2.0
30238,31.0,0,0.0
30239,27.0,0,1.0
30240,31.0,0,0.0
30241,31.0,0,0.0
30242,22.0,1,4.0
30243,16.0,0,1.0
30244,0.0,0,0.0
30245,31.0,0,0.0
30246,31.0,1,0.0
30247,1.0,0,1.0
30248,19.0,1,1.0
30249,31.0,0,0.0
30250,19.0,0,1.0
30251,27.0,0,4.0
30252,5.0,1,-0.0
30253,0.0,0,3.0
30254,12.0,0,2.0
30255,31.0,1,0.0
30256,0.0,0,0.0
30257,5.0,0,-0.0
30258,0.0,0,0.0
30259,30.0,0,1.0
30260,0.0,0,1.0
30261,31.0,0,0.0
30262,0.0,0,0.0
30263,31.0,0,0.0
30264,19.0,0,0.0
30265,27.0,0,0.0
30266,31.0,0,0.0
30267,28.0,0,3.0
30268,5.0,0,1.0
30269,0.0,0,2.0
30270,0.0,0,3.0
30271,27.0,0,0.0
30272,31.0,0,0.0
30273,30.0,0,1.0
30274,29.0,1,-0.0
30275,29.0,0,2.0
30276,31.0,1,0.0
30277,31.0,0,0.0
30278,10.0,0,4.0
30279,0.0,0,2.0
30280,0.0,0,1.0
30281,27.0,0,3.0
30282,26.0,0,2.0
30283,30.0,0,1.0
30284,28.0,0,1.0
30285,19.0,0,3.0
30286,9.0,0,3.0
30287,16.0,0,7.0
30288,30.0,0,1.0
30289,0.0,0,3.0
30290,31.0,0,0.0
30291,26.0,0,1.0
30292,30.0,0,1.0
30293,31.0,1,-0.0
30294,29.0,1,1.0
30295,31.0,0,0.0
30296,15.0,0,2.0
30297,27.0,0,2.0
30298,20.0,0,-0.0
30299,18.0,1,-1.0
30300,31.0,0,0.0
30301,31.0,1,0.0
30302,28.0,0,2.0
30303,30.0,0,1.0
30304,24.0,0,2.0
30305,31.0,0,0.0
30306,29.0,0,1.0
30307,0.0,0,1.0
30308,31.0,0,-2.0
30309,31.0,0,0.0
30310,30.0,0,1.0
30311,31.0,1,0.0
30312,31.0,0,0.0
30313,0.0,0,3.0
30314,25.0,0,0.0
30315,0.0,0,0.0
30316,29.0,1,3.0
30317,23.0,1,-4.0
30318,31.0,0,0.0
30319,31.0,0,-0.0
30320,15.0,0,1.0
30321,0.0,0,3.0
30322,0.0,0,1.0
30323,0.0,0,0.0
30324,31.0,0,0.0
30325,15.0,0,3.0
30326,26.0,0,3.0
30327,24.0,0,-2.0
30328,31.0,0,-4.0
30329,17.0,1,1.0
30330,0.0,1,0.0
30331,31.0,0,-1.0
30332,7.0,0,-2.0
30333,0.0,0,1.0
30334,20.0,0,-0.0
30335,31.0,0,0.0
30336,31.0,0,0.0
30337,29.0,0,-3.0
30338,31.0,1,1.0
30339,10.0,0,1.0
30340,24.0,0,1.0
30341,31.0,1,1.0
30342,30.0,0,-1.0
30343,12.0,0,-1.0
30344,31.0,0,0.0
30345,31.0,0,0.0
30346,29.0,0,-1.0
30347,1.0,1,1.0
30348,31.0,1,4.0
30349,0.0,0,1.0
30350,26.0,0,2.0
30351,31.0,0,0.0
30352,12.0,0,4.0
30353,0.0,0,4.0
30354,30.0,0,0.0
30355,27.0,1,1.0
30356,30.0,1,-1.0
30357,31.0,0,0.0
30358,31.0,0,-2.0
30359,31.0,1,0.0
30360,29.0,1,1.0
30361,30.0,0,1.0
30362,26.0,0,3.0
30363,24.0,0,1.0
30364,27.0,1,1.0
30365,9.0,0,-0.0
30366,16.0,0,2.0
30367,24.0,1,-0.0
30368,0.0,0,0.0
30369,31.0,0,0.0
30370,30.0,0,-0.0
30371,31.0,0,0.0
30372,31.0,0,0.0
30373,29.0,0,-4.0
30374,31.0,1,3.0
30375,27.0,1,1.0
30376,0.0,0,1.0
30377,14.0,1,0.0
30378,30.0,0,1.0
30379,23.0,0,2.0
30380,18.0,0,-0.0
30381,0.0,0,0.0
30382,0.0,0,1.0
30383,0.0,1,0.0
30384,0.0,0,0.0
30385,3.0,0,4.0
30386,28.0,0,0.0
30387,31.0,1,0.0
30388,30.0,0,1.0
30389,31.0,0,0.0
30390,31.0,1,0.0
30391,28.0,0,2.0
30392,31.0,0,0.0
30393,31.0,0,-0.0
30394,31.0,0,0.0
30395,24.0,0,1.0
30396,18.0,1,1.0
30397,31.0,0,0.0
30398,31.0,0,0.0
30399,0.0,0,4.0
30400,15.0,0,3.0
30401,26.0,0,-0.0
30402,20.0,0,-3.0
30403,2.0,0,1.0
30404,25.0,0,1.0
30405,0.0,0,2.0
30406,31.0,0,0.0
30407,23.0,0,-1.0
30408,28.0,1,2.0
30409,0.0,0,2.0
30410,9.0,0,4.0
30411,27.0,0,1.0
30412,31.0,1,0.0
30413,15.0,0,1.0
30414,0.0,0,1.0
30415,0.0,0,4.0
30416,25.0,0,-1.0
30417,23.0,0,2.0
30418,29.0,0,-0.0
30419,28.0,0,2.0
30420,23.0,0,-1.0
30421,7.0,0,0.0
30422,0.0,0,1.0
30423,27.0,0,2.0
30424,0.0,0,0.0
30425,18.0,0,1.0
30426,12.0,0,-1.0
30427,20.0,1,2.0
30428,16.0,0,3.0
30429,19.0,0,1.0
30430,0.0,0,2.0
30431,15.0,0,4.0
30432,30.0,0,1.0
30433,18.0,0,3.0
30434,29.0,0,2.0
30435,8.0,0,4.0
30436,0.0,0,4.0
30437,30.0,0,-1.0
30438,20.0,1,-2.0
30439,4.0,1,4.0
30440,24.0,0,1.0
30441,0.0,0,0.0
30442,0.0,0,3.0
30443,0.0,0,0.0
30444,20.0,0,2.0
30445,14.0,0,1.0
30446,0.0,0,0.0
30447,31.0,0,0.0
30448,31.0,1,0.0
30449,31.0,0,0.0
30450,31.0,0,0.0
30451,0.0,0,2.0
30452,9.0,1,2.0
30453,31.0,0,0.0
30454,23.0,0,0.0
30455,25.0,0,-1.0
30456,7.0,0,1.0
30457,28.0,0,3.0
30458,31.0,1,0.0
30459,0.0,0,3.0
30460,25.0,0,-1.0
30461,14.0,0,2.0
30462,31.0,0,0.0
30463,0.0,0,4.0
30464,0.0,0,0.0
30465,31.0,0,0.0
30466,8.0,0,1.0
30467,30.0,0,-0.0
30468,9.0,1,2.0
30469,25.0,1,1.0
30470,29.0,0,2.0
30471,31.0,0,0.0
30472,27.0,0,1.0
30473,0.0,0,0.0
30474,25.0,0,4.0
30475,26.0,0,4.0
30476,31.0,0,0.0
30477,31.0,0,0.0
30478,31.0,0,0.0
30479,0.0,0,3.0
30480,29.0,0,-0.0
30481,13.0,0,-1.0
30482,31.0,0,0.0
30483,27.0,0,2.0
30484,23.0,1,2.0
30485,8.0,0,2.0
30486,12.0,0,2.0
30487,4.0,0,-0.0
30488,29.0,0,2.0
30489,31.0,0,0.0
30490,22.0,0,2.0
30491,17.0,1,-0.0
30492,22.0,0,2.0
30493,22.0,0,1.0
30494,22.0,0,-0.0
30495,13.0,0,1.0
30496,0.0,0,2.0
30497,31.0,0,0.0
30498,31.0,0,0.0
30499,31.0,1,2.0
30500,16.0,0,2.0
30501,31.0,0,0.0
30502,10.0,0,-0.0
30503,28.0,0,3.0
30504,29.0,0,2.0
30505,11.0,0,1.0
30506,0.0,0,2.0
30507,8.0,0,1.0
30508,17.0,0,1.0
30509,29.0,0,1.0
30510,31.0,0,0.0
30511,31.0,1,0.0
30512,28.0,0,1.0
30513,31.0,0,0.0
30514,0.0,0,0.0
30515,31.0,1,0.0
30516,28.0,0,-2.0
30517,31.0,0,0.0
30518,31.0,0,-0.0
30519,0.0,0,0.0
30520,0.0,0,1.0
30521,31.0,0,0.0
30522,31.0,0,-2.0
30523,0.0,0,2.0
30524,0.0,0,0.0
30525,31.0,1,0.0
30526,0.0,0,4.0
30527,19.0,1,-0.0
30528,0.0,0,2.0
30529,24.0,0,2.0
30530,0.0,0,0.0
30531,0.0,0,3.0
30532,31.0,0,0.0
30533,29.0,0,2.0
30534,31.0,0,-1.0
30535,31.0,0,-1.0
30536,20.0,0,4.0
30537,24.0,0,1.0
30538,27.0,0,3.0
30539,14.0,0,2.0
30540,18.0,1,3.0
30541,25.0,1,3.0
30542,21.0,0,2.0
30543,30.0,0,-1.0
30544,31.0,1,0.0
30545,0.0,0,2.0
30546,31.0,0,0.0
30547,0.0,1,0.0
30548,0.0,0,2.0
30549,4.0,1,4.0
30550,25.0,1,1.0
30551,0.0,0,3.0
30552,31.0,0,0.0
30553,8.0,0,3.0
30554,25.0,0,2.0
30555,30.0,1,-1.0
30556,23.0,0,-0.0
30557,8.0,0,-2.0
30558,0.0,0,5.0
30559,24.0,0,-0.0
30560,6.0,0,2.0
30561,29.0,0,-1.0
30562,31.0,0,0.0
30563,6.0,0,2.0
30564,0.0,0,4.0
30565,29.0,0,-4.0
30566,0.0,0,1.0
30567,30.0,0,1.0
30568,0.0,0,3.0
30569,0.0,0,0.0
30570,31.0,1,1.0
30571,21.0,0,4.0
30572,14.0,0,2.0
30573,5.0,0,0.0
30574,27.0,1,1.0
30575,31.0,0,0.0
30576,6.0,0,2.0
30577,28.0,0,3.0
30578,0.0,0,2.0
30579,0.0,0,1.0
30580,21.0,0,1.0
30581,31.0,0,-0.0
30582,31.0,0,0.0
30583,25.0,0,-0.0
30584,31.0,1,0.0
30585,29.0,0,2.0
30586,19.0,0,4.0
30587,30.0,0,1.0
30588,14.0,0,4.0
30589,4.0,1,0.0
30590,26.0,0,2.0
30591,28.0,0,1.0
30592,31.0,0,0.0
30593,0.0,0,1.0
30594,25.0,0,-0.0
30595,27.0,0,-1.0
30596,28.0,1,1.0
30597,31.0,0,0.0
30598,31.0,0,-2.0
30599,0.0,0,2.0
30600,25.0,0,0.0
30601,0.0,0,0.0
30602,0.0,0,0.0
30603,0.0,0,0.0
30604,31.0,0,-1.0
30605,0.0,0,0.0
30606,0.0,0,0.0
30607,31.0,1,0.0
30608,30.0,0,1.0
30609,31.0,1,2.0
30610,27.0,0,3.0
30611,21.0,0,1.0
30612,16.0,0,-1.0
30613,21.0,0,2.0
30614,31.0,0,0.0
30615,21.0,0,3.0
30616,25.0,1,1.0
30617,17.0,0,1.0
30618,31.0,0,0.0
30619,24.0,0,2.0
30620,31.0,0,0.0
30621,31.0,1,0.0
30622,30.0,0,1.0
30623,31.0,0,0.0
30624,7.0,0,1.0
30625,0.0,0,0.0
30626,31.0,1,0.0
30627,15.0,0,1.0
30628,21.0,0,1.0
30629,24.0,0,2.0
30630,8.0,1,1.0
30631,28.0,0,2.0
30632,31.0,0,0.0
30633,1.0,0,-1.0
30634,31.0,0,0.0
30635,2.0,0,1.0
30636,31.0,0,0.0
30637,22.0,1,2.0
30638,5.0,0,2.0
30639,18.0,0,-0.0
30640,30.0,0,1.0
30641,0.0,0,0.0
30642,31.0,0,0.0
30643,26.0,0,4.0
30644,0.0,0,2.0
30645,7.0,0,0.0
30646,26.0,0,3.0
30647,30.0,0,0.0
30648,0.0,0,0.0
30649,28.0,0,0.0
30650,0.0,0,0.0
30651,31.0,1,0.0
30652,28.0,0,1.0
30653,31.0,1,-0.0
30654,31.0,0,0.0
30655,30.0,0,-1.0
30656,0.0,0,0.0
30657,31.0,0,0.0
30658,1.0,0,0.0
30659,30.0,0,1.0
30660,31.0,0,0.0
30661,31.0,0,0.0
30662,31.0,1,0.0
30663,31.0,1,0.0
30664,30.0,0,1.0
30665,0.0,1,0.0
30666,31.0,0,0.0
30667,29.0,1,-0.0
30668,0.0,0,0.0
30669,26.0,0,0.0
30670,0.0,0,0.0
30671,27.0,0,1.0
30672,16.0,0,0.0
30673,31.0,1,0.0
30674,31.0,0,-0.0
30675,19.0,0,2.0
30676,31.0,0,0.0
30677,23.0,0,4.0
30678,0.0,1,0.0
30679,13.0,1,2.0
30680,12.0,0,-1.0
30681,0.0,0,3.0
30682,30.0,0,1.0
30683,31.0,0,0.0
30684,14.0,0,2.0
30685,0.0,0,1.0
30686,31.0,0,0.0
30687,21.0,0,3.0
30688,27.0,0,0.0
30689,31.0,0,0.0
30690,31.0,0,0.0
30691,0.0,0,2.0
30692,31.0,1,0.0
30693,1.0,1,1.0
30694,30.0,1,2.0
30695,3.0,1,3.0
30696,31.0,1,0.0
30697,23.0,0,-1.0
30698,30.0,0,1.0
30699,3.0,1,3.0
30700,31.0,1,1.0
30701,0.0,0,0.0
30702,31.0,0,0.0
30703,30.0,1,2.0
30704,31.0,0,-2.0
30705,0.0,0,0.0
30706,29.0,0,2.0
30707,29.0,0,1.0
30708,31.0,1,2.0
30709,31.0,0,-1.0
30710,19.0,0,2.0
30711,31.0,0,-2.0
30712,31.0,0,-1.0
30713,28.0,0,2.0
30714,0.0,1,0.0
30715,29.0,1,2.0
30716,30.0,1,1.0
30717,25.0,0,2.0
30718,20.0,0,1.0
30719,31.0,0,-2.0
30720,28.0,0,1.0
30721,0.0,0,2.0
30722,18.0,0,3.0
30723,0.0,0,3.0
30724,12.0,0,-1.0
30725,22.0,0,1.0
30726,15.0,1,1.0
30727,31.0,0,0.0
30728,4.0,0,1.0
30729,21.0,0,3.0
30730,0.0,0,2.0
30731,24.0,0,3.0
30732,1.0,1,1.0
30733,0.0,1,0.0
30734,7.0,1,0.0
30735,22.0,1,1.0
30736,19.0,0,4.0
30737,25.0,0,0.0
30738,28.0,1,2.0
30739,31.0,0,-3.0
30740,31.0,0,0.0
30741,1.0,0,1.0
30742,3.0,1,3.0
30743,25.0,0,-2.0
30744,0.0,0,0.0
30745,28.0,0,1.0
30746,17.0,1,1.0
30747,31.0,0,0.0
30748,10.0,1,3.0
30749,0.0,0,1.0
30750,30.0,0,0.0
30751,0.0,0,0.0
30752,31.0,0,0.0
30753,27.0,1,2.0
30754,0.0,0,2.0
30755,30.0,0,-2.0
30756,31.0,1,0.0
30757,31.0,0,0.0
30758,17.0,0,1.0
30759,30.0,0,1.0
30760,31.0,0,0.0
30761,26.0,0,0.0
30762,31.0,0,0.0
30763,31.0,0,0.0
30764,31.0,0,0.0
30765,27.0,1,2.0
30766,28.0,0,2.0
30767,2.0,0,3.0
30768,0.0,0,0.0
30769,2.0,1,2.0
30770,28.0,0,2.0
30771,24.0,0,2.0
30772,18.0,0,1.0
30773,13.0,0,1.0
30774,0.0,0,0.0
30775,31.0,0,0.0
30776,31.0,0,0.0
30777,0.0,0,3.0
30778,0.0,0,2.0
30779,18.0,0,0.0
30780,28.0,0,2.0
30781,26.0,0,3.0
30782,31.0,0,0.0
30783,31.0,0,-0.0
30784,31.0,0,0.0
30785,6.0,0,1.0
30786,8.0,0,2.0
30787,0.0,0,0.0
30788,0.0,0,5.0
30789,0.0,1,0.0
30790,13.0,0,0.0
30791,30.0,0,1.0
30792,0.0,0,0.0
30793,16.0,0,-1.0
30794,0.0,0,2.0
30795,30.0,0,1.0
30796,31.0,0,0.0
30797,18.0,0,-1.0
30798,19.0,0,2.0
30799,31.0,0,0.0
30800,27.0,0,1.0
30801,12.0,0,-1.0
30802,31.0,0,0.0
30803,20.0,0,-4.0
30804,9.0,0,3.0
30805,23.0,1,3.0
30806,0.0,0,0.0
30807,30.0,1,0.0
30808,29.0,0,1.0
30809,31.0,0,0.0
30810,31.0,1,0.0
30811,29.0,0,2.0
30812,30.0,0,1.0
30813,2.0,1,2.0
30814,18.0,0,-0.0
30815,31.0,0,-1.0
30816,0.0,0,0.0
30817,22.0,0,4.0
30818,10.0,1,1.0
30819,9.0,0,-3.0
30820,30.0,0,-1.0
30821,27.0,0,4.0
30822,13.0,0,2.0
30823,31.0,0,0.0
30824,31.0,0,-1.0
30825,27.0,0,2.0
30826,30.0,0,1.0
30827,0.0,0,0.0
30828,28.0,0,1.0
30829,30.0,0,1.0
30830,27.0,0,1.0
30831,19.0,0,4.0
30832,31.0,0,0.0
30833,0.0,0,0.0
30834,0.0,0,2.0
30835,9.0,0,1.0
30836,27.0,0,2.0
30837,26.0,1,1.0
30838,20.0,1,3.0
30839,11.0,0,1.0
30840,25.0,0,-1.0
30841,2.0,1,2.0
30842,18.0,0,1.0
30843,31.0,0,0.0
30844,16.0,0,0.0
30845,7.0,0,2.0
30846,0.0,1,0.0
30847,7.0,0,2.0
30848,23.0,0,2.0
30849,25.0,0,5.0
30850,31.0,0,0.0
30851,25.0,1,1.0
30852,19.0,0,-3.0
30853,0.0,0,2.0
30854,0.0,0,2.0
30855,29.0,0,2.0
30856,31.0,1,1.0
30857,28.0,0,2.0
30858,28.0,0,3.0
30859,31.0,0,0.0
30860,10.0,1,5.0
30861,17.0,0,-1.0
30862,0.0,0,0.0
30863,30.0,0,-0.0
30864,0.0,0,0.0
30865,23.0,0,6.0
30866,31.0,0,0.0
30867,21.0,0,3.0
30868,31.0,0,0.0
30869,20.0,0,-1.0
30870,5.0,0,1.0
30871,31.0,0,0.0
30872,28.0,1,3.0
30873,0.0,0,1.0
30874,31.0,0,0.0
30875,1.0,0,-0.0
30876,27.0,0,-1.0
30877,31.0,1,0.0
30878,0.0,0,3.0
30879,31.0,0,-0.0
30880,29.0,0,-2.0
30881,31.0,0,-5.0
30882,30.0,0,1.0
30883,0.0,0,6.0
30884,31.0,0,0.0
30885,31.0,0,0.0
30886,24.0,1,-1.0
30887,0.0,0,1.0
30888,22.0,0,1.0
30889,0.0,0,2.0
30890,22.0,0,2.0
30891,9.0,1,-3.0
30892,2.0,1,2.0
30893,30.0,0,1.0
30894,1.0,1,1.0
30895,29.0,0,2.0
30896,31.0,0,-0.0
30897,10.0,0,4.0
30898,0.0,0,0.0
30899,31.0,0,0.0
30900,31.0,0,0.0
30901,0.0,0,0.0
30902,0.0,0,0.0
30903,0.0,0,2.0
30904,0.0,0,1.0
30905,25.0,0,0.0
30906,15.0,1,-1.0
30907,31.0,1,0.0
30908,7.0,0,2.0
30909,0.0,0,0.0
30910,14.0,0,1.0
30911,20.0,0,1.0
30912,30.0,0,-0.0
30913,0.0,0,3.0
30914,0.0,0,0.0
30915,31.0,0,0.0
30916,31.0,0,0.0
30917,2.0,0,2.0
30918,22.0,0,3.0
30919,31.0,0,-0.0
30920,0.0,0,1.0
30921,31.0,0,0.0
30922,31.0,0,0.0
30923,5.0,0,3.0
30924,31.0,0,0.0
30925,31.0,0,0.0
30926,26.0,0,0.0
30927,0.0,0,0.0
30928,9.0,1,2.0
30929,24.0,0,2.0
30930,26.0,0,-0.0
30931,29.0,0,-1.0
30932,0.0,1,0.0
30933,31.0,0,-0.0
30934,31.0,0,0.0
30935,30.0,0,1.0
30936,30.0,0,1.0
30937,0.0,0,0.0
30938,28.0,0,3.0
30939,0.0,0,0.0
30940,1.0,0,1.0
30941,31.0,0,0.0
30942,31.0,0,0.0
30943,29.0,0,2.0
30944,31.0,0,0.0
30945,31.0,0,0.0
30946,15.0,0,1.0
30947,20.0,0,2.0
30948,0.0,0,4.0
30949,19.0,0,-1.0
30950,26.0,0,4.0
30951,28.0,0,3.0
30952,29.0,0,1.0
30953,29.0,1,1.0
30954,2.0,0,3.0
30955,17.0,0,2.0
30956,8.0,0,1.0
30957,14.0,0,0.0
30958,0.0,0,2.0
30959,31.0,0,0.0
30960,31.0,0,0.0
30961,19.0,0,3.0
30962,0.0,0,0.0
30963,13.0,1,1.0
30964,29.0,0,1.0
30965,9.0,0,-0.0
30966,0.0,0,0.0
30967,31.0,0,0.0
30968,31.0,0,-1.0
30969,2.0,1,2.0
30970,19.0,1,-0.0
30971,31.0,0,0.0
30972,30.0,0,1.0
30973,27.0,0,-0.0
30974,31.0,1,1.0
30975,27.0,0,3.0
30976,29.0,0,2.0
30977,0.0,1,0.0
30978,15.0,0,1.0
30979,4.0,0,1.0
30980,20.0,1,4.0
30981,14.0,0,0.0
30982,24.0,1,0.0
30983,23.0,0,1.0
30984,0.0,0,2.0
30985,28.0,0,-0.0
30986,0.0,0,1.0
30987,0.0,0,2.0
30988,0.0,0,2.0
30989,23.0,0,2.0
30990,31.0,0,0.0
30991,24.0,0,3.0
30992,0.0,1,0.0
30993,0.0,0,0.0
30994,24.0,1,-2.0
30995,0.0,0,3.0
30996,31.0,0,-0.0
30997,28.0,0,3.0
30998,2.0,1,2.0
30999,23.0,1,4.0
31000,31.0,0,-1.0
31001,30.0,0,-1.0
31002,29.0,0,2.0
31003,15.0,0,2.0
31004,0.0,0,0.0
31005,11.0,0,-1.0
31006,31.0,0,-0.0
31007,2.0,1,2.0
31008,0.0,0,2.0
31009,21.0,1,2.0
31010,26.0,0,1.0
31011,12.0,1,-1.0
31012,19.0,0,-3.0
31013,31.0,0,0.0
31014,2.0,1,2.0
31015,0.0,0,1.0
31016,0.0,0,1.0
31017,28.0,0,3.0
31018,0.0,0,4.0
31019,23.0,0,2.0
31020,0.0,0,0.0
31021,15.0,0,4.0
31022,0.0,0,0.0
31023,21.0,0,1.0
31024,31.0,0,-1.0
31025,18.0,0,1.0
31026,30.0,0,1.0
31027,31.0,0,0.0
31028,0.0,0,1.0
31029,0.0,0,0.0
31030,31.0,1,0.0
31031,27.0,1,1.0
31032,25.0,0,2.0
31033,25.0,0,0.0
31034,1.0,1,1.0
31035,22.0,0,2.0
31036,3.0,0,2.0
31037,10.0,0,2.0
31038,29.0,0,2.0
31039,31.0,0,0.0
31040,29.0,0,-2.0
31041,20.0,0,1.0
31042,30.0,0,-0.0
31043,0.0,1,-1.0
31044,31.0,0,0.0
31045,10.0,0,1.0
31046,29.0,0,2.0
31047,31.0,0,0.0
31048,31.0,0,-3.0
31049,27.0,0,4.0
31050,31.0,0,-3.0
31051,25.0,0,2.0
31052,31.0,0,0.0
31053,22.0,0,3.0
31054,0.0,0,0.0
31055,11.0,0,2.0
31056,31.0,1,3.0
31057,31.0,0,-2.0
31058,24.0,0,2.0
31059,28.0,0,3.0
31060,31.0,0,0.0
31061,0.0,0,0.0
31062,0.0,0,1.0
31063,31.0,0,-0.0
31064,0.0,0,1.0
31065,30.0,0,1.0
31066,30.0,0,1.0
31067,22.0,0,-0.0
31068,30.0,1,0.0
31069,31.0,0,0.0
31070,31.0,0,-1.0
31071,0.0,0,6.0
31072,31.0,1,0.0
31073,8.0,0,2.0
31074,29.0,0,1.0
31075,31.0,0,0.0
31076,14.0,0,1.0
31077,5.0,0,-3.0
31078,0.0,0,0.0
31079,21.0,0,0.0
31080,29.0,0,1.0
31081,31.0,0,0.0
31082,11.0,0,1.0
31083,23.0,0,-0.0
31084,31.0,0,-0.0
31085,9.0,1,3.0
31086,31.0,1,0.0
31087,30.0,0,1.0
31088,18.0,0,1.0
31089,23.0,0,2.0
31090,31.0,0,0.0
31091,22.0,0,1.0
31092,12.0,0,2.0
31093,27.0,0,4.0
31094,0.0,0,1.0
31095,31.0,0,0.0
31096,13.0,1,2.0
31097,0.0,0,0.0
31098,15.0,1,0.0
31099,26.0,0,3.0
31100,0.0,0,0.0
31101,4.0,0,1.0
31102,31.0,1,0.0
31103,31.0,0,0.0
31104,0.0,0,0.0
31105,21.0,0,2.0
31106,13.0,1,-1.0
31107,0.0,0,0.0
31108,20.0,0,1.0
31109,31.0,0,0.0
31110,27.0,1,1.0
31111,0.0,0,5.0
31112,30.0,0,-0.0
31113,26.0,0,-1.0
31114,16.0,0,4.0
31115,0.0,0,0.0
31116,21.0,0,4.0
31117,1.0,0,1.0
31118,29.0,1,-1.0
31119,31.0,1,1.0
31120,26.0,1,2.0
31121,21.0,0,5.0
31122,31.0,0,0.0
31123,12.0,0,-0.0
31124,0.0,0,0.0
31125,22.0,0,1.0
31126,0.0,1,0.0
31127,0.0,0,1.0
31128,31.0,0,0.0
31129,21.0,1,1.0
31130,19.0,0,4.0
31131,0.0,0,0.0
31132,24.0,1,0.0
31133,29.0,0,2.0
31134,28.0,0,1.0
31135,31.0,1,0.0
31136,1.0,1,1.0
31137,31.0,0,0.0
31138,23.0,0,0.0
31139,28.0,0,2.0
31140,0.0,0,4.0
31141,3.0,1,3.0
31142,0.0,0,0.0
31143,31.0,0,0.0
31144,0.0,0,0.0
31145,27.0,0,2.0
31146,11.0,0,3.0
31147,30.0,0,1.0
31148,0.0,0,1.0
31149,4.0,1,1.0
31150,26.0,0,2.0
31151,0.0,0,0.0
31152,28.0,0,-0.0
31153,31.0,1,0.0
31154,29.0,0,2.0
31155,18.0,0,-2.0
31156,7.0,0,2.0
31157,0.0,0,2.0
31158,0.0,0,0.0
31159,18.0,0,3.0
31160,29.0,0,1.0
31161,0.0,0,0.0
31162,7.0,0,-1.0
31163,31.0,0,0.0
31164,31.0,0,0.0
31165,23.0,0,1.0
31166,27.0,1,-0.0
31167,31.0,0,0.0
31168,17.0,0,0.0
31169,27.0,0,3.0
31170,31.0,0,0.0
31171,6.0,0,3.0
31172,26.0,0,4.0
31173,31.0,0,0.0
31174,20.0,1,4.0
31175,0.0,0,1.0
31176,24.0,0,-0.0
31177,31.0,0,0.0
31178,29.0,0,2.0
31179,4.0,0,-1.0
31180,1.0,1,1.0
31181,0.0,0,0.0
31182,1.0,0,4.0
31183,0.0,1,0.0
31184,31.0,1,1.0
31185,0.0,0,0.0
31186,31.0,0,0.0
31187,30.0,1,-1.0
31188,30.0,0,-2.0
31189,0.0,0,1.0
31190,3.0,0,2.0
31191,0.0,0,1.0
31192,19.0,0,1.0
31193,30.0,0,-0.0
31194,0.0,0,8.0
31195,11.0,0,-1.0
31196,19.0,1,-1.0
31197,29.0,1,-0.0
31198,24.0,0,-1.0
31199,30.0,1,3.0
31200,30.0,0,1.0
31201,0.0,0,0.0
31202,31.0,0,0.0
31203,0.0,0,0.0
31204,29.0,0,0.0
31205,0.0,0,2.0
31206,25.0,0,-0.0
31207,29.0,0,2.0
31208,31.0,0,-2.0
31209,0.0,0,1.0
31210,28.0,0,0.0
31211,31.0,0,0.0
31212,29.0,0,1.0
31213,27.0,1,-1.0
31214,27.0,1,2.0
31215,25.0,1,-1.0
31216,0.0,0,0.0
31217,0.0,1,0.0
31218,0.0,1,0.0
31219,31.0,0,-0.0
31220,31.0,0,-2.0
31221,31.0,1,4.0
31222,0.0,0,0.0
31223,14.0,0,0.0
31224,0.0,0,3.0
31225,30.0,1,-1.0
31226,16.0,0,2.0
31227,29.0,0,2.0
31228,0.0,1,0.0
31229,13.0,0,-1.0
31230,28.0,1,3.0
31231,0.0,0,2.0
31232,14.0,1,-2.0
31233,0.0,1,0.0
31234,0.0,0,0.0
31235,12.0,0,-1.0
31236,7.0,0,2.0
31237,1.0,1,1.0
31238,31.0,0,0.0
31239,28.0,0,2.0
31240,0.0,0,3.0
31241,27.0,0,2.0
31242,1.0,1,1.0
31243,28.0,0,2.0
31244,29.0,0,2.0
31245,28.0,1,1.0
31246,27.0,0,-1.0
31247,0.0,0,2.0
31248,31.0,0,0.0
31249,0.0,0,0.0
31250,27.0,0,2.0
31251,30.0,0,1.0
31252,0.0,0,1.0
31253,26.0,1,1.0
31254,21.0,0,2.0
31255,25.0,0,1.0
31256,0.0,0,0.0
31257,7.0,0,0.0
31258,30.0,0,1.0
31259,1.0,1,1.0
31260,28.0,0,0.0
31261,0.0,0,3.0
31262,0.0,0,1.0
31263,25.0,0,-2.0
31264,25.0,0,3.0
31265,31.0,0,-2.0
31266,19.0,0,-2.0
31267,31.0,1,2.0
31268,31.0,0,0.0
31269,21.0,0,1.0
31270,13.0,0,-1.0
31271,25.0,0,5.0
31272,31.0,1,0.0
31273,31.0,0,0.0
31274,0.0,0,1.0
31275,7.0,1,-1.0
31276,25.0,0,4.0
31277,17.0,0,3.0
31278,18.0,0,1.0
31279,15.0,0,-2.0
31280,14.0,0,3.0
31281,0.0,0,0.0
31282,31.0,0,0.0
31283,29.0,0,2.0
31284,10.0,0,-2.0
31285,30.0,0,0.0
31286,26.0,0,-0.0
31287,29.0,0,2.0
31288,23.0,0,2.0
31289,6.0,0,2.0
31290,0.0,0,2.0
31291,17.0,1,4.0
31292,28.0,0,2.0
31293,31.0,1,0.0
31294,18.0,0,1.0
31295,20.0,0,2.0
31296,15.0,0,-2.0
31297,28.0,0,3.0
31298,31.0,0,0.0
31299,1.0,1,1.0
31300,31.0,0,0.0
31301,31.0,1,0.0
31302,31.0,1,0.0
31303,28.0,1,1.0
31304,29.0,0,2.0
31305,30.0,0,1.0
31306,0.0,0,2.0
31307,8.0,0,0.0
31308,26.0,0,3.0
31309,27.0,1,1.0
31310,26.0,0,3.0
31311,0.0,0,0.0
31312,12.0,0,1.0
31313,31.0,0,0.0
31314,0.0,0,0.0
31315,31.0,0,0.0
31316,31.0,0,-1.0
31317,0.0,0,0.0
31318,0.0,0,0.0
31319,11.0,0,-1.0
31320,29.0,0,0.0
31321,31.0,1,0.0
31322,8.0,0,2.0
31323,16.0,0,1.0
31324,29.0,0,2.0
31325,25.0,0,3.0
31326,10.0,1,-0.0
31327,0.0,0,1.0
31328,0.0,0,2.0
31329,31.0,0,-1.0
31330,0.0,0,2.0
31331,25.0,1,1.0
31332,31.0,1,0.0
31333,14.0,0,4.0
31334,0.0,0,2.0
31335,31.0,0,0.0
31336,27.0,0,-0.0
31337,18.0,0,-2.0
31338,0.0,0,0.0
31339,31.0,0,0.0
31340,31.0,0,-4.0
31341,27.0,0,4.0
31342,31.0,0,-1.0
31343,0.0,0,3.0
31344,18.0,0,3.0
31345,12.0,1,1.0
31346,31.0,1,0.0
31347,0.0,0,1.0
31348,0.0,0,4.0
31349,25.0,0,-1.0
31350,31.0,0,0.0
31351,31.0,1,1.0
31352,23.0,0,1.0
31353,29.0,0,2.0
31354,28.0,0,3.0
31355,23.0,0,0.0
31356,31.0,0,0.0
31357,31.0,0,0.0
31358,0.0,0,0.0
31359,23.0,0,0.0
31360,28.0,1,-3.0
31361,16.0,1,-2.0
31362,31.0,0,0.0
31363,28.0,1,-1.0
31364,29.0,0,2.0
31365,26.0,0,1.0
31366,21.0,0,4.0
31367,26.0,1,2.0
31368,19.0,0,1.0
31369,1.0,1,1.0
31370,29.0,0,1.0
31371,29.0,0,2.0
31372,0.0,0,5.0
31373,20.0,0,1.0
31374,20.0,0,1.0
31375,29.0,0,1.0
31376,31.0,0,0.0
31377,31.0,0,0.0
31378,29.0,0,-0.0
31379,0.0,1,0.0
31380,24.0,0,2.0
31381,0.0,0,1.0
31382,0.0,0,1.0
31383,31.0,0,0.0
31384,0.0,0,0.0
31385,29.0,0,2.0
31386,3.0,1,2.0
31387,28.0,0,1.0
31388,0.0,1,0.0
31389,14.0,0,1.0
31390,0.0,0,1.0
31391,28.0,0,-0.0
31392,18.0,0,3.0
31393,0.0,0,1.0
31394,11.0,0,3.0
31395,0.0,0,3.0
31396,0.0,1,0.0
31397,29.0,0,1.0
31398,30.0,0,1.0
31399,0.0,0,1.0
31400,0.0,0,0.0
31401,25.0,0,2.0
31402,24.0,0,-2.0
31403,30.0,0,-1.0
31404,19.0,1,1.0
31405,31.0,0,0.0
31406,23.0,0,4.0
31407,27.0,0,-0.0
31408,31.0,1,1.0
31409,31.0,1,0.0
31410,29.0,1,4.0
31411,31.0,0,0.0
31412,0.0,1,0.0
31413,24.0,0,2.0
31414,28.0,0,-1.0
31415,28.0,1,-2.0
31416,29.0,0,2.0
31417,0.0,0,1.0
31418,0.0,0,2.0
31419,19.0,1,0.0
31420,31.0,0,0.0
31421,8.0,0,2.0
31422,23.0,0,0.0
31423,0.0,0,1.0
31424,0.0,0,0.0
31425,23.0,0,3.0
31426,24.0,1,-3.0
31427,0.0,0,0.0
31428,28.0,0,1.0
31429,31.0,0,0.0
31430,31.0,1,0.0
31431,31.0,1,0.0
31432,30.0,0,1.0
31433,20.0,0,-2.0
31434,26.0,0,1.0
31435,16.0,0,1.0
31436,22.0,0,0.0
31437,22.0,0,4.0
31438,31.0,1,0.0
31439,28.0,0,0.0
31440,0.0,0,0.0
31441,0.0,0,0.0
31442,11.0,0,1.0
31443,24.0,0,2.0
31444,0.0,1,0.0
31445,23.0,0,5.0
31446,17.0,0,1.0
31447,23.0,0,1.0
31448,0.0,0,0.0
31449,10.0,0,5.0
31450,6.0,0,0.0
31451,0.0,0,1.0
31452,31.0,0,0.0
31453,13.0,0,-1.0
31454,9.0,0,3.0
31455,31.0,0,0.0
31456,6.0,0,3.0
31457,2.0,1,2.0
31458,0.0,0,1.0
31459,30.0,0,1.0
31460,30.0,0,1.0
31461,29.0,0,-0.0
31462,29.0,1,2.0
31463,0.0,0,0.0
31464,27.0,1,2.0
31465,27.0,0,1.0
31466,31.0,0,0.0
31467,1.0,0,2.0
31468,30.0,0,1.0
31469,3.0,1,3.0
31470,28.0,0,3.0
31471,30.0,0,1.0
31472,31.0,0,0.0
31473,31.0,0,-2.0
31474,26.0,0,3.0
31475,31.0,0,0.0
31476,31.0,0,-1.0
31477,0.0,0,4.0
31478,22.0,1,-3.0
31479,30.0,0,1.0
31480,25.0,0,3.0
31481,25.0,0,1.0
31482,18.0,0,1.0
31483,29.0,0,-0.0
31484,0.0,0,1.0
31485,14.0,0,1.0
31486,29.0,0,1.0
31487,0.0,0,1.0
31488,21.0,0,-0.0
31489,20.0,0,2.0
31490,31.0,1,0.0
31491,28.0,0,2.0
31492,0.0,0,0.0
31493,31.0,0,0.0
31494,27.0,0,2.0
31495,31.0,0,-1.0
31496,10.0,1,-2.0
31497,0.0,0,2.0
31498,0.0,0,3.0
31499,21.0,0,3.0
31500,31.0,0,0.0
31501,31.0,0,0.0
31502,31.0,0,-2.0
31503,19.0,0,1.0
31504,31.0,0,0.0
31505,29.0,0,2.0
31506,31.0,1,1.0
31507,4.0,1,4.0
31508,29.0,0,2.0
31509,0.0,1,0.0
31510,0.0,0,3.0
31511,22.0,1,2.0
31512,22.0,0,-1.0
31513,2.0,0,-2.0
31514,31.0,0,0.0
31515,29.0,0,1.0
31516,19.0,1,3.0
31517,14.0,1,1.0
31518,7.0,0,0.0
31519,31.0,1,1.0
31520,25.0,1,2.0
31521,19.0,0,1.0
31522,16.0,0,1.0
31523,0.0,0,3.0
31524,17.0,0,1.0
31525,0.0,0,0.0
31526,30.0,0,-0.0
31527,8.0,0,2.0
31528,28.0,1,4.0
31529,15.0,0,-1.0
31530,0.0,0,0.0
31531,31.0,0,0.0
31532,0.0,0,0.0
31533,27.0,0,0.0
31534,31.0,1,0.0
31535,27.0,0,-1.0
31536,25.0,0,-2.0
31537,7.0,0,1.0
31538,8.0,0,-2.0
31539,0.0,0,0.0
31540,21.0,1,-5.0
31541,0.0,0,2.0
31542,29.0,0,1.0
31543,16.0,0,-1.0
31544,16.0,0,2.0
31545,8.0,0,1.0
31546,31.0,0,0.0
31547,2.0,1,2.0
31548,28.0,0,2.0
31549,28.0,0,3.0
31550,9.0,0,-1.0
31551,31.0,0,0.0
31552,31.0,1,0.0
31553,31.0,1,1.0
31554,31.0,1,3.0
31555,0.0,0,0.0
31556,0.0,0,2.0
31557,30.0,0,-2.0
31558,0.0,0,5.0
31559,31.0,0,0.0
31560,27.0,0,0.0
31561,31.0,0,-4.0
31562,0.0,0,0.0
31563,31.0,0,-2.0
31564,31.0,1,5.0
31565,21.0,0,-1.0
31566,0.0,0,0.0
31567,0.0,0,0.0
31568,31.0,0,0.0
31569,31.0,0,0.0
31570,13.0,1,1.0
31571,0.0,0,3.0
31572,20.0,0,2.0
31573,20.0,0,1.0
31574,31.0,0,0.0
31575,0.0,0,2.0
31576,0.0,0,0.0
31577,18.0,0,1.0
31578,2.0,1,2.0
31579,0.0,0,0.0
31580,31.0,0,0.0
31581,31.0,1,0.0
31582,30.0,0,-1.0
31583,0.0,0,2.0
31584,26.0,1,-1.0
31585,30.0,0,1.0
31586,29.0,0,2.0
31587,0.0,0,1.0
31588,0.0,0,5.0
31589,0.0,0,4.0
31590,29.0,0,1.0
31591,22.0,0,2.0
31592,21.0,0,2.0
31593,20.0,1,1.0
31594,30.0,0,0.0
31595,31.0,0,0.0
31596,0.0,1,0.0
31597,30.0,0,0.0
31598,0.0,0,1.0
31599,30.0,0,1.0
31600,29.0,0,1.0
31601,31.0,0,0.0
31602,31.0,0,-1.0
31603,0.0,0,2.0
31604,0.0,0,3.0
31605,25.0,0,1.0
31606,21.0,0,2.0
31607,0.0,0,0.0
31608,14.0,0,0.0
31609,18.0,0,5.0
31610,31.0,0,-1.0
31611,31.0,0,0.0
31612,27.0,0,-0.0
31613,30.0,1,1.0
31614,27.0,0,-3.0
31615,26.0,0,1.0
31616,0.0,0,2.0
31617,26.0,0,3.0
31618,2.0,0,-0.0
31619,0.0,0,2.0
31620,27.0,0,-0.0
31621,16.0,0,2.0
31622,0.0,0,0.0
31623,0.0,0,0.0
31624,31.0,0,0.0
31625,27.0,0,0.0
31626,11.0,0,4.0
31627,30.0,0,1.0
31628,30.0,0,0.0
31629,0.0,0,0.0
31630,28.0,0,-1.0
31631,31.0,0,-1.0
31632,27.0,0,1.0
31633,13.0,0,1.0
31634,31.0,0,0.0
31635,31.0,0,0.0
31636,1.0,1,-1.0
31637,28.0,0,2.0
31638,24.0,0,0.0
31639,0.0,0,0.0
31640,16.0,1,1.0
31641,0.0,0,3.0
31642,0.0,0,2.0
31643,31.0,0,0.0
31644,30.0,0,-0.0
31645,26.0,0,1.0
31646,31.0,0,-1.0
31647,0.0,0,0.0
31648,1.0,1,1.0
31649,31.0,0,-0.0
31650,25.0,0,1.0
31651,18.0,0,-1.0
31652,0.0,0,2.0
31653,15.0,0,2.0
31654,27.0,0,3.0
31655,5.0,0,2.0
31656,0.0,0,1.0
31657,31.0,0,0.0
31658,0.0,0,1.0
31659,27.0,0,4.0
31660,22.0,0,1.0
31661,27.0,0,-3.0
31662,31.0,0,0.0
31663,30.0,0,1.0
31664,31.0,0,0.0
31665,31.0,1,3.0
31666,31.0,0,0.0
31667,1.0,0,3.0
31668,31.0,0,0.0
31669,31.0,0,0.0
31670,21.0,0,-3.0
31671,16.0,0,3.0
31672,29.0,0,0.0
31673,29.0,0,2.0
31674,0.0,0,0.0
31675,19.0,0,6.0
31676,0.0,1,0.0
31677,14.0,0,0.0
31678,21.0,0,1.0
31679,0.0,0,1.0
31680,0.0,0,1.0
31681,0.0,0,5.0
31682,30.0,0,1.0
31683,31.0,1,3.0
31684,26.0,0,1.0
31685,0.0,0,4.0
31686,0.0,0,1.0
31687,0.0,0,1.0
31688,25.0,1,3.0
31689,25.0,0,4.0
31690,31.0,0,0.0
31691,20.0,0,-1.0
31692,29.0,0,1.0
31693,0.0,0,1.0
31694,31.0,0,-2.0
31695,31.0,0,0.0
31696,28.0,0,1.0
31697,0.0,0,0.0
31698,27.0,0,2.0
31699,31.0,0,0.0
31700,31.0,0,0.0
31701,28.0,0,1.0
31702,0.0,0,4.0
31703,31.0,1,0.0
31704,8.0,0,2.0
31705,0.0,0,3.0
31706,11.0,0,2.0
31707,5.0,1,1.0
31708,0.0,0,5.0
31709,0.0,0,0.0
31710,13.0,0,-0.0
31711,27.0,0,2.0
31712,0.0,0,3.0
31713,25.0,1,3.0
31714,18.0,0,3.0
31715,15.0,0,-1.0
31716,17.0,0,-2.0
31717,31.0,0,0.0
31718,0.0,0,0.0
31719,28.0,0,0.0
31720,4.0,0,-0.0
31721,22.0,0,2.0
31722,31.0,0,-1.0
31723,27.0,0,3.0
31724,24.0,0,1.0
31725,9.0,0,-3.0
31726,0.0,0,1.0
31727,27.0,0,2.0
31728,0.0,0,0.0
31729,16.0,0,-1.0
31730,0.0,0,4.0
31731,1.0,1,1.0
31732,15.0,0,1.0
31733,16.0,1,3.0
31734,31.0,0,-0.0
31735,31.0,0,0.0
31736,1.0,1,1.0
31737,30.0,0,1.0
31738,17.0,0,0.0
31739,0.0,0,1.0
31740,31.0,0,-5.0
31741,0.0,0,0.0
31742,28.0,0,1.0
31743,31.0,0,0.0
31744,31.0,0,0.0
31745,5.0,0,-0.0
31746,0.0,0,1.0
31747,18.0,0,-0.0
31748,28.0,0,1.0
31749,31.0,0,0.0
31750,19.0,0,1.0
31751,0.0,0,2.0
31752,22.0,0,9.0
31753,28.0,0,1.0
31754,29.0,0,-1.0
31755,28.0,0,3.0
31756,3.0,1,2.0
31757,19.0,0,1.0
31758,21.0,0,1.0
31759,12.0,0,1.0
31760,31.0,0,0.0
31761,22.0,0,-0.0
31762,31.0,0,0.0
31763,31.0,0,0.0
31764,31.0,0,0.0
31765,19.0,0,-0.0
31766,31.0,0,0.0
31767,31.0,1,1.0
31768,30.0,0,1.0
31769,0.0,0,0.0
31770,0.0,0,0.0
31771,0.0,0,0.0
31772,30.0,1,-1.0
31773,18.0,0,2.0
31774,22.0,0,1.0
31775,20.0,0,1.0
31776,6.0,0,2.0
31777,31.0,0,0.0
31778,25.0,0,2.0
31779,18.0,0,5.0
31780,0.0,0,2.0
31781,17.0,0,1.0
31782,0.0,0,4.0
31783,0.0,0,1.0
31784,30.0,0,1.0
31785,0.0,0,5.0
31786,21.0,1,3.0
31787,31.0,0,0.0
31788,30.0,1,1.0
31789,0.0,0,0.0
31790,30.0,0,-0.0
31791,31.0,0,0.0
31792,0.0,0,1.0
31793,31.0,1,1.0
31794,26.0,0,-1.0
31795,6.0,0,1.0
31796,1.0,1,1.0
31797,20.0,1,2.0
31798,0.0,0,1.0
31799,0.0,0,0.0
31800,31.0,0,-0.0
31801,0.0,0,0.0
31802,0.0,0,0.0
31803,4.0,0,1.0
31804,0.0,0,0.0
31805,31.0,0,-0.0
31806,20.0,0,1.0
31807,26.0,0,4.0
31808,1.0,0,2.0
31809,26.0,1,1.0
31810,28.0,0,0.0
31811,19.0,1,1.0
31812,31.0,0,0.0
31813,24.0,0,1.0
31814,2.0,0,2.0
31815,0.0,0,0.0
31816,26.0,0,2.0
31817,31.0,0,0.0
31818,12.0,0,2.0
31819,16.0,0,1.0
31820,25.0,1,1.0
31821,1.0,0,1.0
31822,12.0,0,-2.0
31823,22.0,0,-1.0
31824,30.0,0,1.0
31825,26.0,0,4.0
31826,29.0,1,0.0
31827,31.0,0,0.0
31828,11.0,0,4.0
31829,19.0,0,-1.0
31830,13.0,0,0.0
31831,31.0,0,0.0
31832,27.0,0,2.0
31833,31.0,0,-1.0
31834,30.0,1,1.0
31835,24.0,0,1.0
31836,30.0,0,1.0
31837,20.0,0,1.0
31838,1.0,0,0.0
31839,0.0,0,0.0
31840,0.0,0,0.0
31841,21.0,0,1.0
31842,15.0,0,3.0
31843,18.0,0,-2.0
31844,0.0,0,0.0
31845,0.0,0,2.0
31846,17.0,0,2.0
31847,28.0,1,2.0
31848,0.0,0,1.0
31849,16.0,0,0.0
31850,0.0,0,2.0
31851,0.0,0,0.0
31852,25.0,0,2.0
31853,31.0,0,0.0
31854,17.0,1,3.0
31855,6.0,0,-0.0
31856,5.0,0,2.0
31857,0.0,0,2.0
31858,31.0,0,0.0
31859,2.0,1,2.0
31860,21.0,1,1.0
31861,22.0,0,-0.0
31862,0.0,0,0.0
31863,0.0,0,0.0
31864,9.0,0,1.0
31865,31.0,0,0.0
31866,1.0,1,1.0
31867,31.0,0,-1.0
31868,22.0,0,1.0
31869,24.0,0,2.0
31870,16.0,0,2.0
31871,7.0,0,-2.0
31872,14.0,1,1.0
31873,31.0,0,0.0
31874,25.0,1,2.0
31875,31.0,0,0.0
31876,0.0,0,2.0
31877,27.0,0,-1.0
31878,31.0,0,0.0
31879,4.0,1,-0.0
31880,3.0,0,0.0
31881,0.0,0,4.0
31882,0.0,0,3.0
31883,17.0,0,2.0
31884,0.0,0,1.0
31885,29.0,1,1.0
31886,17.0,0,-0.0
31887,0.0,0,0.0
31888,25.0,0,0.0
31889,27.0,0,1.0
31890,31.0,0,0.0
31891,31.0,0,0.0
31892,0.0,0,1.0
31893,22.0,0,2.0
31894,14.0,0,0.0
31895,17.0,1,3.0
31896,17.0,0,5.0
31897,3.0,1,-0.0
31898,0.0,0,2.0
31899,0.0,0,4.0
31900,0.0,0,2.0
31901,0.0,0,1.0
31902,4.0,0,0.0
31903,2.0,0,2.0
31904,25.0,0,3.0
31905,11.0,0,0.0
31906,4.0,1,0.0
31907,18.0,0,-0.0
31908,25.0,1,2.0
31909,0.0,0,0.0
31910,17.0,1,-2.0
31911,13.0,1,3.0
31912,30.0,0,1.0
31913,19.0,0,0.0
31914,31.0,1,0.0
31915,31.0,1,-0.0
31916,19.0,0,-3.0
31917,25.0,1,4.0
31918,0.0,0,2.0
31919,19.0,0,2.0
31920,0.0,0,0.0
31921,1.0,0,0.0
31922,3.0,0,0.0
31923,31.0,0,-0.0
31924,29.0,0,1.0
31925,29.0,0,2.0
31926,31.0,1,0.0
31927,8.0,0,2.0
31928,30.0,0,-0.0
31929,26.0,0,2.0
31930,31.0,0,-2.0
31931,13.0,0,1.0
31932,0.0,0,0.0
31933,31.0,0,0.0
31934,30.0,0,0.0
31935,0.0,0,3.0
31936,0.0,0,1.0
31937,0.0,0,1.0
31938,2.0,1,2.0
31939,2.0,1,2.0
31940,2.0,1,2.0
31941,25.0,0,-1.0
31942,23.0,0,1.0
31943,31.0,0,0.0
31944,0.0,0,0.0
31945,0.0,0,0.0
31946,0.0,0,2.0
31947,31.0,1,0.0
31948,1.0,0,-1.0
31949,31.0,0,0.0
31950,30.0,0,1.0
31951,0.0,0,0.0
31952,23.0,0,3.0
31953,31.0,0,0.0
31954,15.0,0,3.0
31955,31.0,0,0.0
31956,31.0,1,0.0
31957,0.0,0,0.0
31958,29.0,0,-1.0
31959,21.0,0,1.0
31960,2.0,0,-0.0
31961,0.0,0,0.0
31962,0.0,0,0.0
31963,0.0,0,0.0
31964,29.0,0,1.0
31965,0.0,0,1.0
31966,0.0,0,0.0
31967,27.0,0,2.0
31968,17.0,0,1.0
31969,30.0,0,-1.0
31970,31.0,0,0.0
31971,0.0,0,2.0
31972,11.0,0,2.0
31973,0.0,0,5.0
31974,31.0,1,0.0
31975,27.0,0,4.0
31976,31.0,0,0.0
31977,18.0,0,2.0
31978,19.0,0,1.0
31979,30.0,0,1.0
31980,5.0,1,5.0
31981,31.0,0,0.0
31982,27.0,0,4.0
31983,8.0,0,-3.0
31984,29.0,0,2.0
31985,0.0,0,0.0
31986,16.0,0,3.0
31987,3.0,0,0.0
31988,31.0,0,0.0
31989,0.0,0,3.0
31990,0.0,0,0.0
31991,28.0,1,3.0
31992,31.0,0,-1.0
31993,27.0,1,1.0
31994,31.0,0,0.0
31995,10.0,0,-5.0
31996,18.0,0,-0.0
31997,0.0,0,1.0
31998,30.0,0,-1.0
31999,29.0,1,-2.0
32000,20.0,0,5.0
32001,0.0,0,1.0
32002,30.0,0,1.0
32003,31.0,0,0.0
32004,16.0,0,0.0
32005,17.0,0,-1.0
32006,0.0,0,0.0
32007,31.0,0,0.0
32008,2.0,1,2.0
32009,23.0,0,-1.0
32010,4.0,1,4.0
32011,29.0,0,1.0
32012,24.0,0,3.0
32013,18.0,0,2.0
32014,8.0,1,0.0
32015,0.0,0,0.0
32016,20.0,1,3.0
32017,22.0,0,3.0
32018,23.0,0,3.0
32019,31.0,0,-1.0
32020,0.0,0,2.0
32021,19.0,0,0.0
32022,0.0,0,0.0
32023,30.0,0,1.0
32024,10.0,0,-1.0
32025,0.0,0,1.0
32026,30.0,1,-0.0
32027,0.0,0,0.0
32028,27.0,0,3.0
32029,31.0,1,0.0
32030,31.0,0,-3.0
32031,0.0,0,0.0
32032,8.0,0,3.0
32033,2.0,1,2.0
32034,26.0,1,-2.0
32035,28.0,0,2.0
32036,30.0,0,1.0
32037,29.0,1,2.0
32038,0.0,0,0.0
32039,29.0,1,3.0
32040,0.0,0,0.0
32041,18.0,0,-1.0
32042,29.0,0,2.0
32043,24.0,0,2.0
32044,26.0,0,2.0
32045,29.0,0,2.0
32046,22.0,1,4.0
32047,19.0,0,-1.0
32048,31.0,0,0.0
32049,25.0,0,1.0
32050,0.0,0,0.0
32051,24.0,0,2.0
32052,0.0,0,1.0
32053,0.0,1,0.0
32054,26.0,0,4.0
32055,0.0,0,4.0
32056,30.0,0,0.0
32057,9.0,0,5.0
32058,12.0,0,2.0
32059,22.0,1,2.0
32060,12.0,1,0.0
32061,11.0,1,3.0
32062,21.0,1,0.0
32063,31.0,0,0.0
32064,30.0,0,1.0
32065,0.0,0,0.0
32066,2.0,1,2.0
32067,31.0,0,-1.0
32068,20.0,1,4.0
32069,31.0,1,0.0
32070,0.0,0,1.0
32071,31.0,0,-0.0
32072,31.0,0,0.0
32073,4.0,0,2.0
32074,12.0,0,6.0
32075,28.0,1,-2.0
32076,11.0,0,2.0
32077,0.0,0,1.0
32078,25.0,0,2.0
32079,16.0,0,0.0
32080,18.0,0,1.0
32081,19.0,0,5.0
32082,9.0,1,0.0
32083,19.0,0,2.0
32084,30.0,0,1.0
32085,0.0,0,0.0
32086,0.0,0,4.0
32087,31.0,1,1.0
32088,30.0,0,1.0
32089,10.0,1,1.0
32090,0.0,0,0.0
32091,31.0,0,0.0
32092,31.0,1,2.0
32093,4.0,0,2.0
32094,31.0,0,0.0
32095,4.0,0,1.0
32096,31.0,0,0.0
32097,31.0,0,-4.0
32098,9.0,0,2.0
32099,21.0,0,5.0
32100,0.0,0,1.0
32101,20.0,0,1.0
32102,0.0,0,1.0
32103,0.0,0,0.0
32104,28.0,0,3.0
32105,5.0,0,1.0
32106,18.0,0,4.0
32107,27.0,0,3.0
32108,23.0,0,-1.0
32109,0.0,0,2.0
32110,14.0,0,4.0
32111,27.0,0,2.0
32112,0.0,0,0.0
32113,12.0,0,0.0
32114,0.0,0,0.0
32115,7.0,0,-1.0
32116,0.0,0,2.0
32117,31.0,0,-1.0
32118,31.0,0,0.0
32119,30.0,1,0.0
32120,28.0,0,2.0
32121,0.0,0,1.0
32122,3.0,0,-1.0
32123,0.0,0,2.0
32124,14.0,0,3.0
32125,16.0,0,-0.0
32126,23.0,1,1.0
32127,0.0,0,2.0
32128,0.0,0,5.0
32129,31.0,0,0.0
32130,20.0,0,0.0
32131,27.0,0,3.0
32132,3.0,0,3.0
32133,31.0,0,0.0
32134,0.0,0,0.0
32135,2.0,1,2.0
32136,0.0,0,0.0
32137,21.0,0,2.0
32138,10.0,0,1.0
32139,0.0,0,2.0
32140,7.0,0,1.0
32141,0.0,0,0.0
32142,18.0,0,1.0
32143,19.0,0,-0.0
32144,30.0,0,1.0
32145,29.0,0,-1.0
32146,31.0,0,0.0
32147,13.0,1,3.0
32148,0.0,0,1.0
32149,14.0,0,-0.0
32150,9.0,0,1.0
32151,31.0,0,0.0
32152,31.0,0,0.0
32153,5.0,1,-0.0
32154,2.0,1,2.0
32155,27.0,0,1.0
32156,27.0,0,1.0
32157,0.0,0,3.0
32158,23.0,0,2.0
32159,19.0,0,2.0
32160,14.0,0,2.0
32161,31.0,1,0.0
32162,0.0,0,0.0
32163,23.0,0,3.0
32164,30.0,1,1.0
32165,0.0,0,0.0
32166,31.0,1,0.0
32167,0.0,0,1.0
32168,0.0,0,1.0
32169,28.0,0,1.0
32170,0.0,0,1.0
32171,0.0,0,0.0
32172,31.0,1,0.0
32173,30.0,0,1.0
32174,31.0,0,-0.0
32175,30.0,0,1.0
32176,0.0,0,3.0
32177,16.0,0,1.0
32178,21.0,0,1.0
32179,31.0,0,0.0
32180,30.0,0,1.0
32181,0.0,0,2.0
32182,28.0,1,1.0
32183,19.0,0,-1.0
32184,30.0,0,1.0
32185,1.0,1,1.0
32186,3.0,1,3.0
32187,31.0,0,0.0
32188,25.0,0,4.0
32189,24.0,1,2.0
32190,17.0,1,3.0
32191,31.0,1,0.0
32192,19.0,0,4.0
32193,26.0,0,2.0
32194,28.0,0,0.0
32195,18.0,0,1.0
32196,0.0,0,3.0
32197,0.0,0,5.0
32198,2.0,0,4.0
32199,0.0,1,0.0
32200,31.0,0,0.0
32201,0.0,1,0.0
32202,21.0,0,1.0
32203,29.0,0,1.0
32204,26.0,0,2.0
32205,31.0,1,0.0
32206,0.0,0,1.0
32207,0.0,0,2.0
32208,6.0,0,1.0
32209,18.0,0,1.0
32210,29.0,0,2.0
32211,0.0,0,1.0
32212,8.0,1,1.0
32213,0.0,0,1.0
32214,4.0,0,1.0
32215,29.0,0,2.0
32216,7.0,1,3.0
32217,22.0,0,0.0
32218,23.0,0,3.0
32219,15.0,0,3.0
32220,13.0,1,4.0
32221,23.0,1,-1.0
32222,18.0,0,0.0
32223,18.0,0,2.0
32224,31.0,0,-0.0
32225,0.0,0,2.0
32226,4.0,0,-1.0
32227,31.0,1,0.0
32228,12.0,0,2.0
32229,30.0,1,-1.0
32230,31.0,0,0.0
32231,20.0,0,-5.0
32232,29.0,1,2.0
32233,18.0,1,-0.0
32234,1.0,1,1.0
32235,31.0,0,0.0
32236,21.0,0,4.0
32237,18.0,0,1.0
32238,0.0,0,4.0
32239,31.0,0,0.0
32240,1.0,1,1.0
32241,31.0,0,0.0
32242,0.0,0,1.0
32243,5.0,1,-1.0
32244,22.0,0,2.0
32245,31.0,0,0.0
32246,31.0,1,0.0
32247,27.0,0,3.0
32248,0.0,0,0.0
32249,2.0,0,1.0
32250,0.0,0,4.0
32251,15.0,0,5.0
32252,0.0,0,0.0
32253,26.0,0,-2.0
32254,29.0,0,2.0
32255,26.0,1,1.0
32256,0.0,0,0.0
32257,0.0,0,1.0
32258,2.0,1,2.0
32259,0.0,0,0.0
32260,24.0,1,1.0
32261,26.0,0,-3.0
32262,28.0,0,2.0
32263,10.0,0,1.0
32264,22.0,0,-0.0
32265,29.0,1,3.0
32266,27.0,0,4.0
32267,24.0,0,-0.0
32268,29.0,1,-1.0
32269,0.0,0,0.0
32270,11.0,0,4.0
32271,25.0,0,-0.0
32272,31.0,0,0.0
32273,0.0,0,3.0
32274,30.0,0,-0.0
32275,0.0,0,0.0
32276,31.0,0,-0.0
32277,29.0,0,1.0
32278,31.0,0,0.0
32279,3.0,1,3.0
32280,0.0,0,0.0
32281,0.0,0,1.0
32282,0.0,0,0.0
32283,9.0,0,2.0
32284,23.0,0,2.0
32285,31.0,0,0.0
32286,0.0,0,1.0
32287,14.0,0,1.0
32288,25.0,0,3.0
32289,28.0,1,3.0
32290,26.0,0,-1.0
32291,24.0,0,-1.0
32292,26.0,0,0.0
32293,18.0,0,-1.0
32294,16.0,0,2.0
32295,14.0,0,1.0
32296,25.0,1,-0.0
32297,0.0,0,4.0
32298,8.0,0,-2.0
32299,11.0,0,-1.0
32300,0.0,0,1.0
32301,23.0,1,-1.0
32302,0.0,0,3.0
32303,0.0,0,3.0
32304,15.0,0,-1.0
32305,31.0,1,0.0
32306,31.0,0,0.0
32307,0.0,0,0.0
32308,30.0,0,1.0
32309,31.0,0,-1.0
32310,0.0,0,2.0
32311,0.0,0,0.0
32312,27.0,0,2.0
32313,31.0,0,0.0
32314,0.0,1,0.0
32315,31.0,0,0.0
32316,17.0,0,3.0
32317,31.0,1,2.0
32318,26.0,0,2.0
32319,0.0,0,3.0
32320,21.0,1,-3.0
32321,31.0,0,-1.0
32322,0.0,0,3.0
32323,0.0,0,1.0
32324,31.0,0,-1.0
32325,8.0,0,1.0
32326,21.0,0,1.0
32327,23.0,0,1.0
32328,30.0,0,-1.0
32329,0.0,0,2.0
32330,30.0,0,1.0
32331,24.0,1,3.0
32332,0.0,0,0.0
32333,31.0,0,-1.0
32334,0.0,0,1.0
32335,0.0,0,0.0
32336,19.0,0,3.0
32337,31.0,0,0.0
32338,30.0,0,1.0
32339,29.0,0,-0.0
32340,25.0,0,-1.0
32341,25.0,0,6.0
32342,23.0,0,2.0
32343,20.0,0,-3.0
32344,18.0,0,1.0
32345,28.0,0,-1.0
32346,16.0,0,1.0
32347,21.0,0,2.0
32348,7.0,0,0.0
32349,4.0,1,4.0
32350,0.0,0,2.0
32351,21.0,0,1.0
32352,14.0,0,-1.0
32353,5.0,0,1.0
32354,0.0,0,3.0
32355,29.0,0,2.0
32356,30.0,0,1.0
32357,31.0,0,0.0
32358,31.0,1,0.0
32359,0.0,0,0.0
32360,19.0,0,2.0
32361,1.0,1,1.0
32362,31.0,0,0.0
32363,25.0,1,-1.0
32364,10.0,0,3.0
32365,0.0,0,0.0
32366,19.0,0,-1.0
32367,0.0,0,0.0
32368,28.0,0,2.0
32369,21.0,0,1.0
32370,22.0,0,1.0
32371,5.0,0,-0.0
32372,6.0,0,2.0
32373,0.0,0,0.0
32374,0.0,0,4.0
32375,4.0,0,4.0
32376,29.0,0,-1.0
32377,7.0,0,-1.0
32378,31.0,1,-0.0
32379,26.0,0,2.0
32380,0.0,0,0.0
32381,29.0,0,1.0
32382,4.0,0,-1.0
32383,15.0,0,-0.0
32384,30.0,0,1.0
32385,30.0,0,1.0
32386,30.0,0,1.0
32387,30.0,0,1.0
32388,17.0,0,2.0
32389,16.0,0,-1.0
32390,14.0,0,-1.0
32391,31.0,0,-1.0
32392,18.0,0,0.0
32393,23.0,0,4.0
32394,0.0,0,3.0
32395,29.0,0,-1.0
32396,0.0,0,0.0
32397,26.0,0,2.0
32398,0.0,0,1.0
32399,31.0,0,-1.0
32400,0.0,0,1.0
32401,0.0,0,1.0
32402,0.0,0,0.0
32403,0.0,0,2.0
32404,14.0,0,-3.0
32405,0.0,0,5.0
32406,0.0,1,0.0
32407,15.0,0,6.0
32408,13.0,1,2.0
32409,18.0,0,-1.0
32410,0.0,0,5.0
32411,31.0,0,-1.0
32412,0.0,0,0.0
32413,2.0,0,0.0
32414,2.0,1,2.0
32415,25.0,1,-1.0
32416,28.0,0,3.0
32417,14.0,0,-0.0
32418,31.0,0,0.0
32419,29.0,0,-0.0
32420,0.0,0,2.0
32421,22.0,0,3.0
32422,30.0,1,-1.0
32423,13.0,0,6.0
32424,0.0,0,4.0
32425,30.0,0,1.0
32426,25.0,0,5.0
32427,29.0,0,2.0
32428,31.0,0,0.0
32429,1.0,1,1.0
32430,13.0,0,0.0
32431,31.0,1,0.0
32432,31.0,0,0.0
32433,31.0,0,0.0
32434,28.0,0,1.0
32435,0.0,0,3.0
32436,3.0,0,-2.0
32437,0.0,0,0.0
32438,0.0,1,0.0
32439,31.0,0,-0.0
32440,28.0,1,-1.0
32441,21.0,0,2.0
32442,0.0,1,0.0
32443,10.0,0,1.0
32444,28.0,0,1.0
32445,30.0,0,-2.0
32446,26.0,0,1.0
32447,31.0,0,0.0
32448,24.0,0,3.0
32449,0.0,1,0.0
32450,31.0,0,0.0
32451,0.0,0,2.0
32452,10.0,0,0.0
32453,31.0,0,-3.0
32454,24.0,1,1.0
32455,27.0,0,0.0
32456,30.0,0,1.0
32457,0.0,0,1.0
32458,2.0,1,2.0
32459,31.0,0,0.0
32460,0.0,0,1.0
32461,17.0,0,2.0
32462,29.0,0,-1.0
32463,19.0,0,-0.0
32464,0.0,0,3.0
32465,0.0,0,0.0
32466,29.0,0,2.0
32467,0.0,0,1.0
32468,18.0,1,-1.0
32469,23.0,0,0.0
32470,30.0,0,1.0
32471,3.0,1,3.0
32472,24.0,0,2.0
32473,27.0,0,-1.0
32474,0.0,0,0.0
32475,5.0,0,-1.0
32476,22.0,0,1.0
32477,27.0,0,3.0
32478,12.0,0,-0.0
32479,3.0,1,3.0
32480,23.0,1,2.0
32481,0.0,0,0.0
32482,0.0,0,0.0
32483,31.0,1,5.0
32484,24.0,0,-1.0
32485,18.0,0,3.0
32486,25.0,0,1.0
32487,9.0,0,1.0
32488,31.0,1,1.0
32489,31.0,0,0.0
32490,23.0,0,1.0
32491,31.0,0,-1.0
32492,0.0,0,2.0
32493,22.0,0,3.0
32494,20.0,0,3.0
32495,0.0,0,0.0
32496,18.0,0,0.0
32497,15.0,0,1.0
32498,28.0,0,-3.0
32499,2.0,1,2.0
32500,0.0,0,3.0
32501,26.0,0,-0.0
32502,29.0,0,2.0
32503,0.0,1,0.0
32504,14.0,0,-0.0
32505,30.0,0,0.0
32506,0.0,0,1.0
32507,11.0,0,-1.0
32508,14.0,0,-1.0
32509,12.0,0,2.0
32510,1.0,1,1.0
32511,0.0,0,0.0
32512,3.0,1,3.0
32513,29.0,0,0.0
32514,5.0,1,2.0
32515,30.0,0,1.0
32516,31.0,0,0.0
32517,0.0,0,0.0
32518,28.0,0,2.0
32519,27.0,0,3.0
32520,24.0,1,2.0
32521,31.0,0,0.0
32522,31.0,0,-0.0
32523,29.0,0,2.0
32524,12.0,0,2.0
32525,25.0,0,1.0
32526,25.0,0,2.0
32527,2.0,1,2.0
32528,30.0,0,1.0
32529,31.0,0,0.0
32530,5.0,0,-1.0
32531,29.0,1,3.0
32532,30.0,0,1.0
32533,31.0,0,-2.0
32534,0.0,0,1.0
32535,0.0,0,2.0
32536,31.0,1,0.0
32537,19.0,0,-0.0
32538,3.0,0,1.0
32539,0.0,0,3.0
32540,31.0,0,0.0
32541,28.0,0,1.0
32542,24.0,1,3.0
32543,31.0,0,0.0
32544,22.0,0,3.0
32545,13.0,0,3.0
32546,30.0,0,-1.0
32547,0.0,1,0.0
32548,0.0,0,0.0
32549,12.0,0,-0.0
32550,28.0,0,3.0
32551,12.0,0,3.0
32552,30.0,0,-1.0
32553,0.0,1,0.0
32554,0.0,0,0.0
32555,31.0,0,-0.0
32556,0.0,0,0.0
32557,0.0,0,0.0
32558,2.0,1,2.0
32559,0.0,0,2.0
32560,27.0,0,1.0
32561,21.0,1,3.0
32562,16.0,0,2.0
32563,27.0,0,3.0
32564,2.0,1,2.0
32565,28.0,0,0.0
32566,14.0,0,1.0
32567,17.0,1,1.0
32568,30.0,1,3.0
32569,21.0,0,2.0
32570,31.0,0,-0.0
32571,0.0,0,0.0
32572,1.0,0,1.0
32573,25.0,0,2.0
32574,28.0,1,-0.0
32575,7.0,0,7.0
32576,14.0,0,2.0
32577,0.0,0,0.0
32578,31.0,0,0.0
32579,26.0,0,1.0
32580,0.0,0,0.0
32581,31.0,0,0.0
32582,31.0,1,0.0
32583,30.0,1,-1.0
32584,17.0,0,1.0
32585,11.0,1,4.0
32586,31.0,0,0.0
32587,30.0,0,1.0
32588,11.0,1,3.0
32589,0.0,0,1.0
32590,0.0,0,4.0
32591,0.0,0,0.0
32592,31.0,0,-4.0
32593,31.0,0,-1.0
32594,0.0,0,0.0
32595,6.0,0,-1.0
32596,1.0,0,2.0
32597,2.0,1,2.0
32598,31.0,0,0.0
32599,13.0,0,3.0
32600,28.0,0,2.0
32601,3.0,1,3.0
32602,18.0,0,-3.0
32603,0.0,0,1.0
32604,22.0,0,2.0
32605,0.0,0,0.0
32606,31.0,0,-0.0
32607,15.0,0,2.0
32608,0.0,1,0.0
32609,0.0,0,0.0
32610,0.0,0,0.0
32611,31.0,0,-0.0
32612,0.0,0,2.0
32613,31.0,0,0.0
32614,18.0,0,-1.0
32615,29.0,0,2.0
32616,15.0,1,3.0
32617,0.0,0,1.0
32618,29.0,0,-0.0
32619,0.0,0,3.0
32620,26.0,0,3.0
32621,0.0,0,0.0
32622,30.0,0,1.0
32623,17.0,0,-1.0
32624,29.0,0,0.0
32625,0.0,0,1.0
32626,31.0,0,0.0
32627,28.0,0,-2.0
32628,31.0,1,0.0
32629,30.0,0,0.0
32630,29.0,0,-0.0
32631,0.0,0,0.0
32632,31.0,0,-1.0
32633,30.0,0,1.0
32634,0.0,0,3.0
32635,14.0,0,-1.0
32636,23.0,0,3.0
32637,13.0,0,2.0
32638,0.0,0,2.0
32639,31.0,1,1.0
32640,0.0,0,0.0
32641,2.0,1,2.0
32642,2.0,1,2.0
32643,0.0,0,4.0
32644,0.0,0,2.0
32645,26.0,0,0.0
32646,23.0,0,1.0
32647,31.0,0,0.0
32648,31.0,1,0.0
32649,21.0,0,2.0
32650,0.0,0,0.0
32651,24.0,1,-3.0
32652,8.0,1,-0.0
32653,0.0,0,2.0
32654,27.0,0,3.0
32655,31.0,1,0.0
32656,4.0,0,0.0
32657,0.0,0,1.0
32658,31.0,0,0.0
32659,31.0,0,0.0
32660,30.0,0,1.0
32661,0.0,0,0.0
32662,13.0,0,0.0
32663,28.0,0,2.0
32664,31.0,0,0.0
32665,31.0,1,0.0
32666,17.0,0,4.0
32667,0.0,0,2.0
32668,29.0,1,-2.0
32669,1.0,0,1.0
32670,0.0,0,0.0
32671,29.0,0,2.0
32672,24.0,0,1.0
32673,31.0,0,-0.0
32674,2.0,1,2.0
32675,0.0,0,6.0
32676,0.0,0,3.0
32677,23.0,0,0.0
32678,18.0,0,1.0
32679,31.0,0,-5.0
32680,0.0,0,1.0
32681,28.0,0,0.0
32682,0.0,0,1.0
32683,29.0,0,2.0
32684,29.0,0,1.0
32685,31.0,0,0.0
32686,31.0,0,-1.0
32687,8.0,0,3.0
32688,31.0,0,0.0
32689,30.0,0,1.0
32690,16.0,0,-0.0
32691,31.0,0,0.0
32692,0.0,0,3.0
32693,16.0,0,1.0
32694,31.0,1,0.0
32695,19.0,1,1.0
32696,30.0,1,0.0
32697,0.0,0,3.0
32698,11.0,0,-4.0
32699,29.0,1,-1.0
32700,20.0,0,3.0
32701,0.0,0,2.0
32702,27.0,0,1.0
32703,22.0,0,1.0
32704,29.0,0,0.0
32705,0.0,0,2.0
32706,0.0,0,1.0
32707,24.0,0,5.0
32708,19.0,0,1.0
32709,31.0,0,-1.0
32710,27.0,0,2.0
32711,22.0,0,2.0
32712,18.0,0,-0.0
32713,24.0,1,0.0
32714,0.0,0,2.0
32715,27.0,0,1.0
32716,23.0,1,-5.0
32717,29.0,1,1.0
32718,5.0,0,-4.0
32719,31.0,0,-0.0
32720,31.0,0,0.0
32721,30.0,0,0.0
32722,31.0,0,0.0
32723,30.0,0,1.0
32724,14.0,0,-5.0
32725,0.0,0,3.0
32726,27.0,1,2.0
32727,0.0,0,1.0
32728,0.0,0,0.0
32729,9.0,0,-1.0
32730,3.0,0,0.0
32731,18.0,0,1.0
32732,0.0,0,0.0
32733,4.0,1,4.0
32734,0.0,0,2.0
32735,2.0,0,5.0
32736,31.0,0,0.0
32737,16.0,0,5.0
32738,31.0,0,0.0
32739,29.0,0,-0.0
32740,26.0,0,3.0
32741,31.0,0,0.0
32742,0.0,1,0.0
32743,31.0,0,0.0
32744,30.0,0,-0.0
32745,25.0,0,1.0
32746,0.0,1,0.0
32747,30.0,1,-1.0
32748,19.0,0,3.0
32749,31.0,1,1.0
32750,24.0,0,3.0
32751,30.0,0,1.0
32752,11.0,0,1.0
32753,31.0,0,0.0
32754,28.0,1,1.0
32755,10.0,1,1.0
32756,27.0,0,4.0
32757,31.0,1,5.0
32758,10.0,1,3.0
32759,0.0,0,0.0
32760,0.0,0,3.0
32761,27.0,1,-4.0
32762,31.0,1,0.0
32763,31.0,1,0.0
32764,31.0,0,0.0
32765,31.0,0,0.0
32766,0.0,0,2.0
32767,14.0,0,2.0
32768,10.0,0,2.0
32769,0.0,0,0.0
32770,0.0,0,0.0
32771,31.0,0,0.0
32772,8.0,0,-1.0
32773,19.0,0,1.0
32774,31.0,0,0.0
32775,20.0,0,2.0
32776,2.0,0,2.0
32777,30.0,1,4.0
32778,0.0,0,0.0
32779,31.0,1,0.0
32780,0.0,0,0.0
32781,8.0,0,2.0
32782,0.0,0,0.0
32783,20.0,0,1.0
32784,23.0,0,-0.0
32785,21.0,1,4.0
32786,27.0,0,1.0
32787,0.0,0,0.0
32788,24.0,0,1.0
32789,16.0,1,5.0
32790,31.0,1,0.0
32791,27.0,0,2.0
32792,31.0,0,0.0
32793,23.0,0,4.0
32794,0.0,0,2.0
32795,29.0,0,-2.0
32796,31.0,1,1.0
32797,28.0,0,3.0
32798,29.0,0,-0.0
32799,27.0,1,-1.0
32800,0.0,0,3.0
32801,28.0,0,1.0
32802,30.0,1,2.0
32803,31.0,0,0.0
32804,31.0,0,0.0
32805,31.0,0,-3.0
32806,15.0,0,-0.0
32807,17.0,0,5.0
32808,31.0,1,0.0
32809,0.0,0,0.0
32810,24.0,0,-1.0
32811,31.0,0,0.0
32812,29.0,0,0.0
32813,20.0,0,0.0
32814,31.0,0,0.0
32815,15.0,0,1.0
32816,12.0,1,2.0
32817,31.0,1,0.0
32818,0.0,1,0.0
32819,0.0,0,1.0
32820,1.0,1,-1.0
32821,31.0,0,0.0
32822,0.0,0,2.0
32823,11.0,0,3.0
32824,20.0,0,4.0
32825,0.0,0,3.0
32826,31.0,0,0.0
32827,20.0,0,5.0
32828,31.0,0,-1.0
32829,11.0,0,0.0
32830,6.0,0,0.0
32831,28.0,0,3.0
32832,0.0,0,1.0
32833,31.0,0,0.0
32834,14.0,0,6.0
32835,31.0,1,0.0
32836,31.0,0,0.0
32837,0.0,0,1.0
32838,0.0,0,1.0
32839,22.0,0,0.0
32840,28.0,0,1.0
32841,26.0,0,4.0
32842,0.0,0,4.0
32843,0.0,0,2.0
32844,0.0,0,0.0
32845,30.0,0,1.0
32846,14.0,0,-1.0
32847,26.0,0,3.0
32848,0.0,0,0.0
32849,31.0,1,0.0
32850,29.0,0,2.0
32851,31.0,1,4.0
32852,8.0,0,3.0
32853,30.0,0,1.0
32854,20.0,0,1.0
32855,17.0,0,1.0
32856,30.0,0,1.0
32857,23.0,1,-0.0
32858,0.0,0,0.0
32859,24.0,1,1.0
32860,0.0,0,0.0
32861,31.0,0,0.0
32862,31.0,0,0.0
32863,30.0,0,0.0
32864,0.0,0,1.0
32865,26.0,1,-1.0
32866,31.0,0,0.0
32867,28.0,0,3.0
32868,0.0,0,0.0
32869,29.0,0,-0.0
32870,17.0,0,2.0
32871,0.0,0,2.0
32872,7.0,0,5.0
32873,24.0,0,1.0
32874,30.0,0,-1.0
32875,17.0,0,2.0
32876,26.0,0,0.0
32877,0.0,0,0.0
32878,22.0,0,-1.0
32879,31.0,0,0.0
32880,31.0,0,0.0
32881,28.0,0,3.0
32882,0.0,0,0.0
32883,16.0,0,4.0
32884,31.0,1,0.0
32885,31.0,0,-0.0
32886,0.0,0,2.0
32887,3.0,0,2.0
32888,29.0,0,2.0
32889,29.0,0,2.0
32890,1.0,0,-0.0
32891,27.0,0,1.0
32892,24.0,0,0.0
32893,19.0,0,1.0
32894,29.0,0,0.0
32895,28.0,0,-1.0
32896,28.0,0,1.0
32897,31.0,1,0.0
32898,0.0,0,3.0
32899,30.0,0,1.0
32900,29.0,1,2.0
32901,0.0,0,0.0
32902,0.0,0,1.0
32903,0.0,0,1.0
32904,30.0,0,-1.0
32905,31.0,0,0.0
32906,5.0,1,5.0
32907,28.0,0,3.0
32908,17.0,0,4.0
32909,28.0,0,1.0
32910,18.0,1,2.0
32911,31.0,0,-0.0
32912,0.0,0,0.0
32913,3.0,1,3.0
32914,31.0,0,0.0
32915,2.0,0,0.0
32916,31.0,0,-1.0
32917,30.0,0,-2.0
32918,27.0,0,3.0
32919,0.0,0,1.0
32920,13.0,0,1.0
32921,0.0,0,0.0
32922,31.0,0,0.0
32923,26.0,0,1.0
32924,31.0,1,0.0
32925,31.0,1,3.0
32926,17.0,1,3.0
32927,6.0,0,1.0
32928,21.0,0,3.0
32929,29.0,0,1.0
32930,25.0,0,-3.0
32931,31.0,0,0.0
32932,25.0,0,1.0
32933,0.0,0,1.0
32934,0.0,0,0.0
32935,0.0,0,0.0
32936,28.0,0,1.0
32937,5.0,0,4.0
32938,11.0,0,2.0
32939,28.0,0,3.0
32940,0.0,0,5.0
32941,11.0,0,1.0
32942,29.0,1,3.0
32943,0.0,1,-1.0
32944,0.0,0,1.0
32945,29.0,0,2.0
32946,2.0,0,1.0
32947,0.0,0,2.0
32948,18.0,1,-2.0
32949,0.0,0,0.0
32950,0.0,0,5.0
32951,0.0,0,1.0
32952,14.0,0,3.0
32953,31.0,0,0.0
32954,22.0,0,-4.0
32955,31.0,0,0.0
32956,31.0,0,0.0
32957,1.0,1,1.0
32958,0.0,0,1.0
32959,0.0,0,0.0
32960,0.0,0,2.0
32961,23.0,0,3.0
32962,31.0,0,-4.0
32963,29.0,0,-1.0
32964,7.0,0,1.0
32965,9.0,1,3.0
32966,31.0,0,0.0
32967,4.0,0,4.0
32968,31.0,0,-0.0
32969,31.0,0,0.0
32970,24.0,0,2.0
32971,21.0,0,3.0
32972,2.0,1,0.0
32973,31.0,0,0.0
32974,13.0,0,2.0
32975,0.0,1,0.0
32976,15.0,0,1.0
32977,29.0,0,-0.0
32978,19.0,1,1.0
32979,26.0,0,1.0
32980,23.0,0,-1.0
32981,0.0,0,1.0
32982,19.0,0,-1.0
32983,15.0,0,-0.0
32984,0.0,0,0.0
32985,5.0,0,3.0
32986,23.0,0,2.0
32987,6.0,0,-2.0
32988,31.0,0,0.0
32989,30.0,0,1.0
32990,31.0,1,1.0
32991,13.0,0,2.0
32992,30.0,0,0.0
32993,28.0,0,-0.0
32994,0.0,1,0.0
32995,7.0,0,0.0
32996,30.0,0,-2.0
32997,17.0,0,0.0
32998,26.0,0,1.0
32999,12.0,1,3.0
33000,0.0,0,0.0
33001,0.0,0,6.0
33002,29.0,0,2.0
33003,0.0,0,1.0
33004,31.0,1,1.0
33005,24.0,0,-1.0
33006,1.0,1,0.0
33007,23.0,0,2.0
33008,0.0,0,0.0
33009,21.0,0,1.0
33010,29.0,0,2.0
33011,13.0,0,2.0
33012,21.0,0,-0.0
33013,6.0,0,1.0
33014,28.0,1,3.0
33015,0.0,0,2.0
33016,27.0,0,1.0
33017,0.0,0,0.0
33018,18.0,0,2.0
33019,0.0,0,3.0
33020,30.0,1,1.0
33021,0.0,0,2.0
33022,31.0,1,0.0
33023,25.0,0,2.0
33024,29.0,0,2.0
33025,0.0,0,3.0
33026,31.0,0,0.0
33027,12.0,0,2.0
33028,0.0,0,0.0
33029,13.0,0,-0.0
33030,13.0,1,4.0
33031,15.0,1,2.0
33032,24.0,1,-1.0
33033,30.0,0,1.0
33034,0.0,0,2.0
33035,0.0,0,3.0
33036,19.0,0,2.0
33037,29.0,0,1.0
33038,4.0,1,2.0
33039,3.0,0,1.0
33040,27.0,0,2.0
33041,31.0,0,-1.0
33042,31.0,1,0.0
33043,25.0,0,2.0
33044,10.0,0,0.0
33045,22.0,1,4.0
33046,0.0,0,0.0
33047,23.0,0,0.0
33048,29.0,1,-0.0
33049,29.0,0,-0.0
33050,0.0,0,3.0
33051,15.0,0,-1.0
33052,31.0,0,0.0
33053,0.0,0,3.0
33054,31.0,1,2.0
33055,28.0,0,-1.0
33056,18.0,0,2.0
33057,30.0,0,-1.0
33058,29.0,0,2.0
33059,3.0,0,3.0
33060,31.0,0,-1.0
33061,15.0,0,-3.0
33062,21.0,0,1.0
33063,0.0,0,1.0
33064,0.0,0,4.0
33065,0.0,0,1.0
33066,23.0,0,3.0
33067,27.0,0,1.0
33068,25.0,0,1.0
33069,0.0,0,3.0
33070,2.0,1,2.0
33071,19.0,0,0.0
33072,28.0,0,3.0
33073,30.0,1,3.0
33074,27.0,0,1.0
33075,0.0,0,2.0
33076,31.0,0,0.0
33077,26.0,0,1.0
33078,30.0,0,1.0
33079,31.0,0,-0.0
33080,22.0,1,-3.0
33081,2.0,1,2.0
33082,8.0,0,2.0
33083,31.0,1,1.0
33084,25.0,0,4.0
33085,31.0,0,0.0
33086,31.0,0,0.0
33087,0.0,0,0.0
33088,19.0,1,-0.0
33089,31.0,0,0.0
33090,4.0,1,4.0
33091,31.0,0,0.0
33092,30.0,0,1.0
33093,0.0,0,3.0
33094,31.0,1,0.0
33095,31.0,0,0.0
33096,0.0,0,3.0
33097,31.0,1,1.0
33098,0.0,0,1.0
33099,11.0,0,-2.0
33100,0.0,0,4.0
33101,0.0,0,0.0
33102,29.0,0,2.0
33103,28.0,0,-1.0
33104,0.0,0,0.0
33105,31.0,1,2.0
33106,0.0,0,1.0
33107,19.0,0,4.0
33108,4.0,0,-0.0
33109,20.0,0,2.0
33110,27.0,0,0.0
33111,19.0,0,-0.0
33112,31.0,1,1.0
33113,25.0,0,1.0
33114,13.0,0,3.0
33115,29.0,0,1.0
33116,30.0,0,1.0
33117,25.0,1,3.0
33118,30.0,0,0.0
33119,26.0,0,1.0
33120,31.0,1,1.0
33121,0.0,0,0.0
33122,29.0,0,-1.0
33123,26.0,0,0.0
33124,0.0,0,2.0
33125,20.0,0,3.0
33126,15.0,0,2.0
33127,10.0,0,2.0
33128,24.0,1,2.0
33129,0.0,0,1.0
33130,17.0,0,1.0
33131,13.0,0,1.0
33132,31.0,1,3.0
33133,31.0,0,0.0
33134,24.0,0,-1.0
33135,27.0,0,2.0
33136,14.0,0,4.0
33137,27.0,1,-2.0
33138,28.0,1,0.0
33139,0.0,0,1.0
33140,0.0,1,0.0
33141,31.0,0,-1.0
33142,18.0,0,3.0
33143,0.0,0,1.0
33144,11.0,0,6.0
33145,11.0,0,2.0
33146,0.0,0,1.0
33147,2.0,1,2.0
33148,28.0,1,-3.0
33149,31.0,1,0.0
33150,12.0,0,-0.0
33151,28.0,0,3.0
33152,19.0,0,2.0
33153,31.0,1,0.0
33154,0.0,0,1.0
33155,1.0,1,1.0
33156,12.0,0,3.0
33157,9.0,0,2.0
33158,26.0,0,1.0
33159,31.0,0,0.0
33160,26.0,0,1.0
33161,18.0,0,1.0
33162,30.0,0,0.0
33163,31.0,0,0.0
33164,0.0,0,0.0
33165,31.0,0,0.0
33166,9.0,0,-0.0
33167,31.0,0,0.0
33168,4.0,1,2.0
33169,26.0,0,-1.0
33170,10.0,0,1.0
33171,31.0,0,0.0
33172,21.0,0,1.0
33173,0.0,0,0.0
33174,29.0,0,2.0
33175,26.0,1,-3.0
33176,4.0,0,-0.0
33177,18.0,0,3.0
33178,0.0,0,1.0
33179,12.0,0,0.0
33180,26.0,0,2.0
33181,31.0,0,0.0
33182,21.0,0,1.0
33183,24.0,0,1.0
33184,29.0,0,2.0
33185,0.0,1,0.0
33186,0.0,0,4.0
33187,26.0,0,3.0
33188,0.0,0,1.0
33189,30.0,0,-1.0
33190,2.0,0,2.0
33191,28.0,0,2.0
33192,12.0,0,3.0
33193,17.0,0,-1.0
33194,30.0,0,-2.0
33195,27.0,0,-0.0
33196,0.0,0,0.0
33197,0.0,1,0.0
33198,29.0,0,1.0
33199,28.0,1,-1.0
33200,8.0,0,5.0
33201,19.0,0,-1.0
33202,26.0,1,1.0
33203,25.0,0,3.0
33204,21.0,0,2.0
33205,17.0,0,-1.0
33206,21.0,0,-1.0
33207,0.0,0,0.0
33208,10.0,0,2.0
33209,13.0,0,0.0
33210,31.0,0,-1.0
33211,23.0,0,-1.0
33212,19.0,0,1.0
33213,31.0,0,-1.0
33214,29.0,0,2.0
33215,31.0,0,0.0
33216,23.0,0,3.0
33217,31.0,0,0.0
33218,0.0,0,0.0
33219,0.0,0,3.0
33220,25.0,0,1.0
33221,24.0,0,2.0
33222,18.0,0,2.0
33223,21.0,0,0.0
33224,18.0,0,1.0
33225,30.0,0,-1.0
33226,31.0,1,1.0
33227,31.0,0,0.0
33228,25.0,0,1.0
33229,0.0,0,1.0
33230,28.0,0,3.0
33231,0.0,0,4.0
33232,21.0,0,5.0
33233,0.0,0,2.0
33234,3.0,0,-2.0
33235,8.0,0,-5.0
33236,20.0,0,0.0
33237,24.0,0,4.0
33238,28.0,0,3.0
33239,11.0,0,0.0
33240,26.0,0,-0.0
33241,9.0,0,3.0
33242,17.0,0,4.0
33243,0.0,0,0.0
33244,19.0,0,2.0
33245,31.0,0,0.0
33246,31.0,0,-1.0
33247,31.0,1,0.0
33248,22.0,0,2.0
33249,31.0,0,-0.0
33250,0.0,0,1.0
33251,0.0,0,0.0
33252,29.0,0,-2.0
33253,0.0,0,2.0
33254,20.0,0,1.0
33255,31.0,0,0.0
33256,30.0,0,1.0
33257,18.0,0,0.0
33258,6.0,1,2.0
33259,28.0,0,-0.0
33260,29.0,0,1.0
33261,25.0,0,0.0
33262,13.0,0,5.0
33263,29.0,0,1.0
33264,0.0,0,1.0
33265,31.0,1,0.0
33266,15.0,0,0.0
33267,19.0,1,1.0
33268,28.0,1,3.0
33269,0.0,0,5.0
33270,26.0,0,0.0
33271,1.0,1,1.0
33272,23.0,1,1.0
33273,27.0,0,-0.0
33274,31.0,0,0.0
33275,0.0,0,0.0
33276,4.0,1,4.0
33277,0.0,0,2.0
33278,28.0,0,-1.0
33279,31.0,0,0.0
33280,31.0,0,0.0
33281,28.0,0,-0.0
33282,27.0,0,3.0
33283,0.0,0,0.0
33284,29.0,0,0.0
33285,3.0,1,3.0
33286,0.0,0,0.0
33287,7.0,1,0.0
33288,8.0,0,2.0
33289,31.0,0,0.0
33290,0.0,1,0.0
33291,20.0,0,1.0
33292,14.0,0,-1.0
33293,31.0,0,0.0
33294,31.0,1,0.0
33295,31.0,1,0.0
33296,27.0,0,0.0
33297,20.0,1,1.0
33298,30.0,0,1.0
33299,13.0,0,1.0
33300,18.0,0,4.0
33301,31.0,0,-1.0
33302,0.0,0,2.0
33303,19.0,0,3.0
33304,31.0,0,0.0
33305,0.0,0,1.0
33306,22.0,0,2.0
33307,3.0,1,3.0
33308,2.0,1,2.0
33309,0.0,0,1.0
33310,3.0,1,3.0
33311,10.0,0,0.0
33312,31.0,0,0.0
33313,16.0,0,3.0
33314,31.0,0,0.0
33315,31.0,1,1.0
33316,29.0,0,2.0
33317,1.0,1,1.0
33318,0.0,0,3.0
33319,15.0,0,1.0
33320,12.0,0,2.0
33321,22.0,0,-2.0
33322,8.0,1,0.0
33323,29.0,1,4.0
33324,28.0,0,1.0
33325,0.0,0,0.0
33326,5.0,0,2.0
33327,0.0,0,2.0
33328,19.0,1,1.0
33329,31.0,0,0.0
33330,31.0,1,0.0
33331,25.0,0,0.0
33332,2.0,1,2.0
33333,0.0,0,3.0
33334,0.0,0,1.0
33335,0.0,0,1.0
33336,31.0,0,0.0
33337,26.0,0,3.0
33338,28.0,0,2.0
33339,31.0,1,0.0
33340,18.0,1,3.0
33341,28.0,0,2.0
33342,0.0,0,2.0
33343,17.0,0,0.0
33344,14.0,0,4.0
33345,31.0,0,0.0
33346,31.0,1,5.0
33347,29.0,0,1.0
33348,29.0,1,-0.0
33349,23.0,0,0.0
33350,31.0,0,0.0
33351,31.0,0,0.0
33352,31.0,0,-1.0
33353,30.0,0,0.0
33354,19.0,0,3.0
33355,30.0,0,1.0
33356,25.0,0,2.0
33357,28.0,0,3.0
33358,0.0,0,0.0
33359,0.0,0,0.0
33360,2.0,1,2.0
33361,17.0,0,-3.0
33362,30.0,0,1.0
33363,31.0,0,0.0
33364,25.0,0,4.0
33365,31.0,1,1.0
33366,20.0,0,-1.0
33367,6.0,0,2.0
33368,31.0,0,0.0
33369,0.0,0,1.0
33370,0.0,0,0.0
33371,22.0,0,2.0
33372,31.0,0,0.0
33373,0.0,1,0.0
33374,21.0,1,3.0
33375,0.0,0,0.0
33376,22.0,1,-1.0
33377,0.0,0,2.0
33378,17.0,0,1.0
33379,0.0,0,0.0
33380,26.0,1,-0.0
33381,31.0,0,0.0
33382,18.0,0,1.0
33383,31.0,0,0.0
33384,30.0,0,0.0
33385,0.0,0,0.0
33386,0.0,1,0.0
33387,0.0,0,2.0
33388,0.0,0,0.0
33389,9.0,0,1.0
33390,15.0,0,2.0
33391,0.0,0,0.0
33392,28.0,0,2.0
33393,25.0,1,-0.0
33394,27.0,0,1.0
33395,30.0,0,1.0
33396,31.0,1,0.0
33397,30.0,1,3.0
33398,0.0,0,1.0
33399,28.0,0,1.0
33400,4.0,1,4.0
33401,13.0,0,0.0
33402,21.0,1,-2.0
33403,27.0,0,1.0
33404,11.0,0,3.0
33405,0.0,0,0.0
33406,26.0,0,2.0
33407,31.0,0,-0.0
33408,26.0,0,1.0
33409,29.0,1,1.0
33410,30.0,0,-4.0
33411,12.0,0,-0.0
33412,19.0,0,2.0
33413,25.0,0,1.0
33414,0.0,0,3.0
33415,27.0,0,3.0
33416,0.0,0,0.0
33417,30.0,0,1.0
33418,9.0,0,1.0
33419,0.0,0,0.0
33420,31.0,0,0.0
33421,31.0,0,0.0
33422,28.0,0,3.0
33423,0.0,0,2.0
33424,0.0,0,1.0
33425,0.0,0,2.0
33426,31.0,0,-0.0
33427,0.0,0,2.0
33428,0.0,0,0.0
33429,5.0,0,2.0
33430,31.0,1,0.0
33431,14.0,0,3.0
33432,22.0,1,4.0
33433,28.0,0,-1.0
33434,0.0,0,4.0
33435,20.0,0,-0.0
33436,29.0,0,-1.0
33437,8.0,0,3.0
33438,0.0,0,4.0
33439,23.0,1,-2.0
33440,15.0,0,5.0
33441,31.0,0,0.0
33442,13.0,0,2.0
33443,31.0,1,0.0
33444,11.0,0,-0.0
33445,31.0,0,0.0
33446,0.0,0,2.0
33447,29.0,0,2.0
33448,0.0,1,0.0
33449,7.0,1,1.0
33450,31.0,0,0.0
33451,0.0,0,0.0
33452,0.0,0,0.0
33453,28.0,0,2.0
33454,24.0,0,3.0
33455,23.0,0,2.0
33456,25.0,0,0.0
33457,10.0,0,-1.0
33458,0.0,0,3.0
33459,0.0,0,3.0
33460,25.0,0,5.0
33461,30.0,0,-4.0
33462,29.0,0,0.0
33463,0.0,0,0.0
33464,18.0,0,3.0
33465,28.0,0,1.0
33466,0.0,0,3.0
33467,26.0,0,1.0
33468,0.0,0,1.0
33469,4.0,0,0.0
33470,8.0,0,1.0
33471,18.0,0,5.0
33472,15.0,0,7.0
33473,31.0,0,0.0
33474,20.0,1,-0.0
33475,31.0,0,0.0
33476,5.0,0,-0.0
33477,0.0,0,0.0
33478,10.0,0,1.0
33479,31.0,1,1.0
33480,10.0,0,1.0
33481,28.0,0,3.0
33482,0.0,0,2.0
33483,31.0,0,0.0
33484,29.0,1,4.0
33485,21.0,0,-0.0
33486,0.0,0,1.0
33487,31.0,0,0.0
33488,17.0,1,1.0
33489,26.0,0,2.0
33490,16.0,0,1.0
33491,28.0,0,3.0
33492,0.0,0,1.0
33493,31.0,0,-1.0
33494,31.0,0,0.0
33495,0.0,0,1.0
33496,19.0,0,1.0
33497,16.0,1,2.0
33498,25.0,1,1.0
33499,28.0,0,-2.0
33500,30.0,0,1.0
33501,31.0,0,0.0
33502,25.0,0,-5.0
33503,24.0,1,2.0
33504,15.0,1,-0.0
33505,23.0,0,3.0
33506,0.0,0,4.0
33507,1.0,0,1.0
33508,0.0,0,0.0
33509,0.0,0,0.0
33510,31.0,0,0.0
33511,27.0,0,1.0
33512,0.0,0,0.0
33513,23.0,0,1.0
33514,5.0,1,5.0
33515,20.0,0,7.0
33516,28.0,0,0.0
33517,0.0,0,1.0
33518,7.0,0,1.0
33519,24.0,0,2.0
33520,23.0,0,1.0
33521,0.0,0,4.0
33522,28.0,0,0.0
33523,0.0,0,3.0
33524,29.0,1,-1.0
33525,18.0,0,1.0
33526,22.0,0,-1.0
33527,0.0,0,0.0
33528,31.0,0,0.0
33529,31.0,0,0.0
33530,25.0,0,-1.0
33531,21.0,0,3.0
33532,24.0,0,0.0
33533,22.0,0,2.0
33534,31.0,0,0.0
33535,11.0,0,-0.0
33536,12.0,0,1.0
33537,26.0,0,-0.0
33538,25.0,0,2.0
33539,31.0,1,2.0
33540,0.0,0,2.0
33541,23.0,0,2.0
33542,31.0,0,0.0
33543,31.0,0,0.0
33544,0.0,0,0.0
33545,31.0,1,4.0
33546,31.0,0,0.0
33547,0.0,0,0.0
33548,0.0,0,0.0
33549,31.0,0,0.0
33550,30.0,0,1.0
33551,25.0,0,1.0
33552,29.0,0,2.0
33553,30.0,0,1.0
33554,4.0,1,4.0
33555,26.0,0,-2.0
33556,0.0,0,0.0
33557,31.0,1,0.0
33558,0.0,0,0.0
33559,7.0,0,-2.0
33560,20.0,0,1.0
33561,14.0,0,3.0
33562,27.0,1,0.0
33563,25.0,1,-1.0
33564,15.0,0,2.0
33565,15.0,0,-3.0
33566,31.0,0,0.0
33567,25.0,0,2.0
33568,0.0,1,0.0
33569,31.0,1,0.0
33570,0.0,1,0.0
33571,0.0,0,0.0
33572,29.0,0,-1.0
33573,31.0,0,0.0
33574,27.0,0,1.0
33575,21.0,0,2.0
33576,29.0,0,0.0
33577,0.0,0,1.0
33578,25.0,1,1.0
33579,31.0,0,0.0
33580,29.0,0,2.0
33581,17.0,0,3.0
33582,0.0,0,0.0
33583,23.0,0,3.0
33584,0.0,0,2.0
33585,27.0,1,1.0
33586,29.0,1,-1.0
33587,21.0,1,4.0
33588,16.0,1,2.0
33589,29.0,0,2.0
33590,0.0,0,0.0
33591,0.0,0,2.0
33592,0.0,0,0.0
33593,29.0,0,-1.0
33594,31.0,1,0.0
33595,27.0,0,2.0
33596,2.0,0,4.0
33597,31.0,1,1.0
33598,22.0,0,1.0
33599,31.0,0,0.0
33600,0.0,0,4.0
33601,27.0,0,-2.0
33602,31.0,0,0.0
33603,0.0,0,0.0
33604,31.0,0,0.0
33605,0.0,0,1.0
33606,22.0,1,1.0
33607,20.0,0,3.0
33608,31.0,0,0.0
33609,31.0,0,0.0
33610,31.0,1,0.0
33611,0.0,0,0.0
33612,31.0,0,-1.0
33613,23.0,1,0.0
33614,26.0,0,4.0
33615,24.0,0,5.0
33616,0.0,0,2.0
33617,19.0,0,2.0
33618,25.0,0,3.0
33619,8.0,0,1.0
33620,21.0,0,1.0
33621,30.0,0,1.0
33622,0.0,0,0.0
33623,0.0,0,3.0
33624,31.0,1,0.0
33625,31.0,0,-1.0
33626,27.0,0,1.0
33627,8.0,0,1.0
33628,0.0,0,2.0
33629,23.0,0,-0.0
33630,2.0,1,2.0
33631,0.0,0,2.0
33632,25.0,0,3.0
33633,0.0,0,1.0
33634,5.0,1,0.0
33635,25.0,0,2.0
33636,25.0,0,-3.0
33637,31.0,0,0.0
33638,3.0,0,-0.0
33639,31.0,0,-0.0
33640,31.0,0,0.0
33641,30.0,0,-0.0
33642,25.0,0,1.0
33643,0.0,1,0.0
33644,0.0,0,4.0
33645,0.0,0,2.0
33646,25.0,0,-0.0
33647,0.0,0,0.0
33648,28.0,0,-1.0
33649,30.0,0,0.0
33650,3.0,1,3.0
33651,27.0,0,2.0
33652,25.0,0,1.0
33653,17.0,0,-2.0
33654,15.0,0,1.0
33655,21.0,0,-1.0
33656,0.0,0,2.0
33657,14.0,1,0.0
33658,31.0,0,-0.0
33659,26.0,0,1.0
33660,0.0,0,3.0
33661,1.0,0,2.0
33662,0.0,0,3.0
33663,0.0,0,0.0
33664,31.0,0,0.0
33665,31.0,0,0.0
33666,0.0,0,2.0
33667,0.0,0,2.0
33668,0.0,1,0.0
33669,17.0,0,2.0
33670,12.0,0,-4.0
33671,0.0,0,3.0
33672,19.0,0,3.0
33673,30.0,0,1.0
33674,30.0,0,-1.0
33675,16.0,0,2.0
33676,31.0,1,0.0
33677,24.0,0,2.0
33678,31.0,0,0.0
33679,0.0,0,2.0
33680,19.0,0,3.0
33681,5.0,0,-1.0
33682,0.0,0,0.0
33683,4.0,1,4.0
33684,31.0,0,0.0
33685,5.0,0,6.0
33686,31.0,0,0.0
33687,26.0,1,3.0
33688,1.0,1,1.0
33689,0.0,0,0.0
33690,30.0,0,1.0
33691,0.0,0,1.0
33692,31.0,0,0.0
33693,12.0,0,1.0
33694,0.0,0,1.0
33695,4.0,1,4.0
33696,26.0,0,-0.0
33697,24.0,0,3.0
33698,31.0,0,0.0
33699,22.0,0,0.0
33700,25.0,0,-0.0
33701,31.0,0,0.0
33702,13.0,0,-0.0
33703,7.0,1,7.0
33704,0.0,0,0.0
33705,0.0,0,0.0
33706,29.0,0,-4.0
33707,31.0,0,-2.0
33708,1.0,1,1.0
33709,29.0,0,0.0
33710,31.0,0,0.0
33711,23.0,0,3.0
33712,29.0,1,-0.0
33713,3.0,0,-3.0
33714,30.0,0,0.0
33715,31.0,0,-1.0
33716,28.0,0,-0.0
33717,0.0,0,0.0
33718,10.0,1,-1.0
33719,31.0,1,0.0
33720,10.0,0,3.0
33721,3.0,1,3.0
33722,26.0,0,-0.0
33723,16.0,0,5.0
33724,30.0,0,1.0
33725,10.0,0,0.0
33726,2.0,0,1.0
33727,2.0,1,2.0
33728,0.0,0,1.0
33729,0.0,0,0.0
33730,24.0,0,3.0
33731,4.0,0,1.0
33732,1.0,0,-1.0
33733,25.0,0,2.0
33734,31.0,0,0.0
33735,29.0,1,-1.0
33736,31.0,0,-1.0
33737,28.0,0,3.0
33738,0.0,0,1.0
33739,0.0,0,2.0
33740,21.0,0,1.0
33741,30.0,0,1.0
33742,31.0,0,-1.0
33743,0.0,0,3.0
33744,0.0,0,1.0
33745,13.0,0,2.0
33746,4.0,0,-1.0
33747,30.0,0,1.0
33748,24.0,0,2.0
33749,31.0,0,-0.0
33750,12.0,0,2.0
33751,31.0,0,-3.0
33752,19.0,0,-2.0
33753,22.0,1,2.0
33754,6.0,0,1.0
33755,0.0,0,1.0
33756,23.0,0,2.0
33757,9.0,0,4.0
33758,29.0,1,4.0
33759,18.0,1,4.0
33760,31.0,0,0.0
33761,31.0,0,0.0
33762,30.0,0,0.0
33763,28.0,0,2.0
33764,30.0,0,-1.0
33765,20.0,0,2.0
33766,3.0,1,3.0
33767,0.0,1,0.0
33768,27.0,0,3.0
33769,6.0,0,-1.0
33770,22.0,1,-1.0
33771,0.0,0,2.0
33772,19.0,0,4.0
33773,29.0,0,2.0
33774,23.0,1,0.0
33775,6.0,0,0.0
33776,11.0,0,1.0
33777,0.0,0,0.0
33778,30.0,0,-1.0
33779,27.0,0,-1.0
33780,0.0,0,0.0
33781,25.0,0,1.0
33782,31.0,1,1.0
33783,30.0,0,1.0
33784,0.0,0,2.0
33785,30.0,0,1.0
33786,24.0,0,3.0
33787,0.0,0,0.0
33788,31.0,0,-1.0
33789,30.0,0,-0.0
33790,28.0,1,1.0
33791,4.0,0,1.0
33792,28.0,0,1.0
33793,0.0,0,4.0
33794,0.0,0,0.0
33795,31.0,0,0.0
33796,2.0,1,2.0
33797,1.0,1,1.0
33798,28.0,0,3.0
33799,0.0,0,0.0
33800,30.0,0,1.0
33801,31.0,0,0.0
33802,12.0,1,-2.0
33803,2.0,0,1.0
33804,31.0,1,0.0
33805,0.0,0,0.0
33806,19.0,0,2.0
33807,0.0,0,3.0
33808,26.0,0,3.0
33809,26.0,1,3.0
33810,31.0,0,0.0
33811,31.0,0,-0.0
33812,28.0,0,1.0
33813,0.0,0,3.0
33814,31.0,0,0.0
33815,30.0,0,1.0
33816,0.0,0,2.0
33817,30.0,0,1.0
33818,0.0,0,1.0
33819,17.0,0,3.0
33820,0.0,0,0.0
33821,25.0,0,2.0
33822,30.0,0,1.0
33823,31.0,0,0.0
33824,30.0,0,0.0
33825,0.0,0,0.0
33826,28.0,0,-0.0
33827,0.0,0,0.0
33828,23.0,0,2.0
33829,0.0,0,1.0
33830,0.0,0,0.0
33831,31.0,0,0.0
33832,19.0,0,1.0
33833,29.0,0,2.0
33834,29.0,1,3.0
33835,10.0,0,-1.0
33836,28.0,0,3.0
33837,19.0,0,4.0
33838,31.0,1,0.0
33839,21.0,0,0.0
33840,18.0,0,2.0
33841,0.0,0,0.0
33842,16.0,0,1.0
33843,0.0,0,3.0
33844,0.0,0,1.0
33845,30.0,0,1.0
33846,9.0,0,0.0
33847,29.0,0,2.0
33848,2.0,0,2.0
33849,0.0,0,2.0
33850,18.0,0,1.0
33851,23.0,0,1.0
33852,15.0,0,3.0
33853,31.0,0,-0.0
33854,1.0,1,1.0
33855,31.0,1,0.0
33856,16.0,0,1.0
33857,14.0,0,1.0
33858,0.0,1,0.0
33859,22.0,0,-3.0
33860,0.0,0,1.0
33861,0.0,0,0.0
33862,0.0,0,0.0
33863,31.0,1,-0.0
33864,0.0,0,4.0
33865,28.0,0,-0.0
33866,0.0,1,0.0
33867,13.0,0,1.0
33868,19.0,0,3.0
33869,30.0,0,0.0
33870,31.0,0,0.0
33871,29.0,0,2.0
33872,31.0,0,0.0
33873,24.0,0,2.0
33874,0.0,0,2.0
33875,0.0,0,1.0
33876,0.0,0,0.0
33877,20.0,0,-1.0
33878,0.0,0,1.0
33879,2.0,0,2.0
33880,16.0,0,-2.0
33881,30.0,0,1.0
33882,31.0,0,-3.0
33883,28.0,0,-2.0
33884,31.0,1,0.0
33885,7.0,0,-0.0
33886,10.0,0,-1.0
33887,31.0,0,0.0
33888,13.0,1,-3.0
33889,0.0,0,0.0
33890,0.0,0,3.0
33891,25.0,0,0.0
33892,10.0,0,-0.0
33893,3.0,1,3.0
33894,0.0,0,0.0
33895,31.0,0,0.0
33896,0.0,0,1.0
33897,0.0,0,3.0
33898,25.0,0,1.0
33899,24.0,0,2.0
33900,26.0,0,2.0
33901,22.0,0,2.0
33902,30.0,0,-0.0
33903,14.0,0,-3.0
33904,31.0,0,0.0
33905,0.0,0,3.0
33906,31.0,1,0.0
33907,0.0,0,3.0
33908,20.0,0,3.0
33909,0.0,1,0.0
33910,31.0,0,0.0
33911,0.0,1,-2.0
33912,0.0,0,1.0
33913,30.0,0,1.0
33914,0.0,0,0.0
33915,0.0,0,2.0
33916,0.0,0,3.0
33917,0.0,0,2.0
33918,24.0,0,4.0
33919,27.0,0,-1.0
33920,0.0,0,0.0
33921,31.0,0,0.0
33922,25.0,0,1.0
33923,30.0,0,1.0
33924,5.0,0,2.0
33925,11.0,0,2.0
33926,29.0,0,2.0
33927,28.0,0,1.0
33928,30.0,0,1.0
33929,23.0,0,3.0
33930,1.0,0,4.0
33931,31.0,0,0.0
33932,0.0,0,2.0
33933,31.0,0,0.0
33934,29.0,1,2.0
33935,0.0,0,2.0
33936,26.0,0,3.0
33937,0.0,0,1.0
33938,0.0,0,0.0
33939,30.0,0,1.0
33940,30.0,0,1.0
33941,11.0,0,3.0
33942,5.0,0,3.0
33943,28.0,0,1.0
33944,0.0,0,0.0
33945,31.0,0,0.0
33946,29.0,0,2.0
33947,19.0,0,-1.0
33948,21.0,1,1.0
33949,0.0,0,3.0
33950,0.0,0,2.0
33951,24.0,0,4.0
33952,30.0,0,1.0
33953,31.0,0,0.0
33954,30.0,0,1.0
33955,31.0,0,-1.0
33956,21.0,1,-3.0
33957,18.0,0,3.0
33958,31.0,0,-0.0
33959,1.0,0,4.0
33960,24.0,1,3.0
33961,17.0,0,1.0
33962,18.0,0,1.0
33963,25.0,0,2.0
33964,31.0,0,-1.0
33965,0.0,0,0.0
33966,26.0,0,1.0
33967,31.0,0,-1.0
33968,31.0,0,-2.0
33969,0.0,0,4.0
33970,0.0,0,0.0
33971,3.0,1,3.0
33972,23.0,0,1.0
33973,0.0,0,0.0
33974,31.0,0,0.0
33975,28.0,0,1.0
33976,20.0,0,-0.0
33977,22.0,0,0.0
33978,22.0,0,0.0
33979,31.0,0,0.0
33980,30.0,0,1.0
33981,0.0,0,4.0
33982,12.0,0,1.0
33983,31.0,0,0.0
33984,31.0,1,0.0
33985,0.0,0,5.0
33986,0.0,0,1.0
33987,21.0,0,1.0
33988,29.0,0,2.0
33989,31.0,0,0.0
33990,21.0,0,2.0
33991,0.0,0,2.0
33992,17.0,0,1.0
33993,24.0,0,3.0
33994,31.0,0,-0.0
33995,10.0,0,2.0
33996,26.0,1,-0.0
33997,12.0,1,3.0
33998,31.0,0,0.0
33999,0.0,0,3.0
34000,30.0,0,1.0
34001,25.0,0,4.0
34002,2.0,1,2.0
34003,26.0,0,2.0
34004,26.0,1,2.0
34005,0.0,0,0.0
34006,31.0,0,-3.0
34007,3.0,0,2.0
34008,12.0,0,0.0
34009,26.0,1,1.0
34010,31.0,0,0.0
34011,30.0,0,-1.0
34012,0.0,0,1.0
34013,31.0,0,-2.0
34014,0.0,0,0.0
34015,23.0,1,2.0
34016,0.0,0,2.0
34017,21.0,0,1.0
34018,0.0,0,5.0
34019,31.0,0,0.0
34020,25.0,0,-0.0
34021,26.0,1,0.0
34022,19.0,0,1.0
34023,31.0,0,0.0
34024,3.0,1,2.0
34025,25.0,0,3.0
34026,31.0,1,0.0
34027,29.0,0,2.0
34028,30.0,0,1.0
34029,24.0,0,1.0
34030,22.0,0,4.0
34031,12.0,0,-0.0
34032,29.0,0,2.0
34033,19.0,1,3.0
34034,0.0,0,1.0
34035,0.0,0,0.0
34036,0.0,0,3.0
34037,0.0,0,2.0
34038,0.0,0,0.0
34039,29.0,1,-1.0
34040,31.0,1,1.0
34041,31.0,0,0.0
34042,0.0,0,6.0
34043,31.0,0,0.0
34044,15.0,0,1.0
34045,31.0,0,0.0
34046,0.0,1,0.0
34047,16.0,0,2.0
34048,31.0,0,0.0
34049,0.0,0,3.0
34050,0.0,0,0.0
34051,28.0,0,0.0
34052,0.0,0,0.0
34053,0.0,0,3.0
34054,31.0,0,0.0
34055,27.0,1,-1.0
34056,15.0,1,1.0
34057,31.0,0,0.0
34058,31.0,0,0.0
34059,31.0,0,-1.0
34060,3.0,0,1.0
34061,2.0,1,2.0
34062,20.0,0,4.0
34063,31.0,0,0.0
34064,4.0,1,4.0
34065,31.0,0,-1.0
34066,25.0,0,2.0
34067,22.0,1,1.0
34068,28.0,0,-1.0
34069,0.0,0,0.0
34070,4.0,0,0.0
34071,27.0,0,3.0
34072,26.0,0,-1.0
34073,20.0,0,7.0
34074,31.0,0,0.0
34075,28.0,0,3.0
34076,0.0,0,2.0
34077,0.0,0,0.0
34078,10.0,0,1.0
34079,0.0,0,3.0
34080,14.0,0,-0.0
34081,0.0,0,0.0
34082,28.0,0,1.0
34083,27.0,1,2.0
34084,30.0,0,1.0
34085,31.0,0,0.0
34086,23.0,0,2.0
34087,24.0,0,1.0
34088,31.0,0,0.0
34089,31.0,0,0.0
34090,30.0,0,1.0
34091,12.0,1,1.0
34092,31.0,0,-1.0
34093,0.0,0,1.0
34094,19.0,0,3.0
34095,28.0,0,-0.0
34096,4.0,0,0.0
34097,31.0,0,0.0
34098,27.0,0,2.0
34099,31.0,0,-0.0
34100,19.0,0,-1.0
34101,17.0,0,3.0
34102,30.0,0,1.0
34103,31.0,1,1.0
34104,25.0,0,1.0
34105,0.0,0,0.0
34106,11.0,0,-0.0
34107,27.0,0,1.0
34108,0.0,0,3.0
34109,23.0,0,1.0
34110,6.0,0,2.0
34111,5.0,0,0.0
34112,0.0,0,2.0
34113,8.0,0,1.0
34114,0.0,0,2.0
34115,4.0,0,-1.0
34116,28.0,0,3.0
34117,26.0,0,3.0
34118,0.0,0,0.0
34119,23.0,0,0.0
34120,0.0,0,0.0
34121,0.0,0,0.0
34122,2.0,0,4.0
34123,0.0,1,0.0
34124,30.0,0,1.0
34125,14.0,0,1.0
34126,0.0,0,0.0
34127,31.0,0,-2.0
34128,9.0,0,-1.0
34129,0.0,0,5.0
34130,31.0,0,0.0
34131,0.0,0,1.0
34132,0.0,0,1.0
34133,0.0,0,1.0
34134,0.0,0,3.0
34135,0.0,0,0.0
34136,31.0,0,0.0
34137,12.0,1,-1.0
34138,23.0,1,4.0
34139,4.0,0,-2.0
34140,2.0,0,5.0
34141,31.0,0,-1.0
34142,1.0,1,1.0
34143,0.0,0,0.0
34144,30.0,0,-2.0
34145,17.0,0,2.0
34146,31.0,0,0.0
34147,29.0,0,-2.0
34148,0.0,0,4.0
34149,31.0,1,1.0
34150,23.0,0,1.0
34151,31.0,0,-1.0
34152,27.0,0,2.0
34153,15.0,0,-3.0
34154,0.0,0,0.0
34155,20.0,1,1.0
34156,0.0,0,2.0
34157,0.0,0,0.0
34158,1.0,0,-1.0
34159,0.0,0,4.0
34160,17.0,0,0.0
34161,0.0,0,0.0
34162,31.0,0,-3.0
34163,2.0,1,2.0
34164,0.0,1,0.0
34165,22.0,0,2.0
34166,1.0,0,-1.0
34167,18.0,0,5.0
34168,31.0,1,-0.0
34169,27.0,0,-2.0
34170,30.0,1,2.0
34171,18.0,0,1.0
34172,31.0,1,2.0
34173,26.0,0,5.0
34174,20.0,1,2.0
34175,3.0,1,3.0
34176,29.0,0,2.0
34177,1.0,1,1.0
34178,11.0,0,5.0
34179,18.0,0,5.0
34180,31.0,1,0.0
34181,31.0,1,0.0
34182,17.0,0,4.0
34183,0.0,0,4.0
34184,0.0,1,0.0
34185,23.0,0,1.0
34186,0.0,0,1.0
34187,31.0,1,0.0
34188,0.0,0,0.0
34189,0.0,0,1.0
34190,29.0,0,-0.0
34191,0.0,0,2.0
34192,0.0,0,0.0
34193,28.0,0,0.0
34194,31.0,0,0.0
34195,25.0,1,-2.0
34196,0.0,0,4.0
34197,3.0,0,2.0
34198,7.0,1,1.0
34199,0.0,0,0.0
34200,23.0,0,2.0
34201,0.0,0,0.0
34202,0.0,0,1.0
34203,0.0,0,3.0
34204,27.0,0,1.0
34205,0.0,0,2.0
34206,31.0,1,1.0
34207,29.0,0,2.0
34208,13.0,0,-1.0
34209,27.0,0,4.0
34210,12.0,0,1.0
34211,28.0,0,3.0
34212,22.0,0,4.0
34213,11.0,0,2.0
34214,28.0,0,3.0
34215,29.0,0,2.0
34216,31.0,0,0.0
34217,0.0,0,0.0
34218,27.0,0,2.0
34219,0.0,0,0.0
34220,0.0,0,5.0
34221,28.0,0,2.0
34222,27.0,0,-1.0
34223,31.0,0,0.0
34224,31.0,0,-1.0
34225,29.0,0,-0.0
34226,1.0,1,1.0
34227,2.0,0,1.0
34228,18.0,1,1.0
34229,11.0,1,-1.0
34230,28.0,1,1.0
34231,29.0,1,3.0
34232,30.0,0,-0.0
34233,15.0,0,0.0
34234,0.0,0,0.0
34235,21.0,0,1.0
34236,2.0,1,2.0
34237,30.0,1,2.0
34238,0.0,0,1.0
34239,14.0,0,1.0
34240,0.0,0,0.0
34241,27.0,0,-0.0
34242,29.0,0,2.0
34243,10.0,0,1.0
34244,26.0,0,2.0
34245,12.0,0,2.0
34246,4.0,0,2.0
34247,31.0,1,2.0
34248,27.0,1,0.0
34249,31.0,1,0.0
34250,27.0,0,-1.0
34251,31.0,0,0.0
34252,7.0,0,1.0
34253,30.0,0,-0.0
34254,27.0,0,0.0
34255,18.0,0,1.0
34256,25.0,0,3.0
34257,7.0,1,7.0
34258,23.0,0,1.0
34259,31.0,0,0.0
34260,31.0,0,0.0
34261,31.0,0,0.0
34262,21.0,0,-0.0
34263,31.0,1,2.0
34264,31.0,0,0.0
34265,14.0,0,1.0
34266,10.0,0,3.0
34267,9.0,0,3.0
34268,19.0,1,2.0
34269,8.0,0,-0.0
34270,15.0,0,4.0
34271,30.0,0,-0.0
34272,31.0,0,0.0
34273,24.0,0,2.0
34274,18.0,0,6.0
34275,22.0,0,5.0
34276,0.0,0,0.0
34277,15.0,1,0.0
34278,9.0,0,1.0
34279,31.0,0,0.0
34280,12.0,0,2.0
34281,0.0,0,3.0
34282,15.0,1,1.0
34283,11.0,0,2.0
34284,12.0,1,-0.0
34285,26.0,1,1.0
34286,25.0,0,1.0
34287,30.0,0,-1.0
34288,31.0,0,0.0
34289,27.0,0,1.0
34290,10.0,0,1.0
34291,29.0,0,-1.0
34292,23.0,0,-0.0
34293,23.0,0,-0.0
34294,0.0,0,1.0
34295,0.0,0,0.0
34296,31.0,0,0.0
34297,5.0,0,2.0
34298,27.0,0,2.0
34299,5.0,0,2.0
34300,2.0,1,2.0
34301,19.0,0,1.0
34302,22.0,1,1.0
34303,26.0,0,5.0
34304,23.0,0,-0.0
34305,0.0,0,0.0
34306,15.0,0,-0.0
34307,21.0,0,5.0
34308,0.0,0,0.0
34309,10.0,0,1.0
34310,0.0,0,6.0
34311,0.0,0,0.0
34312,10.0,0,4.0
34313,21.0,0,1.0
34314,29.0,0,2.0
34315,1.0,1,1.0
34316,4.0,1,4.0
34317,31.0,0,-1.0
34318,0.0,1,0.0
34319,31.0,0,0.0
34320,31.0,1,2.0
34321,0.0,0,4.0
34322,0.0,0,0.0
34323,31.0,0,0.0
34324,19.0,0,6.0
34325,24.0,0,5.0
34326,16.0,0,1.0
34327,18.0,0,2.0
34328,10.0,0,2.0
34329,0.0,0,0.0
34330,0.0,0,0.0
34331,20.0,0,2.0
34332,0.0,0,1.0
34333,0.0,0,2.0
34334,31.0,1,0.0
34335,31.0,0,0.0
34336,29.0,0,2.0
34337,16.0,1,0.0
34338,0.0,0,5.0
34339,0.0,0,0.0
34340,0.0,0,1.0
34341,31.0,0,-3.0
34342,0.0,0,2.0
34343,24.0,1,3.0
34344,9.0,0,2.0
34345,10.0,0,0.0
34346,29.0,0,0.0
34347,0.0,1,0.0
34348,31.0,1,1.0
34349,24.0,1,4.0
34350,0.0,0,2.0
34351,31.0,1,0.0
34352,24.0,0,1.0
34353,28.0,0,3.0
34354,25.0,0,-0.0
34355,31.0,0,0.0
34356,9.0,0,1.0
34357,20.0,0,-1.0
34358,17.0,0,1.0
34359,7.0,0,2.0
34360,25.0,1,4.0
34361,0.0,0,2.0
34362,28.0,0,-0.0
34363,0.0,0,2.0
34364,0.0,0,3.0
34365,0.0,0,0.0
34366,25.0,0,2.0
34367,23.0,0,-1.0
34368,1.0,1,1.0
34369,22.0,0,-1.0
34370,31.0,0,0.0
34371,0.0,0,2.0
34372,0.0,0,3.0
34373,0.0,0,0.0
34374,0.0,0,1.0
34375,31.0,0,0.0
34376,0.0,0,4.0
34377,0.0,0,2.0
34378,3.0,0,-3.0
34379,0.0,0,3.0
34380,31.0,0,0.0
34381,31.0,0,0.0
34382,16.0,0,-2.0
34383,31.0,1,0.0
34384,0.0,0,4.0
34385,31.0,0,0.0
34386,14.0,1,-0.0
34387,28.0,0,3.0
34388,4.0,0,1.0
34389,28.0,0,2.0
34390,26.0,0,-0.0
34391,0.0,0,3.0
34392,15.0,0,2.0
34393,24.0,0,2.0
34394,14.0,1,0.0
34395,0.0,0,1.0
34396,0.0,0,5.0
34397,1.0,0,3.0
34398,6.0,0,2.0
34399,0.0,0,3.0
34400,0.0,0,1.0
34401,31.0,0,-0.0
34402,1.0,1,1.0
34403,17.0,1,3.0
34404,0.0,0,1.0
34405,18.0,0,-0.0
34406,28.0,0,3.0
34407,28.0,1,-1.0
34408,29.0,0,2.0
34409,18.0,0,3.0
34410,0.0,0,1.0
34411,31.0,0,0.0
34412,29.0,0,2.0
34413,31.0,0,0.0
34414,0.0,0,0.0
34415,27.0,1,-0.0
34416,31.0,0,-2.0
34417,31.0,0,0.0
34418,31.0,1,0.0
34419,24.0,0,1.0
34420,29.0,0,1.0
34421,15.0,0,3.0
34422,30.0,0,1.0
34423,6.0,0,4.0
34424,27.0,0,1.0
34425,29.0,0,2.0
34426,27.0,1,-0.0
34427,25.0,0,-0.0
34428,14.0,1,3.0
34429,30.0,0,-3.0
34430,31.0,0,-1.0
34431,16.0,0,2.0
34432,31.0,0,-0.0
34433,23.0,0,2.0
34434,24.0,0,3.0
34435,30.0,0,-3.0
34436,31.0,1,0.0
34437,11.0,0,1.0
34438,31.0,0,0.0
34439,30.0,0,-0.0
34440,30.0,0,1.0
34441,0.0,0,1.0
34442,0.0,0,4.0
34443,0.0,0,1.0
34444,26.0,1,2.0
34445,31.0,0,0.0
34446,6.0,1,0.0
34447,24.0,0,3.0
34448,0.0,0,2.0
34449,31.0,0,0.0
34450,28.0,0,0.0
34451,31.0,0,-0.0
34452,31.0,0,0.0
34453,0.0,0,4.0
34454,29.0,0,1.0
34455,0.0,0,2.0
34456,30.0,0,1.0
34457,25.0,0,3.0
34458,0.0,0,0.0
34459,26.0,1,0.0
34460,24.0,0,1.0
34461,24.0,0,4.0
34462,31.0,0,-2.0
34463,31.0,0,-3.0
34464,4.0,0,-1.0
34465,19.0,0,4.0
34466,0.0,0,1.0
34467,13.0,0,4.0
34468,10.0,0,-1.0
34469,21.0,0,4.0
34470,15.0,1,1.0
34471,30.0,0,1.0
34472,3.0,1,3.0
34473,31.0,0,-2.0
34474,31.0,0,0.0
34475,31.0,0,0.0
34476,0.0,0,0.0
34477,0.0,0,2.0
34478,6.0,1,1.0
34479,9.0,0,2.0
34480,31.0,0,0.0
34481,31.0,0,0.0
34482,0.0,0,2.0
34483,0.0,0,1.0
34484,0.0,0,3.0
34485,16.0,0,0.0
34486,31.0,1,0.0
34487,15.0,0,2.0
34488,0.0,0,0.0
34489,4.0,0,2.0
34490,0.0,0,2.0
34491,24.0,0,1.0
34492,0.0,0,5.0
34493,0.0,0,5.0
34494,28.0,0,1.0
34495,19.0,0,1.0
34496,16.0,0,2.0
34497,0.0,0,1.0
34498,17.0,0,-2.0
34499,31.0,0,-2.0
34500,25.0,1,4.0
34501,11.0,0,-1.0
34502,31.0,0,0.0
34503,21.0,0,1.0
34504,30.0,0,1.0
34505,0.0,0,2.0
34506,0.0,0,1.0
34507,23.0,0,5.0
34508,0.0,0,0.0
34509,24.0,0,3.0
34510,0.0,0,1.0
34511,14.0,0,1.0
34512,0.0,0,0.0
34513,10.0,0,1.0
34514,28.0,0,0.0
34515,0.0,0,0.0
34516,0.0,0,1.0
34517,31.0,0,0.0
34518,31.0,0,0.0
34519,31.0,0,-0.0
34520,0.0,0,4.0
34521,31.0,0,0.0
34522,0.0,0,1.0
34523,28.0,0,1.0
34524,5.0,0,-1.0
34525,31.0,0,-1.0
34526,28.0,0,3.0
34527,0.0,0,0.0
34528,25.0,1,0.0
34529,31.0,0,0.0
34530,28.0,0,-2.0
34531,30.0,0,1.0
34532,31.0,0,0.0
34533,19.0,0,1.0
34534,0.0,0,1.0
34535,0.0,0,2.0
34536,0.0,0,0.0
34537,0.0,0,3.0
34538,28.0,0,-0.0
34539,28.0,0,-0.0
34540,0.0,0,0.0
34541,27.0,0,-3.0
34542,29.0,0,1.0
34543,22.0,0,-0.0
34544,0.0,0,0.0
34545,31.0,1,0.0
34546,29.0,1,4.0
34547,0.0,0,0.0
34548,21.0,0,-0.0
34549,26.0,0,0.0
34550,30.0,1,-0.0
34551,17.0,0,2.0
34552,3.0,1,3.0
34553,11.0,0,1.0
34554,31.0,0,0.0
34555,17.0,0,1.0
34556,0.0,0,2.0
34557,0.0,0,0.0
34558,31.0,1,1.0
34559,0.0,0,0.0
34560,27.0,0,2.0
34561,0.0,0,0.0
34562,0.0,0,0.0
34563,19.0,0,1.0
34564,16.0,1,1.0
34565,15.0,0,1.0
34566,16.0,0,3.0
34567,31.0,1,0.0
34568,29.0,0,-0.0
34569,0.0,0,2.0
34570,31.0,0,0.0
34571,0.0,0,0.0
34572,30.0,1,1.0
34573,0.0,0,4.0
34574,26.0,0,2.0
34575,27.0,0,-2.0
34576,31.0,0,0.0
34577,18.0,0,3.0
34578,30.0,0,-2.0
34579,28.0,1,5.0
34580,0.0,0,2.0
34581,31.0,0,-0.0
34582,18.0,1,4.0
34583,3.0,1,3.0
34584,31.0,0,0.0
34585,27.0,0,0.0
34586,0.0,0,2.0
34587,31.0,1,4.0
34588,27.0,0,-2.0
34589,25.0,0,1.0
34590,22.0,0,5.0
34591,28.0,0,1.0
34592,31.0,0,-0.0
34593,24.0,0,4.0
34594,24.0,0,0.0
34595,0.0,0,2.0
34596,31.0,0,0.0
34597,23.0,0,-3.0
34598,12.0,0,0.0
34599,19.0,0,2.0
34600,31.0,1,0.0
34601,0.0,0,3.0
34602,5.0,0,2.0
34603,31.0,0,-0.0
34604,26.0,0,2.0
34605,0.0,0,0.0
34606,0.0,0,1.0
34607,31.0,1,0.0
34608,0.0,0,0.0
34609,30.0,0,-1.0
34610,18.0,0,0.0
34611,30.0,0,-4.0
34612,0.0,0,4.0
34613,20.0,0,6.0
34614,31.0,0,0.0
34615,7.0,1,-0.0
34616,0.0,0,0.0
34617,31.0,1,1.0
34618,18.0,1,1.0
34619,29.0,0,2.0
34620,26.0,0,3.0
34621,30.0,0,-1.0
34622,29.0,0,2.0
34623,0.0,0,1.0
34624,18.0,0,-2.0
34625,0.0,0,3.0
34626,0.0,0,1.0
34627,30.0,0,-0.0
34628,31.0,0,0.0
34629,2.0,1,1.0
34630,9.0,0,1.0
34631,31.0,0,-0.0
34632,6.0,0,2.0
34633,0.0,0,0.0
34634,28.0,0,1.0
34635,0.0,0,3.0
34636,24.0,0,-3.0
34637,31.0,0,0.0
34638,0.0,0,2.0
34639,29.0,0,2.0
34640,31.0,0,0.0
34641,1.0,1,1.0
34642,29.0,0,2.0
34643,7.0,1,-0.0
34644,24.0,0,2.0
34645,31.0,1,1.0
34646,0.0,0,2.0
34647,27.0,0,2.0
34648,0.0,0,2.0
34649,27.0,0,-1.0
34650,25.0,1,-1.0
34651,11.0,0,3.0
34652,1.0,1,1.0
34653,26.0,0,-0.0
34654,16.0,0,1.0
34655,26.0,0,0.0
34656,30.0,0,1.0
34657,28.0,0,-1.0
34658,24.0,0,2.0
34659,31.0,0,0.0
34660,0.0,0,1.0
34661,3.0,1,3.0
34662,0.0,0,0.0
34663,20.0,0,3.0
34664,30.0,1,-1.0
34665,31.0,0,-0.0
34666,30.0,0,1.0
34667,29.0,0,2.0
34668,5.0,0,3.0
34669,20.0,0,1.0
34670,31.0,0,0.0
34671,29.0,1,1.0
34672,27.0,0,4.0
34673,31.0,0,0.0
34674,24.0,1,0.0
34675,27.0,0,4.0
34676,9.0,0,-3.0
34677,31.0,0,-0.0
34678,15.0,0,2.0
34679,8.0,0,3.0
34680,13.0,0,1.0
34681,0.0,0,3.0
34682,0.0,1,0.0
34683,31.0,0,-2.0
34684,31.0,0,0.0
34685,31.0,0,0.0
34686,31.0,0,0.0
34687,26.0,0,-0.0
34688,12.0,0,3.0
34689,20.0,0,1.0
34690,30.0,0,1.0
34691,2.0,1,2.0
34692,31.0,0,0.0
34693,0.0,0,0.0
34694,0.0,0,1.0
34695,31.0,0,0.0
34696,0.0,0,1.0
34697,22.0,0,1.0
34698,0.0,0,1.0
34699,27.0,0,1.0
34700,3.0,1,3.0
34701,31.0,0,0.0
34702,28.0,0,1.0
34703,31.0,1,0.0
34704,31.0,0,0.0
34705,0.0,1,0.0
34706,23.0,1,0.0
34707,19.0,0,1.0
34708,6.0,0,1.0
34709,31.0,0,0.0
34710,15.0,0,0.0
34711,31.0,0,0.0
34712,0.0,0,0.0
34713,27.0,0,1.0
34714,0.0,0,0.0
34715,30.0,1,-1.0
34716,24.0,0,-1.0
34717,0.0,0,1.0
34718,0.0,0,2.0
34719,3.0,0,2.0
34720,13.0,0,3.0
34721,30.0,1,-1.0
34722,0.0,0,1.0
34723,1.0,0,2.0
34724,13.0,0,2.0
34725,1.0,0,1.0
34726,31.0,1,0.0
34727,24.0,0,-1.0
34728,26.0,0,2.0
34729,0.0,0,1.0
34730,0.0,1,0.0
34731,18.0,0,1.0
34732,20.0,0,-2.0
34733,0.0,0,0.0
34734,31.0,0,0.0
34735,30.0,0,1.0
34736,27.0,1,-1.0
34737,0.0,0,2.0
34738,20.0,1,2.0
34739,27.0,0,0.0
34740,0.0,0,0.0
34741,0.0,0,2.0
34742,19.0,0,4.0
34743,5.0,0,-3.0
34744,0.0,0,1.0
34745,0.0,0,2.0
34746,30.0,0,1.0
34747,18.0,0,3.0
34748,10.0,0,1.0
34749,2.0,1,2.0
34750,0.0,0,0.0
34751,0.0,0,2.0
34752,31.0,0,0.0
34753,22.0,1,-3.0
34754,31.0,0,0.0
34755,17.0,0,-1.0
34756,0.0,0,0.0
34757,27.0,0,4.0
34758,3.0,1,3.0
34759,31.0,1,0.0
34760,15.0,0,3.0
34761,30.0,0,1.0
34762,23.0,0,0.0
34763,9.0,1,3.0
34764,19.0,0,4.0
34765,31.0,0,0.0
34766,10.0,0,-0.0
34767,17.0,0,3.0
34768,0.0,0,2.0
34769,30.0,0,1.0
34770,0.0,0,0.0
34771,17.0,0,2.0
34772,31.0,0,0.0
34773,21.0,0,1.0
34774,23.0,0,2.0
34775,0.0,0,2.0
34776,5.0,1,5.0
34777,31.0,1,0.0
34778,8.0,0,-2.0
34779,9.0,0,4.0
34780,22.0,0,4.0
34781,25.0,1,0.0
34782,22.0,0,4.0
34783,31.0,0,-0.0
34784,0.0,0,4.0
34785,27.0,0,0.0
34786,5.0,1,-1.0
34787,4.0,1,4.0
34788,9.0,0,1.0
34789,29.0,0,2.0
34790,30.0,0,1.0
34791,31.0,0,0.0
34792,27.0,0,3.0
34793,13.0,0,-1.0
34794,6.0,0,2.0
34795,31.0,0,-0.0
34796,19.0,0,0.0
34797,31.0,0,-1.0
34798,0.0,0,0.0
34799,31.0,0,0.0
34800,23.0,0,-0.0
34801,15.0,0,2.0
34802,29.0,0,2.0
34803,30.0,0,1.0
34804,29.0,0,-1.0
34805,0.0,0,1.0
34806,19.0,0,-1.0
34807,0.0,0,0.0
34808,0.0,0,0.0
34809,31.0,0,0.0
34810,29.0,0,1.0
34811,12.0,0,3.0
34812,0.0,0,1.0
34813,30.0,0,1.0
34814,19.0,0,1.0
34815,0.0,0,0.0
34816,0.0,0,0.0
34817,26.0,0,2.0
34818,9.0,0,1.0
34819,29.0,0,2.0
34820,31.0,0,0.0
34821,24.0,0,2.0
34822,31.0,0,0.0
34823,30.0,0,1.0
34824,27.0,1,-4.0
34825,0.0,0,2.0
34826,0.0,0,0.0
34827,26.0,0,-0.0
34828,0.0,1,0.0
34829,28.0,0,2.0
34830,16.0,0,4.0
34831,31.0,0,0.0
34832,5.0,1,-0.0
34833,2.0,1,2.0
34834,0.0,0,0.0
34835,31.0,0,0.0
34836,24.0,0,2.0
34837,31.0,0,0.0
34838,0.0,0,0.0
34839,0.0,0,0.0
34840,0.0,0,1.0
34841,27.0,0,3.0
34842,1.0,1,1.0
34843,31.0,0,-2.0
34844,29.0,0,2.0
34845,31.0,0,0.0
34846,9.0,0,2.0
34847,20.0,0,2.0
34848,27.0,0,4.0
34849,29.0,0,2.0
34850,4.0,0,1.0
34851,0.0,0,1.0
34852,27.0,1,0.0
34853,31.0,0,0.0
34854,31.0,0,0.0
34855,0.0,0,0.0
34856,16.0,0,1.0
34857,24.0,1,3.0
34858,27.0,0,3.0
34859,31.0,1,1.0
34860,23.0,0,1.0
34861,20.0,0,1.0
34862,31.0,1,-0.0
34863,0.0,0,2.0
34864,31.0,0,0.0
34865,12.0,0,4.0
34866,31.0,0,-2.0
34867,20.0,1,1.0
34868,13.0,0,1.0
34869,1.0,1,1.0
34870,18.0,1,-0.0
34871,30.0,0,-0.0
34872,25.0,0,-1.0
34873,31.0,0,0.0
34874,28.0,0,1.0
34875,29.0,0,-2.0
34876,21.0,0,0.0
34877,0.0,1,0.0
34878,31.0,0,0.0
34879,30.0,0,1.0
34880,28.0,0,0.0
34881,31.0,0,0.0
34882,26.0,0,-4.0
34883,0.0,0,0.0
34884,27.0,1,2.0
34885,0.0,0,6.0
34886,15.0,0,6.0
34887,0.0,0,0.0
34888,0.0,0,1.0
34889,3.0,1,3.0
34890,27.0,0,1.0
34891,18.0,0,-1.0
34892,0.0,0,3.0
34893,18.0,0,1.0
34894,31.0,0,0.0
34895,15.0,0,2.0
34896,30.0,0,1.0
34897,1.0,1,1.0
34898,27.0,1,0.0
34899,11.0,0,-0.0
34900,26.0,0,2.0
34901,15.0,0,-4.0
34902,31.0,0,0.0
34903,28.0,1,1.0
34904,31.0,0,-0.0
34905,0.0,1,0.0
34906,29.0,0,2.0
34907,0.0,0,2.0
34908,31.0,0,0.0
34909,4.0,0,2.0
34910,27.0,0,-2.0
34911,31.0,0,0.0
34912,26.0,1,2.0
34913,0.0,0,1.0
34914,20.0,0,-0.0
34915,0.0,0,0.0
34916,25.0,0,2.0
34917,24.0,0,-2.0
34918,0.0,0,7.0
34919,0.0,0,0.0
34920,28.0,0,3.0
34921,19.0,0,3.0
34922,17.0,0,1.0
34923,31.0,0,0.0
34924,3.0,1,3.0
34925,24.0,0,0.0
34926,7.0,0,-1.0
34927,31.0,1,-0.0
34928,23.0,1,0.0
34929,16.0,0,4.0
34930,28.0,0,0.0
34931,31.0,0,0.0
34932,30.0,0,1.0
34933,5.0,0,1.0
34934,0.0,0,0.0
34935,28.0,0,-1.0
34936,29.0,0,0.0
34937,31.0,1,0.0
34938,0.0,0,1.0
34939,31.0,0,0.0
34940,4.0,1,4.0
34941,18.0,0,1.0
34942,8.0,0,1.0
34943,15.0,0,1.0
34944,31.0,1,1.0
34945,22.0,0,-2.0
34946,30.0,0,0.0
34947,0.0,0,1.0
34948,0.0,0,2.0
34949,0.0,0,1.0
34950,25.0,0,3.0
34951,31.0,0,0.0
34952,27.0,1,1.0
34953,14.0,0,2.0
34954,25.0,0,2.0
34955,0.0,0,0.0
34956,3.0,0,2.0
34957,31.0,0,-1.0
34958,14.0,0,-0.0
34959,14.0,0,-1.0
34960,31.0,0,0.0
34961,23.0,0,3.0
34962,26.0,0,1.0
34963,21.0,0,1.0
34964,0.0,0,0.0
34965,31.0,0,-0.0
34966,29.0,0,1.0
34967,14.0,0,3.0
34968,12.0,1,2.0
34969,25.0,0,1.0
34970,0.0,0,0.0
34971,29.0,0,-4.0
34972,22.0,0,2.0
34973,0.0,0,3.0
34974,16.0,0,-1.0
34975,4.0,0,-2.0
34976,4.0,1,4.0
34977,13.0,1,2.0
34978,5.0,0,1.0
34979,31.0,0,0.0
34980,31.0,1,0.0
34981,18.0,0,4.0
34982,0.0,0,0.0
34983,28.0,0,1.0
34984,29.0,0,0.0
34985,21.0,0,2.0
34986,31.0,0,0.0
34987,31.0,0,0.0
34988,0.0,0,1.0
34989,23.0,1,3.0
34990,29.0,0,2.0
34991,22.0,0,0.0
34992,21.0,0,-1.0
34993,31.0,0,0.0
34994,31.0,0,0.0
34995,17.0,0,0.0
34996,13.0,0,1.0
34997,31.0,0,0.0
34998,24.0,0,2.0
34999,0.0,0,3.0
35000,31.0,1,0.0
35001,0.0,0,2.0
35002,16.0,0,3.0
35003,0.0,0,1.0
35004,18.0,0,-0.0
35005,16.0,0,2.0
35006,29.0,0,2.0
35007,19.0,0,3.0
35008,28.0,1,1.0
35009,19.0,0,3.0
35010,0.0,0,0.0
35011,0.0,0,2.0
35012,27.0,0,1.0
35013,0.0,0,2.0
35014,27.0,0,0.0
35015,31.0,0,-0.0
35016,0.0,0,0.0
35017,31.0,0,0.0
35018,31.0,0,0.0
35019,0.0,0,0.0
35020,0.0,0,0.0
35021,23.0,0,2.0
35022,31.0,1,0.0
35023,28.0,0,2.0
35024,17.0,1,1.0
35025,28.0,0,3.0
35026,31.0,0,0.0
35027,30.0,0,1.0
35028,31.0,0,0.0
35029,0.0,1,0.0
35030,31.0,0,0.0
35031,0.0,0,1.0
35032,0.0,0,0.0
35033,9.0,0,1.0
35034,0.0,0,2.0
35035,13.0,1,4.0
35036,30.0,0,1.0
35037,27.0,0,0.0
35038,29.0,0,-3.0
35039,23.0,1,3.0
35040,30.0,0,1.0
35041,0.0,0,3.0
35042,17.0,1,6.0
35043,19.0,0,-3.0
35044,30.0,0,1.0
35045,24.0,0,-2.0
35046,9.0,0,1.0
35047,31.0,1,0.0
35048,28.0,1,3.0
35049,16.0,0,-4.0
35050,0.0,0,0.0
35051,31.0,0,0.0
35052,31.0,0,0.0
35053,31.0,0,0.0
35054,29.0,0,1.0
35055,0.0,0,1.0
35056,0.0,0,0.0
35057,27.0,0,2.0
35058,31.0,0,0.0
35059,25.0,0,-0.0
35060,0.0,0,4.0
35061,31.0,0,0.0
35062,22.0,0,1.0
35063,24.0,0,2.0
35064,31.0,0,0.0
35065,23.0,1,2.0
35066,19.0,0,1.0
35067,26.0,0,3.0
35068,30.0,1,-1.0
35069,15.0,0,2.0
35070,0.0,0,0.0
35071,26.0,0,0.0
35072,31.0,1,1.0
35073,30.0,0,0.0
35074,3.0,0,-2.0
35075,20.0,0,1.0
35076,0.0,0,0.0
35077,31.0,0,0.0
35078,1.0,1,1.0
35079,31.0,0,0.0
35080,0.0,0,0.0
35081,0.0,0,2.0
35082,31.0,0,0.0
35083,0.0,0,4.0
35084,31.0,0,0.0
35085,24.0,0,-1.0
35086,1.0,1,1.0
35087,0.0,0,0.0
35088,13.0,0,0.0
35089,31.0,0,0.0
35090,14.0,0,2.0
35091,30.0,1,2.0
35092,1.0,1,1.0
35093,21.0,0,-0.0
35094,11.0,0,1.0
35095,0.0,0,4.0
35096,0.0,0,5.0
35097,3.0,1,3.0
35098,27.0,0,0.0
35099,26.0,1,0.0
35100,0.0,0,3.0
35101,0.0,1,0.0
35102,3.0,1,3.0
35103,29.0,0,-0.0
35104,23.0,1,-1.0
35105,30.0,0,-1.0
35106,19.0,0,1.0
35107,23.0,0,1.0
35108,29.0,0,1.0
35109,0.0,0,0.0
35110,24.0,1,1.0
35111,28.0,0,0.0
35112,31.0,0,0.0
35113,31.0,0,0.0
35114,25.0,1,-1.0
35115,31.0,0,0.0
35116,14.0,0,1.0
35117,26.0,0,-1.0
35118,8.0,0,-1.0
35119,0.0,0,0.0
35120,0.0,0,3.0
35121,30.0,0,0.0
35122,0.0,0,0.0
35123,29.0,0,2.0
35124,29.0,0,1.0
35125,13.0,0,3.0
35126,17.0,0,0.0
35127,22.0,0,0.0
35128,28.0,1,-3.0
35129,22.0,0,4.0
35130,30.0,0,1.0
35131,21.0,0,1.0
35132,26.0,0,0.0
35133,17.0,0,4.0
35134,27.0,1,-0.0
35135,17.0,0,1.0
35136,2.0,1,2.0
35137,2.0,1,2.0
35138,15.0,0,0.0
35139,8.0,0,-1.0
35140,30.0,0,1.0
35141,25.0,0,-3.0
35142,24.0,0,6.0
35143,30.0,0,1.0
35144,28.0,1,0.0
35145,24.0,1,4.0
35146,29.0,0,-1.0
35147,31.0,0,0.0
35148,25.0,0,1.0
35149,26.0,1,1.0
35150,24.0,0,-1.0
35151,28.0,0,-2.0
35152,30.0,0,1.0
35153,0.0,0,1.0
35154,27.0,0,0.0
35155,31.0,0,0.0
35156,31.0,0,0.0
35157,31.0,1,0.0
35158,0.0,0,2.0
35159,12.0,0,1.0
35160,0.0,0,2.0
35161,31.0,0,0.0
35162,22.0,0,1.0
35163,21.0,0,1.0
35164,25.0,0,1.0
35165,27.0,0,1.0
35166,31.0,0,0.0
35167,7.0,0,-1.0
35168,11.0,0,4.0
35169,2.0,0,-0.0
35170,19.0,0,-1.0
35171,2.0,1,2.0
35172,31.0,0,-1.0
35173,20.0,0,1.0
35174,0.0,0,0.0
35175,3.0,1,3.0
35176,9.0,0,-0.0
35177,31.0,0,0.0
35178,26.0,0,1.0
35179,31.0,0,0.0
35180,28.0,0,0.0
35181,2.0,0,1.0
35182,31.0,0,0.0
35183,17.0,1,-1.0
35184,23.0,0,0.0
35185,12.0,0,3.0
35186,23.0,1,3.0
35187,22.0,0,4.0
35188,26.0,0,1.0
35189,21.0,0,3.0
35190,26.0,0,2.0
35191,31.0,0,-0.0
35192,20.0,0,1.0
35193,31.0,0,-1.0
35194,31.0,0,0.0
35195,0.0,0,1.0
35196,31.0,0,0.0
35197,31.0,1,2.0
35198,0.0,0,4.0
35199,31.0,0,0.0
35200,26.0,0,5.0
35201,13.0,1,1.0
35202,25.0,0,2.0
35203,31.0,0,0.0
35204,21.0,0,0.0
35205,15.0,1,2.0
35206,2.0,0,3.0
35207,2.0,0,0.0
35208,20.0,0,1.0
35209,7.0,0,-1.0
35210,22.0,1,4.0
35211,16.0,1,2.0
35212,22.0,0,6.0
35213,1.0,0,3.0
35214,16.0,1,1.0
35215,1.0,1,-2.0
35216,26.0,0,1.0
35217,21.0,1,3.0
35218,0.0,0,0.0
35219,0.0,0,3.0
35220,15.0,0,0.0
35221,31.0,0,0.0
35222,24.0,1,2.0
35223,26.0,0,-2.0
35224,14.0,0,2.0
35225,12.0,0,1.0
35226,20.0,0,-0.0
35227,16.0,0,2.0
35228,0.0,0,2.0
35229,5.0,0,0.0
35230,29.0,0,2.0
35231,31.0,0,0.0
35232,30.0,0,-2.0
35233,29.0,0,1.0
35234,30.0,0,-1.0
35235,18.0,0,2.0
35236,31.0,0,-1.0
35237,31.0,0,0.0
35238,20.0,1,1.0
35239,2.0,0,1.0
35240,15.0,0,2.0
35241,27.0,0,2.0
35242,29.0,0,0.0
35243,12.0,0,2.0
35244,26.0,0,1.0
35245,17.0,0,-2.0
35246,13.0,1,3.0
35247,24.0,0,-1.0
35248,28.0,0,3.0
35249,0.0,0,4.0
35250,29.0,0,1.0
35251,6.0,0,1.0
35252,24.0,0,-1.0
35253,5.0,0,2.0
35254,0.0,0,2.0
35255,29.0,0,2.0
35256,16.0,1,1.0
35257,31.0,1,1.0
35258,19.0,1,3.0
35259,0.0,0,0.0
35260,31.0,0,0.0
35261,24.0,1,-1.0
35262,0.0,0,3.0
35263,23.0,1,1.0
35264,0.0,0,1.0
35265,0.0,0,3.0
35266,28.0,0,1.0
35267,14.0,1,1.0
35268,18.0,1,3.0
35269,30.0,0,1.0
35270,10.0,0,1.0
35271,21.0,0,2.0
35272,31.0,1,-0.0
35273,31.0,1,0.0
35274,31.0,0,0.0
35275,31.0,0,-0.0
35276,0.0,0,1.0
35277,0.0,0,2.0
35278,31.0,0,0.0
35279,20.0,1,1.0
35280,3.0,0,2.0
35281,0.0,0,0.0
35282,19.0,0,1.0
35283,23.0,0,4.0
35284,0.0,0,1.0
35285,24.0,0,-1.0
35286,30.0,0,1.0
35287,9.0,0,2.0
35288,29.0,0,-1.0
35289,23.0,0,2.0
35290,31.0,0,0.0
35291,31.0,0,0.0
35292,0.0,0,0.0
35293,22.0,0,-1.0
35294,24.0,0,4.0
35295,31.0,0,-0.0
35296,31.0,0,0.0
35297,31.0,0,0.0
35298,9.0,0,1.0
35299,13.0,1,2.0
35300,7.0,0,-0.0
35301,0.0,1,0.0
35302,20.0,0,-1.0
35303,30.0,0,-1.0
35304,31.0,0,0.0
35305,31.0,1,1.0
35306,31.0,1,0.0
35307,30.0,0,-1.0
35308,10.0,1,1.0
35309,31.0,0,0.0
35310,13.0,0,-1.0
35311,27.0,0,-1.0
35312,0.0,1,0.0
35313,18.0,0,3.0
35314,21.0,0,2.0
35315,31.0,0,0.0
35316,0.0,0,1.0
35317,28.0,0,3.0
35318,29.0,1,2.0
35319,0.0,0,0.0
35320,31.0,0,0.0
35321,16.0,0,1.0
35322,31.0,0,-0.0
35323,9.0,0,-1.0
35324,29.0,0,2.0
35325,21.0,0,1.0
35326,31.0,0,-1.0
35327,21.0,0,1.0
35328,31.0,0,0.0
35329,5.0,0,-0.0
35330,0.0,0,2.0
35331,31.0,0,0.0
35332,0.0,0,1.0
35333,28.0,0,2.0
35334,14.0,0,1.0
35335,31.0,0,0.0
35336,0.0,0,0.0
35337,27.0,0,0.0
35338,0.0,0,0.0
35339,31.0,0,0.0
35340,25.0,0,3.0
35341,15.0,0,4.0
35342,27.0,0,3.0
35343,0.0,0,4.0
35344,0.0,0,1.0
35345,13.0,1,0.0
35346,26.0,0,5.0
35347,9.0,0,1.0
35348,26.0,0,2.0
35349,21.0,0,1.0
35350,18.0,0,0.0
35351,28.0,0,0.0
35352,15.0,0,1.0
35353,0.0,0,1.0
35354,27.0,1,-2.0
35355,3.0,1,-0.0
35356,0.0,0,1.0
35357,31.0,1,0.0
35358,16.0,0,2.0
35359,30.0,1,-0.0
35360,31.0,0,0.0
35361,29.0,0,2.0
35362,18.0,0,3.0
35363,27.0,0,2.0
35364,0.0,0,3.0
35365,16.0,0,3.0
35366,25.0,0,2.0
35367,20.0,1,-0.0
35368,25.0,0,-0.0
35369,29.0,0,2.0
35370,15.0,0,4.0
35371,0.0,0,0.0
35372,0.0,0,0.0
35373,18.0,1,2.0
35374,22.0,0,1.0
35375,28.0,0,-0.0
35376,27.0,0,4.0
35377,0.0,0,1.0
35378,27.0,0,1.0
35379,29.0,0,2.0
35380,17.0,0,1.0
35381,30.0,1,0.0
35382,28.0,1,1.0
35383,25.0,0,1.0
35384,11.0,0,-1.0
35385,30.0,0,-3.0
35386,16.0,0,2.0
35387,0.0,0,2.0
35388,0.0,1,0.0
35389,0.0,0,0.0
35390,17.0,0,-1.0
35391,15.0,1,3.0
35392,18.0,0,-1.0
35393,23.0,0,4.0
35394,0.0,0,0.0
35395,31.0,0,0.0
35396,17.0,0,-1.0
35397,12.0,0,2.0
35398,26.0,1,1.0
35399,31.0,0,0.0
35400,0.0,0,4.0
35401,25.0,0,1.0
35402,28.0,0,-2.0
35403,27.0,0,1.0
35404,16.0,0,2.0
35405,0.0,0,0.0
35406,0.0,0,3.0
35407,6.0,0,0.0
35408,29.0,0,0.0
35409,9.0,0,1.0
35410,28.0,0,-1.0
35411,25.0,0,2.0
35412,30.0,0,1.0
35413,21.0,0,-1.0
35414,2.0,0,2.0
35415,22.0,0,1.0
35416,23.0,1,-1.0
35417,30.0,0,1.0
35418,0.0,0,1.0
35419,0.0,0,3.0
35420,0.0,0,1.0
35421,0.0,0,1.0
35422,7.0,0,3.0
35423,31.0,0,0.0
35424,31.0,1,0.0
35425,15.0,0,-0.0
35426,28.0,0,1.0
35427,14.0,0,-1.0
35428,29.0,0,1.0
35429,25.0,0,3.0
35430,0.0,0,2.0
35431,0.0,0,2.0
35432,0.0,0,0.0
35433,16.0,0,1.0
35434,6.0,0,1.0
35435,31.0,0,0.0
35436,30.0,0,1.0
35437,31.0,0,0.0
35438,29.0,0,-3.0
35439,29.0,0,0.0
35440,31.0,0,0.0
35441,23.0,0,2.0
35442,27.0,0,3.0
35443,6.0,1,2.0
35444,31.0,0,0.0
35445,27.0,0,2.0
35446,31.0,0,0.0
35447,31.0,0,0.0
35448,31.0,0,0.0
35449,23.0,0,1.0
35450,17.0,0,1.0
35451,29.0,0,2.0
35452,2.0,1,2.0
35453,25.0,0,1.0
35454,13.0,1,3.0
35455,26.0,0,3.0
35456,25.0,0,1.0
35457,28.0,0,3.0
35458,0.0,0,0.0
35459,24.0,1,1.0
35460,31.0,1,0.0
35461,26.0,1,-3.0
35462,0.0,0,0.0
35463,0.0,0,1.0
35464,27.0,0,4.0
35465,31.0,0,-1.0
35466,30.0,0,1.0
35467,23.0,0,2.0
35468,31.0,0,0.0
35469,31.0,1,0.0
35470,0.0,0,3.0
35471,30.0,0,-0.0
35472,25.0,0,-3.0
35473,4.0,0,2.0
35474,14.0,0,-2.0
35475,31.0,0,0.0
35476,3.0,1,3.0
35477,0.0,0,2.0
35478,31.0,1,1.0
35479,29.0,1,-0.0
35480,31.0,1,-0.0
35481,0.0,0,0.0
35482,21.0,0,5.0
35483,0.0,0,0.0
35484,30.0,1,3.0
35485,0.0,0,3.0
35486,0.0,0,0.0
35487,31.0,0,0.0
35488,31.0,0,0.0
35489,21.0,0,1.0
35490,22.0,1,2.0
35491,21.0,0,0.0
35492,30.0,1,3.0
35493,22.0,0,1.0
35494,16.0,1,1.0
35495,30.0,0,-3.0
35496,0.0,0,1.0
35497,24.0,0,2.0
35498,29.0,0,2.0
35499,12.0,0,-1.0
35500,27.0,0,1.0
35501,0.0,0,0.0
35502,22.0,0,0.0
35503,10.0,0,0.0
35504,26.0,0,0.0
35505,16.0,0,0.0
35506,31.0,0,0.0
35507,23.0,0,0.0
35508,0.0,0,0.0
35509,0.0,0,1.0
35510,31.0,1,1.0
35511,19.0,0,3.0
35512,29.0,1,-0.0
35513,31.0,1,0.0
35514,31.0,1,0.0
35515,27.0,0,0.0
35516,17.0,0,-1.0
35517,0.0,0,3.0
35518,15.0,0,-2.0
35519,0.0,0,2.0
35520,31.0,0,0.0
35521,0.0,0,3.0
35522,30.0,0,-1.0
35523,31.0,0,-2.0
35524,20.0,0,1.0
35525,25.0,0,-1.0
35526,31.0,1,0.0
35527,16.0,0,4.0
35528,30.0,0,1.0
35529,31.0,0,-3.0
35530,31.0,1,0.0
35531,13.0,0,3.0
35532,25.0,1,-0.0
35533,11.0,0,-3.0
35534,31.0,0,0.0
35535,21.0,1,-0.0
35536,31.0,1,0.0
35537,31.0,0,-1.0
35538,0.0,0,0.0
35539,2.0,0,-0.0
35540,25.0,0,1.0
35541,22.0,1,1.0
35542,24.0,0,-0.0
35543,19.0,0,1.0
35544,2.0,1,2.0
35545,18.0,0,1.0
35546,24.0,0,0.0
35547,0.0,1,0.0
35548,26.0,0,3.0
35549,31.0,1,-0.0
35550,2.0,0,1.0
35551,20.0,1,-1.0
35552,20.0,0,-4.0
35553,27.0,0,1.0
35554,21.0,0,-0.0
35555,0.0,0,4.0
35556,13.0,0,1.0
35557,23.0,0,1.0
35558,27.0,0,2.0
35559,31.0,0,0.0
35560,24.0,0,-0.0
35561,27.0,1,1.0
35562,30.0,1,2.0
35563,29.0,0,2.0
35564,28.0,0,-1.0
35565,0.0,0,0.0
35566,31.0,0,0.0
35567,0.0,0,0.0
35568,27.0,0,3.0
35569,28.0,0,1.0
35570,31.0,0,-3.0
35571,31.0,0,0.0
35572,31.0,0,0.0
35573,0.0,0,0.0
35574,21.0,0,1.0
35575,27.0,0,4.0
35576,27.0,0,2.0
35577,27.0,0,4.0
35578,0.0,0,0.0
35579,30.0,0,1.0
35580,31.0,0,0.0
35581,26.0,0,2.0
35582,31.0,0,0.0
35583,0.0,0,0.0
35584,28.0,0,2.0
35585,31.0,0,0.0
35586,0.0,0,1.0
35587,16.0,0,5.0
35588,0.0,0,0.0
35589,16.0,0,0.0
35590,17.0,0,1.0
35591,29.0,0,-1.0
35592,12.0,0,4.0
35593,31.0,1,0.0
35594,0.0,0,0.0
35595,27.0,0,2.0
35596,28.0,0,-0.0
35597,28.0,0,3.0
35598,13.0,0,3.0
35599,31.0,0,0.0
35600,21.0,0,-1.0
35601,0.0,0,0.0
35602,28.0,0,-1.0
35603,29.0,0,2.0
35604,24.0,0,-2.0
35605,24.0,1,-1.0
35606,27.0,0,-1.0
35607,4.0,1,3.0
35608,0.0,0,1.0
35609,31.0,1,1.0
35610,6.0,0,2.0
35611,0.0,0,0.0
35612,0.0,0,1.0
35613,0.0,1,0.0
35614,29.0,0,1.0
35615,28.0,0,2.0
35616,25.0,0,1.0
35617,0.0,0,1.0
35618,31.0,0,0.0
35619,10.0,0,-0.0
35620,30.0,0,0.0
35621,26.0,0,4.0
35622,21.0,0,-1.0
35623,0.0,0,0.0
35624,6.0,0,2.0
35625,30.0,1,1.0
35626,0.0,0,0.0
35627,31.0,0,0.0
35628,10.0,0,0.0
35629,25.0,1,3.0
35630,31.0,0,0.0
35631,13.0,0,-2.0
35632,31.0,0,-4.0
35633,15.0,0,2.0
35634,29.0,1,-2.0
35635,31.0,1,0.0
35636,0.0,0,0.0
35637,21.0,0,2.0
35638,30.0,0,-0.0
35639,13.0,1,-4.0
35640,31.0,0,0.0
35641,28.0,0,0.0
35642,29.0,1,1.0
35643,28.0,0,1.0
35644,11.0,0,-3.0
35645,26.0,0,4.0
35646,31.0,0,0.0
35647,31.0,0,0.0
35648,9.0,1,1.0
35649,3.0,1,3.0
35650,14.0,0,-1.0
35651,3.0,0,-1.0
35652,30.0,1,0.0
35653,0.0,0,0.0
35654,31.0,0,-0.0
35655,25.0,0,4.0
35656,0.0,0,2.0
35657,12.0,0,2.0
35658,21.0,0,-3.0
35659,12.0,0,1.0
35660,31.0,0,0.0
35661,23.0,0,3.0
35662,31.0,1,0.0
35663,0.0,0,1.0
35664,0.0,0,1.0
35665,23.0,1,2.0
35666,25.0,0,1.0
35667,26.0,0,2.0
35668,18.0,0,2.0
35669,18.0,0,3.0
35670,24.0,0,2.0
35671,0.0,0,0.0
35672,31.0,1,0.0
35673,23.0,1,-3.0
35674,29.0,1,0.0
35675,31.0,0,0.0
35676,30.0,0,-1.0
35677,23.0,1,-2.0
35678,28.0,0,-1.0
35679,24.0,0,2.0
35680,31.0,1,-0.0
35681,0.0,0,0.0
35682,31.0,0,0.0
35683,0.0,1,0.0
35684,31.0,1,0.0
35685,0.0,1,0.0
35686,27.0,0,-1.0
35687,31.0,1,0.0
35688,31.0,1,1.0
35689,31.0,0,-1.0
35690,25.0,0,1.0
35691,31.0,0,-1.0
35692,27.0,1,1.0
35693,0.0,0,0.0
35694,26.0,1,2.0
35695,4.0,0,5.0
35696,15.0,0,-4.0
35697,19.0,0,-2.0
35698,30.0,0,1.0
35699,0.0,1,0.0
35700,31.0,0,0.0
35701,31.0,0,0.0
35702,0.0,0,0.0
35703,3.0,1,3.0
35704,0.0,0,2.0
35705,0.0,0,1.0
35706,0.0,0,2.0
35707,0.0,0,0.0
35708,31.0,1,0.0
35709,29.0,0,2.0
35710,15.0,0,1.0
35711,30.0,0,-1.0
35712,4.0,0,3.0
35713,31.0,0,0.0
35714,26.0,0,3.0
35715,28.0,0,1.0
35716,0.0,0,0.0
35717,0.0,0,1.0
35718,26.0,0,1.0
35719,0.0,0,1.0
35720,23.0,0,2.0
35721,16.0,0,2.0
35722,21.0,0,2.0
35723,31.0,0,0.0
35724,0.0,0,3.0
35725,3.0,1,3.0
35726,31.0,0,0.0
35727,14.0,0,5.0
35728,0.0,0,2.0
35729,14.0,0,-1.0
35730,31.0,0,0.0
35731,0.0,0,3.0
35732,12.0,1,0.0
35733,13.0,0,2.0
35734,0.0,0,2.0
35735,8.0,0,0.0
35736,30.0,1,5.0
35737,0.0,0,3.0
35738,21.0,0,1.0
35739,31.0,0,-2.0
35740,25.0,0,2.0
35741,22.0,0,0.0
35742,30.0,0,1.0
35743,27.0,0,-2.0
35744,31.0,0,0.0
35745,19.0,0,1.0
35746,27.0,0,2.0
35747,21.0,1,3.0
35748,14.0,1,1.0
35749,13.0,0,-3.0
35750,26.0,0,5.0
35751,24.0,0,2.0
35752,31.0,0,0.0
35753,0.0,0,5.0
35754,10.0,0,2.0
35755,11.0,1,2.0
35756,0.0,0,1.0
35757,26.0,0,4.0
35758,31.0,0,0.0
35759,0.0,0,0.0
35760,15.0,1,-1.0
35761,5.0,1,3.0
35762,20.0,0,1.0
35763,31.0,1,0.0
35764,2.0,1,2.0
35765,31.0,0,0.0
35766,26.0,0,-2.0
35767,11.0,0,4.0
35768,5.0,0,-2.0
35769,31.0,0,0.0
35770,18.0,1,2.0
35771,1.0,1,1.0
35772,31.0,0,-2.0
35773,0.0,0,0.0
35774,3.0,1,3.0
35775,26.0,1,1.0
35776,29.0,0,2.0
35777,0.0,0,0.0
35778,26.0,0,2.0
35779,13.0,0,1.0
35780,28.0,0,2.0
35781,27.0,0,4.0
35782,2.0,1,2.0
35783,0.0,0,1.0
35784,31.0,1,0.0
35785,18.0,0,5.0
35786,18.0,0,1.0
35787,5.0,0,2.0
35788,29.0,0,0.0
35789,0.0,0,2.0
35790,0.0,0,1.0
35791,0.0,0,1.0
35792,20.0,0,-1.0
35793,18.0,0,3.0
35794,0.0,0,1.0
35795,9.0,0,-2.0
35796,22.0,0,4.0
35797,24.0,0,4.0
35798,0.0,0,6.0
35799,26.0,0,-3.0
35800,22.0,1,1.0
35801,12.0,0,0.0
35802,0.0,0,1.0
35803,2.0,1,-2.0
35804,11.0,0,3.0
35805,31.0,0,0.0
35806,29.0,0,2.0
35807,26.0,1,3.0
35808,0.0,0,3.0
35809,28.0,1,0.0
35810,26.0,1,3.0
35811,24.0,0,-1.0
35812,0.0,0,0.0
35813,27.0,1,1.0
35814,31.0,0,-1.0
35815,19.0,0,0.0
35816,7.0,0,1.0
35817,0.0,0,1.0
35818,15.0,0,3.0
35819,13.0,0,4.0
35820,3.0,0,4.0
35821,22.0,0,2.0
35822,8.0,0,1.0
35823,24.0,0,2.0
35824,0.0,0,0.0
35825,0.0,0,2.0
35826,0.0,0,0.0
35827,31.0,0,0.0
35828,28.0,0,0.0
35829,29.0,1,2.0
35830,31.0,0,0.0
35831,30.0,0,1.0
35832,16.0,0,-2.0
35833,27.0,0,3.0
35834,20.0,0,-0.0
35835,0.0,0,0.0
35836,21.0,1,2.0
35837,30.0,0,-2.0
35838,30.0,0,0.0
35839,2.0,1,2.0
35840,23.0,0,0.0
35841,0.0,0,5.0
35842,0.0,0,0.0
35843,23.0,0,-3.0
35844,29.0,0,-0.0
35845,17.0,1,1.0
35846,31.0,0,0.0
35847,31.0,0,0.0
35848,29.0,0,1.0
35849,31.0,0,0.0
35850,28.0,0,2.0
35851,29.0,1,-2.0
35852,8.0,0,3.0
35853,0.0,0,0.0
35854,28.0,0,2.0
35855,31.0,0,0.0
35856,24.0,0,2.0
35857,0.0,0,0.0
35858,31.0,1,3.0
35859,25.0,0,3.0
35860,26.0,0,2.0
35861,30.0,0,1.0
35862,23.0,1,0.0
35863,31.0,0,0.0
35864,18.0,0,2.0
35865,0.0,0,3.0
35866,21.0,0,-2.0
35867,31.0,1,1.0
35868,27.0,0,2.0
35869,31.0,0,0.0
35870,29.0,0,0.0
35871,12.0,0,1.0
35872,6.0,1,-3.0
35873,22.0,0,0.0
35874,31.0,0,0.0
35875,27.0,0,2.0
35876,22.0,1,-0.0
35877,0.0,0,0.0
35878,31.0,1,0.0
35879,26.0,0,0.0
35880,9.0,0,1.0
35881,20.0,0,-0.0
35882,31.0,0,0.0
35883,0.0,0,2.0
35884,22.0,0,0.0
35885,31.0,0,0.0
35886,7.0,0,-0.0
35887,15.0,0,-1.0
35888,15.0,0,2.0
35889,27.0,0,1.0
35890,0.0,0,1.0
35891,31.0,0,0.0
35892,14.0,0,1.0
35893,7.0,0,-0.0
35894,8.0,0,-1.0
35895,0.0,0,1.0
35896,0.0,0,2.0
35897,7.0,1,-3.0
35898,31.0,1,0.0
35899,0.0,1,0.0
35900,23.0,1,1.0
35901,0.0,0,2.0
35902,31.0,0,0.0
35903,31.0,0,0.0
35904,13.0,0,2.0
35905,22.0,0,2.0
35906,27.0,0,3.0
35907,19.0,0,0.0
35908,31.0,0,0.0
35909,24.0,0,-0.0
35910,0.0,0,3.0
35911,0.0,0,0.0
35912,30.0,0,1.0
35913,21.0,0,-2.0
35914,0.0,0,1.0
35915,5.0,0,-1.0
35916,17.0,1,5.0
35917,31.0,0,0.0
35918,22.0,1,-1.0
35919,31.0,1,0.0
35920,17.0,0,-0.0
35921,1.0,1,-1.0
35922,31.0,0,-1.0
35923,0.0,0,1.0
35924,27.0,0,1.0
35925,0.0,0,1.0
35926,15.0,0,1.0
35927,10.0,0,1.0
35928,27.0,0,4.0
35929,28.0,0,1.0
35930,10.0,0,1.0
35931,27.0,0,1.0
35932,31.0,0,-0.0
35933,6.0,0,0.0
35934,16.0,1,1.0
35935,21.0,0,-1.0
35936,3.0,1,3.0
35937,21.0,0,3.0
35938,6.0,0,4.0
35939,30.0,0,1.0
35940,25.0,0,-2.0
35941,7.0,0,1.0
35942,0.0,0,3.0
35943,14.0,0,-1.0
35944,1.0,1,1.0
35945,0.0,0,4.0
35946,0.0,0,1.0
35947,24.0,0,2.0
35948,0.0,0,3.0
35949,29.0,0,2.0
35950,10.0,1,2.0
35951,26.0,0,2.0
35952,27.0,0,2.0
35953,30.0,0,1.0
35954,17.0,1,1.0
35955,4.0,0,2.0
35956,31.0,1,0.0
35957,2.0,0,4.0
35958,27.0,0,3.0
35959,31.0,0,0.0
35960,0.0,0,0.0
35961,24.0,0,3.0
35962,27.0,0,2.0
35963,12.0,0,-1.0
35964,23.0,0,2.0
35965,26.0,1,2.0
35966,24.0,0,-0.0
35967,30.0,1,2.0
35968,26.0,0,2.0
35969,31.0,0,-4.0
35970,4.0,0,2.0
35971,28.0,0,2.0
35972,29.0,0,2.0
35973,28.0,0,1.0
35974,1.0,0,1.0
35975,31.0,0,-3.0
35976,30.0,0,1.0
35977,0.0,0,1.0
35978,31.0,0,0.0
35979,31.0,1,0.0
35980,0.0,0,2.0
35981,15.0,0,-0.0
35982,4.0,0,-0.0
35983,0.0,0,3.0
35984,30.0,0,1.0
35985,31.0,0,0.0
35986,21.0,0,0.0
35987,29.0,0,1.0
35988,22.0,0,1.0
35989,31.0,0,-0.0
35990,0.0,0,1.0
35991,5.0,0,-0.0
35992,23.0,0,3.0
35993,23.0,0,2.0
35994,29.0,0,0.0
35995,15.0,1,2.0
35996,31.0,0,0.0
35997,25.0,0,-1.0
35998,4.0,0,-1.0
35999,31.0,1,-0.0
36000,16.0,0,5.0
36001,19.0,0,-1.0
36002,30.0,0,1.0
36003,31.0,1,1.0
36004,0.0,0,1.0
36005,6.0,0,1.0
36006,23.0,0,-0.0
36007,16.0,0,-0.0
36008,24.0,0,-0.0
36009,0.0,0,2.0
36010,25.0,0,3.0
36011,27.0,0,4.0
36012,23.0,0,6.0
36013,0.0,0,0.0
36014,3.0,0,1.0
36015,23.0,0,-2.0
36016,29.0,0,-2.0
36017,31.0,0,0.0
36018,0.0,0,2.0
36019,0.0,0,2.0
36020,26.0,0,1.0
36021,28.0,0,3.0
36022,19.0,0,-2.0
36023,0.0,0,2.0
36024,22.0,0,2.0
36025,0.0,0,0.0
36026,12.0,0,1.0
36027,15.0,0,2.0
36028,30.0,0,1.0
36029,7.0,0,-3.0
36030,30.0,0,0.0
36031,31.0,0,0.0
36032,30.0,0,-0.0
36033,0.0,0,4.0
36034,31.0,0,0.0
36035,22.0,0,1.0
36036,30.0,0,1.0
36037,18.0,0,3.0
36038,31.0,0,0.0
36039,6.0,1,-0.0
36040,26.0,0,2.0
36041,21.0,0,3.0
36042,11.0,0,-0.0
36043,0.0,0,2.0
36044,7.0,0,5.0
36045,13.0,0,1.0
36046,0.0,0,0.0
36047,24.0,0,0.0
36048,31.0,0,0.0
36049,0.0,0,1.0
36050,29.0,1,3.0
36051,30.0,0,1.0
36052,25.0,0,2.0
36053,27.0,1,0.0
36054,28.0,0,0.0
36055,18.0,0,-1.0
36056,25.0,0,4.0
36057,2.0,1,2.0
36058,25.0,0,2.0
36059,0.0,0,2.0
36060,31.0,0,0.0
36061,31.0,0,-1.0
36062,27.0,0,4.0
36063,6.0,0,2.0
36064,14.0,0,6.0
36065,23.0,0,1.0
36066,25.0,0,1.0
36067,15.0,1,0.0
36068,29.0,0,-0.0
36069,1.0,1,1.0
36070,0.0,0,0.0
36071,27.0,1,4.0
36072,27.0,0,2.0
36073,27.0,0,2.0
36074,21.0,0,-3.0
36075,0.0,0,0.0
36076,0.0,0,3.0
36077,24.0,0,3.0
36078,30.0,1,3.0
36079,0.0,0,3.0
36080,0.0,0,0.0
36081,5.0,0,3.0
36082,30.0,0,1.0
36083,0.0,1,0.0
36084,0.0,0,0.0
36085,11.0,1,-1.0
36086,0.0,0,0.0
36087,0.0,0,0.0
36088,25.0,0,1.0
36089,0.0,1,0.0
36090,18.0,1,3.0
36091,31.0,0,0.0
36092,31.0,0,0.0
36093,0.0,0,0.0
36094,0.0,0,2.0
36095,0.0,0,1.0
36096,28.0,0,3.0
36097,31.0,0,-0.0
36098,15.0,0,1.0
36099,29.0,0,0.0
36100,28.0,0,3.0
36101,27.0,0,1.0
36102,16.0,0,-0.0
36103,20.0,0,1.0
36104,30.0,0,1.0
36105,31.0,0,0.0
36106,0.0,0,1.0
36107,27.0,0,0.0
36108,28.0,0,3.0
36109,14.0,0,3.0
36110,15.0,1,5.0
36111,17.0,0,-0.0
36112,21.0,0,4.0
36113,22.0,1,3.0
36114,25.0,0,-1.0
36115,22.0,0,1.0
36116,29.0,0,2.0
36117,26.0,0,0.0
36118,0.0,0,2.0
36119,27.0,0,-0.0
36120,1.0,0,1.0
36121,0.0,0,0.0
36122,14.0,0,-0.0
36123,26.0,0,2.0
36124,3.0,1,3.0
36125,9.0,1,1.0
36126,0.0,0,1.0
36127,0.0,0,1.0
36128,24.0,1,2.0
36129,30.0,0,1.0
36130,31.0,0,0.0
36131,9.0,0,3.0
36132,11.0,0,2.0
36133,6.0,0,-0.0
36134,31.0,0,0.0
36135,13.0,0,2.0
36136,29.0,0,-0.0
36137,23.0,0,2.0
36138,29.0,0,2.0
36139,0.0,0,3.0
36140,31.0,0,0.0
36141,0.0,0,0.0
36142,13.0,0,1.0
36143,4.0,1,4.0
36144,17.0,0,4.0
36145,31.0,0,0.0
36146,28.0,0,3.0
36147,27.0,0,1.0
36148,13.0,1,-1.0
36149,0.0,0,0.0
36150,29.0,1,-0.0
36151,17.0,0,1.0
36152,0.0,0,3.0
36153,15.0,0,2.0
36154,21.0,0,-3.0
36155,29.0,1,1.0
36156,25.0,0,1.0
36157,0.0,0,1.0
36158,31.0,1,1.0
36159,0.0,0,3.0
36160,0.0,0,0.0
36161,0.0,0,0.0
36162,25.0,0,1.0
36163,31.0,1,0.0
36164,25.0,0,0.0
36165,31.0,0,0.0
36166,19.0,0,1.0
36167,16.0,0,5.0
36168,24.0,0,3.0
36169,16.0,0,1.0
36170,28.0,1,1.0
36171,29.0,0,-2.0
36172,0.0,0,2.0
36173,31.0,0,0.0
36174,30.0,0,1.0
36175,0.0,0,0.0
36176,31.0,0,0.0
36177,2.0,0,0.0
36178,31.0,1,0.0
36179,1.0,0,3.0
36180,0.0,0,1.0
36181,30.0,0,1.0
36182,0.0,0,2.0
36183,2.0,1,1.0
36184,10.0,1,-0.0
36185,23.0,0,-0.0
36186,31.0,1,-0.0
36187,5.0,0,2.0
36188,31.0,0,0.0
36189,29.0,0,-1.0
36190,31.0,1,0.0
36191,2.0,1,2.0
36192,0.0,0,0.0
36193,31.0,0,0.0
36194,31.0,1,0.0
36195,6.0,0,-0.0
36196,7.0,0,2.0
36197,31.0,0,0.0
36198,22.0,1,0.0
36199,0.0,0,0.0
36200,29.0,0,-0.0
36201,22.0,0,-0.0
36202,16.0,0,2.0
36203,9.0,1,1.0
36204,13.0,0,4.0
36205,0.0,0,4.0
36206,31.0,0,0.0
36207,19.0,0,1.0
36208,31.0,0,0.0
36209,0.0,0,6.0
36210,0.0,0,3.0
36211,0.0,0,0.0
36212,0.0,0,0.0
36213,21.0,0,-1.0
36214,30.0,0,1.0
36215,2.0,0,1.0
36216,0.0,0,3.0
36217,20.0,0,2.0
36218,0.0,0,3.0
36219,26.0,0,-1.0
36220,31.0,0,0.0
36221,31.0,0,-2.0
36222,20.0,0,4.0
36223,8.0,0,1.0
36224,11.0,0,-2.0
36225,18.0,0,0.0
36226,31.0,1,0.0
36227,0.0,0,3.0
36228,16.0,1,2.0
36229,31.0,0,0.0
36230,0.0,0,0.0
36231,28.0,0,-0.0
36232,28.0,0,0.0
36233,10.0,0,-1.0
36234,25.0,0,3.0
36235,21.0,0,-1.0
36236,11.0,0,3.0
36237,13.0,0,-0.0
36238,15.0,0,2.0
36239,0.0,0,0.0
36240,28.0,0,-1.0
36241,27.0,1,2.0
36242,0.0,0,0.0
36243,31.0,0,0.0
36244,0.0,1,0.0
36245,31.0,0,0.0
36246,31.0,0,0.0
36247,26.0,0,2.0
36248,26.0,0,3.0
36249,29.0,0,0.0
36250,0.0,0,2.0
36251,15.0,0,2.0
36252,31.0,0,0.0
36253,14.0,0,2.0
36254,24.0,0,1.0
36255,31.0,1,0.0
36256,0.0,0,0.0
36257,27.0,0,-1.0
36258,22.0,0,0.0
36259,29.0,0,2.0
36260,31.0,0,0.0
36261,2.0,1,2.0
36262,20.0,0,4.0
36263,0.0,0,1.0
36264,25.0,0,4.0
36265,3.0,0,-3.0
36266,0.0,0,0.0
36267,0.0,0,0.0
36268,0.0,0,0.0
36269,10.0,0,-4.0
36270,21.0,0,1.0
36271,31.0,0,0.0
36272,31.0,0,0.0
36273,25.0,0,4.0
36274,29.0,1,1.0
36275,29.0,0,2.0
36276,28.0,0,2.0
36277,3.0,1,3.0
36278,29.0,0,-1.0
36279,7.0,0,-1.0
36280,3.0,1,3.0
36281,1.0,1,1.0
36282,24.0,1,0.0
36283,18.0,0,-3.0
36284,0.0,0,1.0
36285,23.0,0,2.0
36286,0.0,0,0.0
36287,15.0,0,0.0
36288,0.0,0,1.0
36289,19.0,0,1.0
36290,31.0,0,0.0
36291,31.0,0,0.0
36292,31.0,0,0.0
36293,29.0,0,1.0
36294,3.0,1,3.0
36295,24.0,0,1.0
36296,21.0,0,-2.0
36297,31.0,0,0.0
36298,24.0,0,-1.0
36299,31.0,0,0.0
36300,24.0,0,3.0
36301,19.0,1,2.0
36302,28.0,0,2.0
36303,24.0,0,-4.0
36304,31.0,0,0.0
36305,13.0,1,1.0
36306,25.0,0,0.0
36307,2.0,0,-1.0
36308,0.0,0,1.0
36309,10.0,0,3.0
36310,27.0,0,1.0
36311,6.0,0,1.0
36312,20.0,0,1.0
36313,18.0,0,-0.0
36314,31.0,0,-1.0
36315,24.0,0,4.0
36316,31.0,0,0.0
36317,1.0,0,4.0
36318,0.0,0,0.0
36319,0.0,0,0.0
36320,28.0,1,-0.0
36321,31.0,1,0.0
36322,23.0,0,5.0
36323,31.0,0,0.0
36324,0.0,0,2.0
36325,0.0,0,0.0
36326,0.0,0,1.0
36327,0.0,0,2.0
36328,27.0,0,0.0
36329,31.0,0,0.0
36330,0.0,0,2.0
36331,0.0,1,0.0
36332,21.0,1,-1.0
36333,31.0,0,0.0
36334,31.0,0,0.0
36335,31.0,0,0.0
36336,3.0,1,1.0
36337,18.0,0,3.0
36338,29.0,0,2.0
36339,0.0,0,0.0
36340,30.0,1,1.0
36341,25.0,0,-0.0
36342,23.0,0,-1.0
36343,21.0,0,-1.0
36344,30.0,0,-0.0
36345,0.0,0,0.0
36346,17.0,1,3.0
36347,18.0,1,5.0
36348,31.0,0,0.0
36349,0.0,0,2.0
36350,31.0,0,0.0
36351,15.0,0,2.0
36352,26.0,0,1.0
36353,29.0,0,2.0
36354,0.0,1,0.0
36355,0.0,0,0.0
36356,0.0,0,4.0
36357,24.0,0,1.0
36358,28.0,0,3.0
36359,31.0,0,0.0
36360,15.0,0,1.0
36361,29.0,0,2.0
36362,29.0,0,2.0
36363,30.0,0,-1.0
36364,0.0,0,2.0
36365,22.0,0,0.0
36366,21.0,0,-0.0
36367,24.0,0,1.0
36368,0.0,0,1.0
36369,27.0,0,-1.0
36370,18.0,0,-1.0
36371,17.0,1,-1.0
36372,31.0,0,-2.0
36373,27.0,0,4.0
36374,12.0,0,2.0
36375,3.0,0,-1.0
36376,27.0,0,1.0
36377,31.0,0,0.0
36378,0.0,0,0.0
36379,31.0,1,1.0
36380,30.0,0,0.0
36381,1.0,0,3.0
36382,29.0,0,1.0
36383,0.0,0,0.0
36384,16.0,0,0.0
36385,8.0,1,1.0
36386,21.0,0,-3.0
36387,23.0,0,1.0
36388,27.0,0,4.0
36389,31.0,0,0.0
36390,15.0,0,-0.0
36391,31.0,0,0.0
36392,16.0,0,6.0
36393,0.0,0,3.0
36394,25.0,0,2.0
36395,31.0,0,0.0
36396,0.0,0,3.0
36397,0.0,0,1.0
36398,31.0,0,0.0
36399,0.0,0,3.0
36400,24.0,0,4.0
36401,21.0,0,1.0
36402,31.0,0,0.0
36403,30.0,0,1.0
36404,15.0,0,6.0
36405,0.0,0,0.0
36406,0.0,0,4.0
36407,0.0,0,1.0
36408,8.0,0,-1.0
36409,16.0,0,3.0
36410,31.0,0,0.0
36411,4.0,0,1.0
36412,0.0,0,2.0
36413,4.0,0,-2.0
36414,0.0,0,1.0
36415,0.0,0,0.0
36416,24.0,0,0.0
36417,0.0,0,0.0
36418,2.0,1,2.0
36419,0.0,0,1.0
36420,28.0,0,2.0
36421,2.0,1,2.0
36422,20.0,0,3.0
36423,3.0,0,-3.0
36424,0.0,0,0.0
36425,5.0,1,3.0
36426,23.0,0,2.0
36427,23.0,0,0.0
36428,31.0,0,0.0
36429,31.0,0,0.0
36430,8.0,0,-0.0
36431,13.0,0,2.0
36432,23.0,0,2.0
36433,29.0,1,1.0
36434,1.0,1,1.0
36435,31.0,0,-1.0
36436,2.0,0,3.0
36437,17.0,0,6.0
36438,23.0,0,4.0
36439,28.0,0,-0.0
36440,18.0,0,-0.0
36441,1.0,0,2.0
36442,0.0,0,0.0
36443,0.0,0,2.0
36444,14.0,1,0.0
36445,26.0,0,3.0
36446,15.0,0,-1.0
36447,21.0,0,0.0
36448,28.0,0,3.0
36449,4.0,0,1.0
36450,30.0,1,1.0
36451,29.0,0,2.0
36452,31.0,0,-1.0
36453,27.0,0,4.0
36454,0.0,0,2.0
36455,26.0,0,-2.0
36456,24.0,0,2.0
36457,31.0,0,-4.0
36458,0.0,0,3.0
36459,0.0,0,3.0
36460,19.0,0,5.0
36461,13.0,0,3.0
36462,31.0,0,0.0
36463,5.0,0,-2.0
36464,31.0,0,0.0
36465,31.0,0,0.0
36466,5.0,0,1.0
36467,0.0,0,1.0
36468,30.0,1,3.0
36469,0.0,0,2.0
36470,21.0,0,2.0
36471,12.0,0,2.0
36472,0.0,0,1.0
36473,0.0,0,3.0
36474,0.0,1,0.0
36475,0.0,0,2.0
36476,30.0,0,1.0
36477,4.0,0,-0.0
36478,30.0,1,1.0
36479,27.0,0,1.0
36480,0.0,0,0.0
36481,0.0,0,0.0
36482,31.0,1,0.0
36483,24.0,0,1.0
36484,7.0,0,3.0
36485,31.0,0,-1.0
36486,1.0,0,3.0
36487,31.0,0,-0.0
36488,29.0,1,1.0
36489,28.0,0,3.0
36490,14.0,0,-1.0
36491,0.0,0,0.0
36492,26.0,1,2.0
36493,23.0,0,2.0
36494,29.0,0,1.0
36495,17.0,0,2.0
36496,26.0,0,-1.0
36497,22.0,0,2.0
36498,0.0,0,3.0
36499,27.0,1,2.0
36500,24.0,1,-0.0
36501,0.0,0,0.0
36502,12.0,0,1.0
36503,31.0,0,0.0
36504,16.0,1,1.0
36505,19.0,1,2.0
36506,31.0,1,0.0
36507,16.0,1,3.0
36508,31.0,0,-0.0
36509,28.0,0,0.0
36510,17.0,1,1.0
36511,29.0,0,1.0
36512,31.0,0,-1.0
36513,4.0,0,4.0
36514,27.0,1,1.0
36515,0.0,1,0.0
36516,13.0,0,3.0
36517,31.0,0,-3.0
36518,0.0,0,1.0
36519,14.0,0,0.0
36520,29.0,1,2.0
36521,27.0,0,-1.0
36522,30.0,1,1.0
36523,21.0,0,2.0
36524,31.0,1,0.0
36525,30.0,0,1.0
36526,20.0,1,1.0
36527,0.0,0,0.0
36528,27.0,0,2.0
36529,0.0,0,1.0
36530,20.0,0,4.0
36531,24.0,1,1.0
36532,2.0,1,2.0
36533,28.0,0,3.0
36534,22.0,0,0.0
36535,2.0,1,2.0
36536,31.0,1,0.0
36537,28.0,0,2.0
36538,27.0,0,2.0
36539,28.0,0,3.0
36540,31.0,1,0.0
36541,31.0,0,-0.0
36542,30.0,1,3.0
36543,0.0,0,4.0
36544,0.0,0,1.0
36545,28.0,0,0.0
36546,30.0,0,-0.0
36547,0.0,0,0.0
36548,15.0,0,2.0
36549,0.0,0,0.0
36550,31.0,0,-4.0
36551,31.0,0,0.0
36552,29.0,1,3.0
36553,25.0,0,4.0
36554,30.0,0,-2.0
36555,31.0,0,0.0
36556,25.0,0,1.0
36557,2.0,1,2.0
36558,31.0,0,0.0
36559,27.0,0,-0.0
36560,0.0,0,0.0
36561,30.0,1,-1.0
36562,3.0,0,1.0
36563,29.0,0,2.0
36564,31.0,1,2.0
36565,31.0,0,0.0
36566,0.0,0,2.0
36567,23.0,0,0.0
36568,12.0,0,-0.0
36569,31.0,0,0.0
36570,0.0,0,0.0
36571,25.0,0,3.0
36572,11.0,0,3.0
36573,31.0,1,1.0
36574,0.0,0,4.0
36575,23.0,0,2.0
36576,31.0,0,0.0
36577,21.0,0,-1.0
36578,0.0,1,0.0
36579,6.0,0,2.0
36580,2.0,0,2.0
36581,0.0,0,2.0
36582,0.0,1,0.0
36583,28.0,1,-2.0
36584,31.0,0,0.0
36585,0.0,0,3.0
36586,0.0,0,0.0
36587,31.0,0,0.0
36588,26.0,0,4.0
36589,31.0,0,0.0
36590,28.0,1,1.0
36591,29.0,0,2.0
36592,11.0,0,2.0
36593,0.0,0,0.0
36594,23.0,0,2.0
36595,18.0,0,1.0
36596,25.0,0,3.0
36597,12.0,0,-0.0
36598,24.0,0,0.0
36599,27.0,0,2.0
36600,20.0,0,1.0
36601,25.0,1,2.0
36602,29.0,0,1.0
36603,30.0,0,1.0
36604,23.0,0,1.0
36605,16.0,1,3.0
36606,31.0,0,-2.0
36607,31.0,0,-1.0
36608,31.0,0,0.0
36609,31.0,0,0.0
36610,19.0,1,-0.0
36611,25.0,0,-1.0
36612,17.0,0,5.0
36613,4.0,1,-0.0
36614,0.0,0,2.0
36615,0.0,0,1.0
36616,30.0,0,-1.0
36617,0.0,0,0.0
36618,0.0,0,1.0
36619,24.0,1,2.0
36620,31.0,0,0.0
36621,0.0,0,0.0
36622,14.0,0,3.0
36623,31.0,1,0.0
36624,27.0,0,3.0
36625,31.0,0,0.0
36626,0.0,0,5.0
36627,20.0,0,2.0
36628,20.0,0,4.0
36629,0.0,0,3.0
36630,24.0,0,-0.0
36631,7.0,0,-1.0
36632,31.0,0,-1.0
36633,15.0,0,3.0
36634,31.0,0,0.0
36635,28.0,0,-1.0
36636,0.0,0,1.0
36637,31.0,0,0.0
36638,0.0,0,1.0
36639,12.0,0,-1.0
36640,31.0,0,0.0
36641,30.0,1,-1.0
36642,19.0,0,1.0
36643,30.0,0,1.0
36644,10.0,0,4.0
36645,31.0,0,0.0
36646,27.0,0,3.0
36647,8.0,0,5.0
36648,29.0,1,1.0
36649,25.0,1,-2.0
36650,0.0,0,1.0
36651,29.0,0,2.0
36652,31.0,1,2.0
36653,25.0,0,1.0
36654,29.0,0,2.0
36655,7.0,1,0.0
36656,16.0,0,3.0
36657,24.0,0,1.0
36658,31.0,0,-2.0
36659,20.0,0,1.0
36660,28.0,1,3.0
36661,8.0,0,1.0
36662,0.0,1,0.0
36663,31.0,1,0.0
36664,24.0,0,-0.0
36665,26.0,0,-1.0
36666,24.0,0,2.0
36667,24.0,0,1.0
36668,15.0,0,0.0
36669,31.0,0,0.0
36670,0.0,0,1.0
36671,31.0,0,0.0
36672,23.0,0,5.0
36673,0.0,0,0.0
36674,26.0,1,-0.0
36675,31.0,0,0.0
36676,31.0,0,0.0
36677,10.0,0,0.0
36678,0.0,0,4.0
36679,21.0,0,3.0
36680,26.0,1,0.0
36681,31.0,0,-0.0
36682,31.0,0,0.0
36683,20.0,1,1.0
36684,31.0,1,0.0
36685,0.0,0,0.0
36686,11.0,0,2.0
36687,1.0,1,1.0
36688,30.0,0,1.0
36689,31.0,0,0.0
36690,2.0,1,2.0
36691,31.0,0,-0.0
36692,21.0,0,2.0
36693,13.0,0,0.0
36694,29.0,0,2.0
36695,14.0,0,-1.0
36696,25.0,0,-2.0
36697,0.0,0,2.0
36698,0.0,0,0.0
36699,0.0,0,0.0
36700,16.0,0,5.0
36701,0.0,0,3.0
36702,16.0,1,-2.0
36703,27.0,0,3.0
36704,31.0,1,0.0
36705,27.0,0,2.0
36706,10.0,0,-1.0
36707,31.0,0,-3.0
36708,28.0,0,-1.0
36709,21.0,0,3.0
36710,18.0,1,2.0
36711,31.0,0,-0.0
36712,26.0,0,2.0
36713,0.0,0,0.0
36714,7.0,0,3.0
36715,31.0,0,0.0
36716,23.0,1,1.0
36717,0.0,0,0.0
36718,14.0,0,-1.0
36719,9.0,0,0.0
36720,2.0,1,2.0
36721,0.0,0,2.0
36722,31.0,0,0.0
36723,29.0,0,2.0
36724,29.0,0,2.0
36725,30.0,0,0.0
36726,0.0,0,0.0
36727,27.0,0,1.0
36728,15.0,0,5.0
36729,31.0,0,0.0
36730,8.0,0,2.0
36731,2.0,1,2.0
36732,29.0,0,2.0
36733,31.0,1,0.0
36734,5.0,0,1.0
36735,27.0,0,1.0
36736,0.0,0,0.0
36737,0.0,0,0.0
36738,0.0,1,0.0
36739,14.0,0,2.0
36740,29.0,0,1.0
36741,31.0,0,0.0
36742,0.0,0,0.0
36743,29.0,0,2.0
36744,0.0,0,3.0
36745,2.0,0,4.0
36746,29.0,0,1.0
36747,0.0,0,3.0
36748,9.0,0,0.0
36749,31.0,0,-2.0
36750,27.0,0,2.0
36751,31.0,0,-2.0
36752,31.0,0,0.0
36753,31.0,0,0.0
36754,30.0,0,1.0
36755,0.0,0,0.0
36756,0.0,0,3.0
36757,8.0,0,1.0
36758,22.0,1,2.0
36759,31.0,0,-0.0
36760,31.0,0,-1.0
36761,28.0,0,1.0
36762,0.0,0,3.0
36763,20.0,0,3.0
36764,0.0,0,0.0
36765,0.0,0,0.0
36766,0.0,0,1.0
36767,31.0,0,0.0
36768,4.0,0,1.0
36769,31.0,0,-1.0
36770,22.0,0,6.0
36771,16.0,0,2.0
36772,14.0,0,-0.0
36773,31.0,0,0.0
36774,17.0,1,2.0
36775,22.0,0,3.0
36776,24.0,0,1.0
36777,23.0,0,0.0
36778,31.0,0,-0.0
36779,31.0,0,0.0
36780,31.0,0,0.0
36781,29.0,0,2.0
36782,0.0,0,0.0
36783,12.0,0,-1.0
36784,3.0,1,3.0
36785,29.0,0,2.0
36786,3.0,1,3.0
36787,31.0,0,-1.0
36788,26.0,0,0.0
36789,0.0,0,0.0
36790,0.0,0,2.0
36791,31.0,0,0.0
36792,31.0,0,0.0
36793,25.0,0,1.0
36794,11.0,0,4.0
36795,31.0,0,0.0
36796,27.0,0,1.0
36797,19.0,0,3.0
36798,18.0,0,-3.0
36799,25.0,0,1.0
36800,23.0,0,1.0
36801,31.0,0,0.0
36802,27.0,0,-3.0
36803,28.0,0,2.0
36804,27.0,0,-2.0
36805,24.0,0,3.0
36806,24.0,0,1.0
36807,0.0,0,0.0
36808,3.0,0,-0.0
36809,18.0,0,-2.0
36810,28.0,0,2.0
36811,13.0,0,4.0
36812,0.0,0,1.0
36813,31.0,0,0.0
36814,0.0,0,5.0
36815,31.0,0,0.0
36816,31.0,0,0.0
36817,13.0,0,4.0
36818,31.0,0,-2.0
36819,0.0,0,2.0
36820,28.0,0,1.0
36821,13.0,0,-0.0
36822,0.0,0,2.0
36823,30.0,0,1.0
36824,21.0,0,2.0
36825,14.0,0,4.0
36826,0.0,0,0.0
36827,31.0,1,0.0
36828,12.0,1,-3.0
36829,0.0,1,0.0
36830,24.0,0,0.0
36831,31.0,0,0.0
36832,31.0,0,0.0
36833,27.0,0,1.0
36834,0.0,0,3.0
36835,30.0,1,0.0
36836,0.0,0,1.0
36837,28.0,0,1.0
36838,31.0,1,0.0
36839,31.0,0,0.0
36840,26.0,1,2.0
36841,0.0,0,0.0
36842,24.0,1,1.0
36843,0.0,0,0.0
36844,0.0,0,1.0
36845,22.0,0,0.0
36846,0.0,0,0.0
36847,0.0,0,1.0
36848,28.0,0,3.0
36849,31.0,1,0.0
36850,11.0,0,-1.0
36851,31.0,0,0.0
36852,0.0,0,1.0
36853,29.0,0,1.0
36854,12.0,0,5.0
36855,27.0,0,0.0
36856,0.0,0,1.0
36857,0.0,0,2.0
36858,30.0,1,2.0
36859,0.0,0,2.0
36860,0.0,0,3.0
36861,13.0,0,2.0
36862,26.0,0,2.0
36863,0.0,0,0.0
36864,17.0,0,-0.0
36865,31.0,0,0.0
36866,31.0,0,0.0
36867,0.0,0,2.0
36868,27.0,0,0.0
36869,30.0,0,1.0
36870,5.0,1,5.0
36871,1.0,1,1.0
36872,26.0,0,5.0
36873,26.0,0,1.0
36874,0.0,0,8.0
36875,0.0,0,0.0
36876,25.0,0,0.0
36877,0.0,1,0.0
36878,31.0,0,0.0
36879,3.0,0,5.0
36880,18.0,1,-0.0
36881,31.0,0,-0.0
36882,24.0,1,3.0
36883,29.0,0,2.0
36884,19.0,0,-1.0
36885,24.0,0,-1.0
36886,9.0,0,1.0
36887,0.0,0,0.0
36888,0.0,0,4.0
36889,31.0,1,1.0
36890,0.0,0,0.0
36891,12.0,0,-0.0
36892,31.0,0,0.0
36893,31.0,1,0.0
36894,12.0,1,1.0
36895,14.0,0,3.0
36896,0.0,0,1.0
36897,1.0,0,-1.0
36898,19.0,0,-2.0
36899,31.0,0,0.0
36900,31.0,0,0.0
36901,23.0,0,-2.0
36902,15.0,0,4.0
36903,28.0,0,1.0
36904,22.0,1,-0.0
36905,29.0,0,2.0
36906,28.0,0,3.0
36907,26.0,0,-3.0
36908,30.0,1,2.0
36909,11.0,1,3.0
36910,31.0,0,0.0
36911,20.0,0,1.0
36912,25.0,0,6.0
36913,0.0,0,1.0
36914,31.0,0,0.0
36915,21.0,0,1.0
36916,31.0,0,0.0
36917,28.0,0,0.0
36918,0.0,0,0.0
36919,0.0,0,1.0
36920,17.0,0,3.0
36921,31.0,0,0.0
36922,26.0,1,2.0
36923,3.0,0,0.0
36924,16.0,0,3.0
36925,16.0,0,-0.0
36926,26.0,0,-1.0
36927,23.0,0,-0.0
36928,22.0,0,3.0
36929,31.0,0,0.0
36930,0.0,0,4.0
36931,0.0,0,1.0
36932,0.0,0,0.0
36933,23.0,0,-1.0
36934,11.0,0,4.0
36935,12.0,0,-2.0
36936,28.0,0,3.0
36937,12.0,0,1.0
36938,25.0,0,-2.0
36939,0.0,0,5.0
36940,31.0,0,0.0
36941,0.0,0,4.0
36942,27.0,0,0.0
36943,21.0,0,1.0
36944,19.0,1,-0.0
36945,31.0,0,0.0
36946,31.0,0,-1.0
36947,28.0,0,3.0
36948,16.0,0,3.0
36949,31.0,0,0.0
36950,25.0,0,-4.0
36951,17.0,0,2.0
36952,0.0,0,3.0
36953,19.0,0,-0.0
36954,30.0,1,-0.0
36955,0.0,0,5.0
36956,26.0,0,3.0
36957,20.0,0,1.0
36958,30.0,0,1.0
36959,28.0,1,-0.0
36960,31.0,0,-0.0
36961,30.0,1,2.0
36962,31.0,0,-1.0
36963,23.0,0,-1.0
36964,0.0,0,2.0
36965,31.0,1,0.0
36966,11.0,0,0.0
36967,0.0,0,0.0
36968,5.0,1,-1.0
36969,31.0,1,0.0
36970,0.0,0,3.0
36971,17.0,0,-0.0
36972,25.0,1,1.0
36973,24.0,0,2.0
36974,14.0,0,3.0
36975,2.0,0,2.0
36976,21.0,0,1.0
36977,28.0,1,-1.0
36978,0.0,0,4.0
36979,23.0,1,1.0
36980,0.0,0,1.0
36981,31.0,1,0.0
36982,31.0,0,0.0
36983,31.0,0,0.0
36984,0.0,0,2.0
36985,25.0,0,-1.0
36986,30.0,0,0.0
36987,30.0,1,4.0
36988,18.0,0,3.0
36989,27.0,0,1.0
36990,0.0,0,2.0
36991,26.0,0,-1.0
36992,0.0,0,1.0
36993,26.0,0,1.0
36994,0.0,0,0.0
36995,17.0,0,1.0
36996,26.0,0,1.0
36997,19.0,0,4.0
36998,19.0,0,-0.0
36999,12.0,0,-2.0
37000,29.0,0,0.0
37001,20.0,0,-2.0
37002,25.0,0,2.0
37003,31.0,1,3.0
37004,13.0,0,1.0
37005,0.0,0,0.0
37006,31.0,0,-1.0
37007,30.0,1,1.0
37008,16.0,0,-1.0
37009,27.0,0,3.0
37010,0.0,0,4.0
37011,6.0,0,-0.0
37012,3.0,0,3.0
37013,25.0,0,5.0
37014,20.0,0,6.0
37015,0.0,0,3.0
37016,31.0,0,0.0
37017,31.0,0,0.0
37018,31.0,0,0.0
37019,24.0,1,-2.0
37020,0.0,0,3.0
37021,0.0,0,3.0
37022,0.0,0,1.0
37023,21.0,0,4.0
37024,17.0,0,4.0
37025,0.0,0,0.0
37026,13.0,0,2.0
37027,28.0,0,-1.0
37028,0.0,0,0.0
37029,29.0,0,0.0
37030,30.0,0,-2.0
37031,27.0,0,4.0
37032,31.0,0,-0.0
37033,0.0,0,1.0
37034,23.0,0,-0.0
37035,0.0,0,2.0
37036,31.0,1,3.0
37037,0.0,0,3.0
37038,24.0,0,1.0
37039,31.0,0,-1.0
37040,0.0,0,0.0
37041,22.0,0,1.0
37042,31.0,1,0.0
37043,0.0,0,3.0
37044,26.0,0,-0.0
37045,24.0,0,1.0
37046,0.0,0,5.0
37047,0.0,0,0.0
37048,0.0,0,2.0
37049,17.0,0,2.0
37050,28.0,0,3.0
37051,27.0,1,2.0
37052,13.0,0,-0.0
37053,31.0,1,1.0
37054,0.0,0,1.0
37055,31.0,1,0.0
37056,24.0,0,2.0
37057,31.0,0,-2.0
37058,31.0,0,-2.0
37059,0.0,1,-1.0
37060,30.0,0,1.0
37061,30.0,0,1.0
37062,0.0,0,2.0
37063,31.0,0,0.0
37064,0.0,0,3.0
37065,26.0,0,3.0
37066,0.0,0,0.0
37067,16.0,0,-1.0
37068,26.0,0,3.0
37069,0.0,0,0.0
37070,27.0,0,-1.0
37071,7.0,1,2.0
37072,31.0,1,2.0
37073,2.0,0,-1.0
37074,25.0,0,2.0
37075,30.0,0,0.0
37076,31.0,0,0.0
37077,0.0,0,0.0
37078,0.0,0,1.0
37079,0.0,0,1.0
37080,30.0,1,0.0
37081,0.0,0,4.0
37082,19.0,0,6.0
37083,8.0,0,-1.0
37084,31.0,0,0.0
37085,0.0,0,2.0
37086,29.0,0,-3.0
37087,31.0,1,1.0
37088,0.0,0,5.0
37089,17.0,0,2.0
37090,31.0,0,0.0
37091,31.0,0,0.0
37092,28.0,1,2.0
37093,28.0,1,-0.0
37094,29.0,0,-0.0
37095,26.0,0,2.0
37096,31.0,0,0.0
37097,0.0,0,0.0
37098,31.0,1,0.0
37099,0.0,0,3.0
37100,24.0,0,3.0
37101,23.0,0,-0.0
37102,30.0,0,1.0
37103,31.0,0,-0.0
37104,15.0,1,1.0
37105,29.0,0,1.0
37106,0.0,0,3.0
37107,0.0,0,0.0
37108,0.0,0,1.0
37109,0.0,0,0.0
37110,12.0,0,2.0
37111,4.0,0,1.0
37112,28.0,0,3.0
37113,19.0,0,-0.0
37114,29.0,0,-3.0
37115,0.0,0,1.0
37116,8.0,0,0.0
37117,31.0,0,0.0
37118,31.0,0,-0.0
37119,15.0,0,1.0
37120,31.0,0,0.0
37121,31.0,0,0.0
37122,30.0,0,1.0
37123,0.0,0,1.0
37124,20.0,1,0.0
37125,29.0,1,2.0
37126,27.0,0,4.0
37127,30.0,1,-0.0
37128,0.0,1,0.0
37129,30.0,0,1.0
37130,7.0,0,-1.0
37131,31.0,0,-3.0
37132,29.0,0,2.0
37133,23.0,0,3.0
37134,30.0,0,1.0
37135,0.0,0,1.0
37136,16.0,0,1.0
37137,31.0,0,0.0
37138,31.0,1,0.0
37139,29.0,1,-1.0
37140,26.0,0,1.0
37141,30.0,1,1.0
37142,30.0,0,1.0
37143,4.0,1,4.0
37144,0.0,0,1.0
37145,31.0,0,0.0
37146,0.0,0,3.0
37147,2.0,1,2.0
37148,0.0,0,0.0
37149,0.0,0,0.0
37150,27.0,1,-0.0
37151,12.0,0,-2.0
37152,3.0,1,3.0
37153,30.0,1,-1.0
37154,0.0,0,4.0
37155,27.0,0,1.0
37156,0.0,0,2.0
37157,0.0,0,5.0
37158,23.0,0,3.0
37159,1.0,0,2.0
37160,1.0,0,-1.0
37161,21.0,1,0.0
37162,31.0,1,2.0
37163,17.0,1,1.0
37164,30.0,0,0.0
37165,4.0,0,1.0
37166,28.0,1,3.0
37167,27.0,0,4.0
37168,18.0,0,2.0
37169,0.0,0,1.0
37170,30.0,0,1.0
37171,17.0,0,2.0
37172,24.0,0,1.0
37173,22.0,0,-2.0
37174,4.0,1,4.0
37175,25.0,0,4.0
37176,23.0,0,-1.0
37177,26.0,0,2.0
37178,19.0,0,0.0
37179,14.0,0,-0.0
37180,0.0,1,0.0
37181,31.0,0,0.0
37182,13.0,0,2.0
37183,27.0,1,2.0
37184,29.0,0,2.0
37185,0.0,0,2.0
37186,25.0,0,3.0
37187,31.0,0,0.0
37188,31.0,0,0.0
37189,19.0,1,2.0
37190,27.0,0,2.0
37191,0.0,0,2.0
37192,9.0,0,2.0
37193,30.0,0,1.0
37194,24.0,1,3.0
37195,17.0,0,-1.0
37196,0.0,0,1.0
37197,0.0,0,5.0
37198,6.0,0,0.0
37199,26.0,0,1.0
37200,30.0,0,1.0
37201,16.0,0,2.0
37202,29.0,0,2.0
37203,17.0,0,3.0
37204,25.0,0,1.0
37205,24.0,0,4.0
37206,16.0,1,-0.0
37207,31.0,0,0.0
37208,12.0,0,0.0
37209,20.0,1,1.0
37210,19.0,0,2.0
37211,30.0,1,2.0
37212,29.0,0,-1.0
37213,0.0,0,0.0
37214,22.0,0,3.0
37215,31.0,0,0.0
37216,26.0,0,1.0
37217,13.0,0,-0.0
37218,25.0,0,2.0
37219,0.0,0,1.0
37220,14.0,0,2.0
37221,0.0,0,0.0
37222,8.0,0,2.0
37223,23.0,0,0.0
37224,31.0,1,0.0
37225,3.0,0,5.0
37226,12.0,1,1.0
37227,22.0,0,5.0
37228,29.0,1,3.0
37229,4.0,1,4.0
37230,31.0,1,0.0
37231,1.0,1,1.0
37232,10.0,0,2.0
37233,31.0,0,0.0
37234,26.0,0,2.0
37235,31.0,0,0.0
37236,4.0,0,-1.0
37237,31.0,0,0.0
37238,29.0,0,2.0
37239,18.0,0,1.0
37240,29.0,0,0.0
37241,24.0,0,1.0
37242,17.0,0,2.0
37243,0.0,0,3.0
37244,26.0,0,3.0
37245,0.0,0,4.0
37246,9.0,0,3.0
37247,2.0,1,2.0
37248,22.0,0,3.0
37249,6.0,0,1.0
37250,2.0,1,2.0
37251,16.0,1,-0.0
37252,0.0,0,0.0
37253,28.0,0,-1.0
37254,27.0,0,-2.0
37255,0.0,0,2.0
37256,31.0,0,-2.0
37257,18.0,0,4.0
37258,0.0,0,1.0
37259,19.0,0,3.0
37260,24.0,0,1.0
37261,31.0,1,2.0
37262,0.0,0,0.0
37263,23.0,0,-1.0
37264,31.0,0,0.0
37265,30.0,1,-0.0
37266,24.0,0,1.0
37267,22.0,0,1.0
37268,3.0,0,1.0
37269,31.0,0,0.0
37270,0.0,0,0.0
37271,27.0,0,-0.0
37272,0.0,1,0.0
37273,0.0,0,1.0
37274,27.0,0,-1.0
37275,0.0,0,2.0
37276,31.0,0,0.0
37277,29.0,0,2.0
37278,27.0,0,-1.0
37279,26.0,0,4.0
37280,27.0,0,2.0
37281,25.0,0,3.0
37282,31.0,0,0.0
37283,0.0,0,2.0
37284,0.0,0,2.0
37285,7.0,0,4.0
37286,27.0,1,3.0
37287,31.0,1,0.0
37288,15.0,0,-1.0
37289,23.0,0,2.0
37290,0.0,0,1.0
37291,2.0,0,4.0
37292,0.0,0,0.0
37293,0.0,0,0.0
37294,31.0,1,4.0
37295,31.0,0,0.0
37296,26.0,0,1.0
37297,30.0,0,1.0
37298,0.0,0,2.0
37299,0.0,0,0.0
37300,29.0,0,2.0
37301,0.0,0,0.0
37302,0.0,0,0.0
37303,0.0,0,0.0
37304,26.0,0,3.0
37305,31.0,1,0.0
37306,31.0,0,0.0
37307,31.0,0,-3.0
37308,0.0,0,5.0
37309,0.0,0,2.0
37310,28.0,0,1.0
37311,0.0,0,8.0
37312,0.0,0,0.0
37313,13.0,0,0.0
37314,30.0,0,-0.0
37315,28.0,0,0.0
37316,22.0,0,4.0
37317,21.0,1,2.0
37318,31.0,0,0.0
37319,28.0,0,2.0
37320,19.0,0,-1.0
37321,0.0,0,2.0
37322,0.0,0,0.0
37323,18.0,0,2.0
37324,31.0,0,0.0
37325,18.0,0,3.0
37326,2.0,1,-1.0
37327,31.0,0,0.0
37328,28.0,1,6.0
37329,30.0,0,0.0
37330,20.0,0,4.0
37331,19.0,0,-0.0
37332,12.0,0,-4.0
37333,29.0,0,2.0
37334,17.0,0,1.0
37335,23.0,0,2.0
37336,11.0,1,-1.0
37337,25.0,0,2.0
37338,0.0,0,1.0
37339,26.0,0,2.0
37340,31.0,0,-0.0
37341,29.0,0,-2.0
37342,24.0,0,-0.0
37343,30.0,0,1.0
37344,31.0,1,0.0
37345,21.0,1,1.0
37346,18.0,1,-1.0
37347,7.0,1,-2.0
37348,3.0,1,2.0
37349,0.0,0,0.0
37350,25.0,0,6.0
37351,1.0,1,1.0
37352,21.0,1,3.0
37353,31.0,1,0.0
37354,23.0,0,-1.0
37355,12.0,0,1.0
37356,4.0,0,-0.0
37357,30.0,0,1.0
37358,23.0,0,0.0
37359,31.0,0,0.0
37360,0.0,0,2.0
37361,0.0,0,1.0
37362,28.0,0,2.0
37363,9.0,1,3.0
37364,30.0,0,1.0
37365,12.0,0,1.0
37366,27.0,0,4.0
37367,16.0,0,0.0
37368,2.0,1,2.0
37369,18.0,1,1.0
37370,3.0,1,3.0
37371,29.0,1,4.0
37372,19.0,1,-0.0
37373,0.0,0,0.0
37374,31.0,0,0.0
37375,0.0,1,0.0
37376,15.0,0,1.0
37377,0.0,0,0.0
37378,9.0,1,0.0
37379,31.0,0,0.0
37380,0.0,0,1.0
37381,31.0,0,0.0
37382,11.0,0,1.0
37383,27.0,1,1.0
37384,26.0,0,2.0
37385,31.0,0,0.0
37386,18.0,0,-1.0
37387,8.0,1,3.0
37388,27.0,0,2.0
37389,1.0,0,-1.0
37390,0.0,0,0.0
37391,0.0,0,0.0
37392,22.0,0,2.0
37393,0.0,0,1.0
37394,28.0,1,-2.0
37395,13.0,0,3.0
37396,27.0,0,4.0
37397,31.0,0,-1.0
37398,21.0,0,-1.0
37399,31.0,0,-0.0
37400,30.0,0,1.0
37401,13.0,1,3.0
37402,31.0,0,-1.0
37403,16.0,0,4.0
37404,31.0,0,-3.0
37405,27.0,0,2.0
37406,31.0,0,0.0
37407,0.0,0,1.0
37408,0.0,0,6.0
37409,13.0,0,5.0
37410,27.0,0,3.0
37411,31.0,0,-0.0
37412,26.0,1,1.0
37413,20.0,1,4.0
37414,0.0,0,0.0
37415,0.0,0,1.0
37416,0.0,0,0.0
37417,31.0,0,0.0
37418,9.0,0,0.0
37419,27.0,0,2.0
37420,26.0,0,3.0
37421,28.0,1,0.0
37422,31.0,1,2.0
37423,25.0,1,7.0
37424,31.0,0,-2.0
37425,23.0,0,1.0
37426,24.0,0,2.0
37427,31.0,1,0.0
37428,25.0,0,1.0
37429,27.0,0,1.0
37430,3.0,1,3.0
37431,0.0,0,1.0
37432,29.0,0,2.0
37433,31.0,0,0.0
37434,2.0,1,1.0
37435,0.0,0,0.0
37436,31.0,0,0.0
37437,26.0,0,-1.0
37438,0.0,0,2.0
37439,1.0,0,1.0
37440,0.0,0,1.0
37441,31.0,0,0.0
37442,10.0,0,3.0
37443,31.0,0,0.0
37444,28.0,0,-2.0
37445,29.0,0,1.0
37446,0.0,0,0.0
37447,0.0,0,2.0
37448,5.0,1,5.0
37449,22.0,0,1.0
37450,0.0,0,1.0
37451,0.0,0,0.0
37452,16.0,0,0.0
37453,31.0,0,0.0
37454,11.0,0,1.0
37455,12.0,0,1.0
37456,30.0,0,1.0
37457,31.0,0,0.0
37458,28.0,0,1.0
37459,11.0,0,2.0
37460,28.0,0,3.0
37461,0.0,0,2.0
37462,31.0,1,0.0
37463,30.0,0,1.0
37464,16.0,0,0.0
37465,0.0,0,0.0
37466,31.0,0,0.0
37467,26.0,0,1.0
37468,27.0,0,1.0
37469,28.0,0,-1.0
37470,23.0,0,-0.0
37471,15.0,0,3.0
37472,31.0,1,0.0
37473,0.0,0,5.0
37474,25.0,0,2.0
37475,26.0,0,3.0
37476,31.0,0,0.0
37477,20.0,1,1.0
37478,0.0,0,3.0
37479,0.0,0,0.0
37480,31.0,1,-0.0
37481,31.0,0,-1.0
37482,31.0,0,0.0
37483,31.0,0,0.0
37484,0.0,0,1.0
37485,3.0,1,2.0
37486,4.0,0,2.0
37487,25.0,0,0.0
37488,0.0,0,0.0
37489,20.0,1,3.0
37490,0.0,0,0.0
37491,7.0,0,6.0
37492,30.0,0,1.0
37493,11.0,0,5.0
37494,0.0,0,3.0
37495,0.0,0,0.0
37496,31.0,0,0.0
37497,29.0,0,-0.0
37498,6.0,1,6.0
37499,0.0,0,0.0
37500,5.0,0,3.0
37501,27.0,0,3.0
37502,29.0,0,-2.0
37503,22.0,0,4.0
37504,31.0,1,0.0
37505,31.0,0,0.0
37506,31.0,0,0.0
37507,0.0,0,0.0
37508,3.0,1,3.0
37509,1.0,1,1.0
37510,30.0,0,1.0
37511,24.0,0,1.0
37512,29.0,0,2.0
37513,20.0,0,1.0
37514,31.0,1,0.0
37515,3.0,1,3.0
37516,0.0,0,0.0
37517,3.0,1,3.0
37518,31.0,0,0.0
37519,0.0,0,6.0
37520,31.0,1,0.0
37521,0.0,0,0.0
37522,23.0,0,0.0
37523,25.0,0,-1.0
37524,0.0,1,0.0
37525,19.0,0,1.0
37526,26.0,0,1.0
37527,0.0,0,0.0
37528,31.0,0,0.0
37529,5.0,0,1.0
37530,0.0,0,2.0
37531,3.0,1,3.0
37532,21.0,0,1.0
37533,31.0,0,0.0
37534,13.0,0,4.0
37535,31.0,1,0.0
37536,0.0,0,0.0
37537,20.0,1,-1.0
37538,27.0,0,-1.0
37539,23.0,1,3.0
37540,13.0,0,4.0
37541,28.0,0,3.0
37542,31.0,0,-1.0
37543,31.0,0,0.0
37544,21.0,0,1.0
37545,0.0,0,4.0
37546,31.0,0,-1.0
37547,25.0,0,4.0
37548,22.0,0,0.0
37549,31.0,0,0.0
37550,21.0,0,1.0
37551,31.0,0,0.0
37552,23.0,0,1.0
37553,7.0,0,2.0
37554,0.0,0,4.0
37555,0.0,0,1.0
37556,31.0,0,-0.0
37557,27.0,1,3.0
37558,11.0,0,-1.0
37559,30.0,0,1.0
37560,24.0,0,-1.0
37561,31.0,0,-1.0
37562,31.0,0,-2.0
37563,31.0,0,0.0
37564,0.0,0,3.0
37565,27.0,0,1.0
37566,31.0,0,-0.0
37567,21.0,0,2.0
37568,7.0,0,1.0
37569,30.0,0,1.0
37570,0.0,0,2.0
37571,28.0,0,-3.0
37572,26.0,0,3.0
37573,22.0,0,2.0
37574,31.0,0,0.0
37575,30.0,0,1.0
37576,31.0,1,2.0
37577,22.0,0,0.0
37578,0.0,0,0.0
37579,31.0,1,0.0
37580,18.0,0,0.0
37581,23.0,1,2.0
37582,21.0,0,4.0
37583,31.0,0,0.0
37584,15.0,1,1.0
37585,22.0,0,1.0
37586,28.0,1,-3.0
37587,27.0,0,3.0
37588,11.0,0,-0.0
37589,0.0,0,0.0
37590,10.0,0,-1.0
37591,28.0,0,1.0
37592,31.0,0,0.0
37593,27.0,1,1.0
37594,21.0,0,1.0
37595,31.0,0,0.0
37596,18.0,1,4.0
37597,23.0,1,3.0
37598,15.0,0,-0.0
37599,0.0,0,1.0
37600,29.0,0,1.0
37601,19.0,0,4.0
37602,20.0,1,4.0
37603,28.0,1,-1.0
37604,31.0,0,0.0
37605,24.0,0,1.0
37606,0.0,0,4.0
37607,0.0,0,0.0
37608,16.0,0,0.0
37609,4.0,0,-2.0
37610,26.0,0,-0.0
37611,31.0,0,0.0
37612,27.0,0,3.0
37613,5.0,0,0.0
37614,31.0,1,1.0
37615,28.0,1,-2.0
37616,0.0,0,0.0
37617,10.0,0,1.0
37618,23.0,1,0.0
37619,31.0,0,0.0
37620,5.0,1,0.0
37621,17.0,0,2.0
37622,19.0,0,1.0
37623,7.0,1,5.0
37624,31.0,1,0.0
37625,0.0,0,0.0
37626,4.0,1,4.0
37627,0.0,0,3.0
37628,0.0,0,0.0
37629,28.0,1,-1.0
37630,0.0,0,0.0
37631,29.0,0,2.0
37632,17.0,0,2.0
37633,26.0,0,2.0
37634,30.0,0,1.0
37635,26.0,0,1.0
37636,0.0,0,3.0
37637,29.0,0,2.0
37638,0.0,0,2.0
37639,25.0,0,2.0
37640,16.0,0,-0.0
37641,29.0,1,-1.0
37642,0.0,0,0.0
37643,29.0,0,1.0
37644,0.0,1,0.0
37645,17.0,1,-1.0
37646,31.0,1,0.0
37647,24.0,0,4.0
37648,31.0,1,0.0
37649,0.0,0,0.0
37650,7.0,1,2.0
37651,25.0,0,3.0
37652,0.0,0,0.0
37653,31.0,0,0.0
37654,30.0,0,-1.0
37655,31.0,0,-0.0
37656,24.0,0,-2.0
37657,31.0,0,0.0
37658,18.0,0,3.0
37659,31.0,0,0.0
37660,5.0,0,1.0
37661,29.0,1,1.0
37662,31.0,0,0.0
37663,28.0,0,-2.0
37664,0.0,1,0.0
37665,0.0,0,0.0
37666,15.0,1,4.0
37667,18.0,0,4.0
37668,27.0,0,1.0
37669,12.0,0,2.0
37670,26.0,0,-0.0
37671,31.0,0,0.0
37672,31.0,0,0.0
37673,21.0,0,2.0
37674,7.0,1,1.0
37675,10.0,0,-0.0
37676,30.0,0,0.0
37677,28.0,1,3.0
37678,0.0,0,2.0
37679,28.0,0,2.0
37680,0.0,0,0.0
37681,22.0,0,5.0
37682,31.0,1,0.0
37683,21.0,1,-2.0
37684,31.0,1,0.0
37685,30.0,0,1.0
37686,28.0,0,0.0
37687,0.0,0,0.0
37688,4.0,0,0.0
37689,30.0,1,-1.0
37690,22.0,0,3.0
37691,0.0,0,0.0
37692,31.0,0,0.0
37693,31.0,0,0.0
37694,30.0,0,1.0
37695,20.0,0,-0.0
37696,17.0,0,1.0
37697,31.0,0,0.0
37698,0.0,0,0.0
37699,8.0,0,1.0
37700,29.0,0,1.0
37701,21.0,0,3.0
37702,28.0,1,2.0
37703,18.0,0,3.0
37704,23.0,0,1.0
37705,31.0,0,0.0
37706,25.0,0,2.0
37707,28.0,0,3.0
37708,20.0,0,2.0
37709,31.0,1,0.0
37710,0.0,0,5.0
37711,0.0,0,2.0
37712,20.0,0,1.0
37713,0.0,0,0.0
37714,13.0,0,2.0
37715,22.0,0,4.0
37716,18.0,0,-0.0
37717,22.0,1,1.0
37718,29.0,0,2.0
37719,23.0,0,2.0
37720,19.0,0,1.0
37721,31.0,0,-0.0
37722,26.0,0,3.0
37723,0.0,0,3.0
37724,23.0,0,5.0
37725,20.0,0,3.0
37726,0.0,0,5.0
37727,28.0,0,3.0
37728,31.0,0,-0.0
37729,24.0,0,2.0
37730,23.0,0,3.0
37731,31.0,0,-1.0
37732,31.0,1,2.0
37733,6.0,0,1.0
37734,20.0,0,2.0
37735,19.0,0,3.0
37736,27.0,1,-0.0
37737,13.0,0,-2.0
37738,31.0,1,2.0
37739,0.0,0,1.0
37740,16.0,0,2.0
37741,22.0,0,1.0
37742,0.0,0,1.0
37743,25.0,0,-1.0
37744,0.0,0,1.0
37745,0.0,0,0.0
37746,0.0,1,0.0
37747,0.0,0,0.0
37748,31.0,1,0.0
37749,25.0,0,-2.0
37750,0.0,0,0.0
37751,0.0,1,0.0
37752,14.0,0,2.0
37753,31.0,0,0.0
37754,0.0,0,3.0
37755,31.0,0,0.0
37756,0.0,0,1.0
37757,0.0,0,1.0
37758,24.0,0,0.0
37759,23.0,1,-2.0
37760,24.0,0,2.0
37761,28.0,1,1.0
37762,28.0,0,3.0
37763,0.0,0,0.0
37764,28.0,1,0.0
37765,25.0,0,2.0
37766,0.0,0,1.0
37767,29.0,0,2.0
37768,28.0,0,3.0
37769,29.0,0,2.0
37770,30.0,0,1.0
37771,12.0,0,2.0
37772,29.0,1,-0.0
37773,0.0,0,2.0
37774,29.0,0,2.0
37775,27.0,1,3.0
37776,0.0,0,0.0
37777,28.0,1,0.0
37778,24.0,0,2.0
37779,30.0,0,1.0
37780,19.0,0,-1.0
37781,0.0,0,0.0
37782,30.0,0,0.0
37783,31.0,0,0.0
37784,23.0,0,-0.0
37785,0.0,0,2.0
37786,22.0,0,5.0
37787,15.0,0,7.0
37788,31.0,0,-0.0
37789,27.0,0,4.0
37790,24.0,1,2.0
37791,31.0,0,0.0
37792,31.0,0,0.0
37793,6.0,0,1.0
37794,28.0,1,1.0
37795,17.0,1,1.0
37796,6.0,1,1.0
37797,0.0,0,2.0
37798,0.0,1,0.0
37799,27.0,0,0.0
37800,3.0,0,3.0
37801,0.0,0,1.0
37802,28.0,0,3.0
37803,27.0,0,-1.0
37804,15.0,0,0.0
37805,29.0,0,-2.0
37806,18.0,0,1.0
37807,23.0,0,0.0
37808,31.0,0,0.0
37809,28.0,0,3.0
37810,31.0,0,0.0
37811,19.0,0,3.0
37812,7.0,0,1.0
37813,0.0,0,0.0
37814,30.0,0,0.0
37815,28.0,0,1.0
37816,31.0,1,0.0
37817,30.0,0,1.0
37818,28.0,0,-3.0
37819,6.0,0,-0.0
37820,7.0,0,-0.0
37821,28.0,1,1.0
37822,28.0,0,1.0
37823,19.0,0,-1.0
37824,13.0,0,-0.0
37825,31.0,0,0.0
37826,6.0,0,-0.0
37827,22.0,0,1.0
37828,12.0,0,2.0
37829,27.0,1,1.0
37830,30.0,0,-1.0
37831,31.0,1,2.0
37832,0.0,0,0.0
37833,0.0,0,0.0
37834,16.0,0,1.0
37835,31.0,0,0.0
37836,10.0,0,-1.0
37837,15.0,0,1.0
37838,11.0,1,2.0
37839,0.0,0,3.0
37840,24.0,0,4.0
37841,1.0,0,-1.0
37842,7.0,0,-3.0
37843,21.0,0,3.0
37844,6.0,0,3.0
37845,0.0,0,1.0
37846,0.0,0,0.0
37847,21.0,1,1.0
37848,0.0,0,0.0
37849,25.0,0,1.0
37850,0.0,0,1.0
37851,20.0,0,3.0
37852,30.0,0,1.0
37853,0.0,0,5.0
37854,31.0,0,0.0
37855,18.0,0,1.0
37856,3.0,1,3.0
37857,31.0,0,0.0
37858,0.0,0,6.0
37859,30.0,1,1.0
37860,8.0,1,2.0
37861,31.0,0,0.0
37862,14.0,0,-0.0
37863,0.0,0,2.0
37864,30.0,0,1.0
37865,0.0,0,4.0
37866,26.0,0,-2.0
37867,22.0,0,5.0
37868,12.0,0,6.0
37869,31.0,0,0.0
37870,31.0,0,0.0
37871,23.0,0,4.0
37872,22.0,0,-0.0
37873,22.0,0,2.0
37874,1.0,1,1.0
37875,11.0,0,1.0
37876,17.0,0,0.0
37877,30.0,0,1.0
37878,0.0,0,1.0
37879,31.0,0,0.0
37880,28.0,0,1.0
37881,3.0,0,0.0
37882,20.0,0,1.0
37883,25.0,0,-0.0
37884,0.0,0,0.0
37885,0.0,0,0.0
37886,31.0,0,0.0
37887,27.0,0,4.0
37888,25.0,0,1.0
37889,0.0,0,0.0
37890,0.0,0,4.0
37891,27.0,0,1.0
37892,1.0,0,-1.0
37893,30.0,0,1.0
37894,27.0,0,2.0
37895,25.0,0,6.0
37896,30.0,0,1.0
37897,30.0,0,1.0
37898,1.0,1,1.0
37899,25.0,0,3.0
37900,31.0,0,0.0
37901,31.0,0,0.0
37902,27.0,1,1.0
37903,31.0,0,0.0
37904,0.0,0,0.0
37905,3.0,0,2.0
37906,28.0,0,3.0
37907,8.0,1,2.0
37908,30.0,0,-0.0
37909,0.0,1,0.0
37910,0.0,0,2.0
37911,29.0,1,4.0
37912,0.0,0,0.0
37913,18.0,0,5.0
37914,0.0,0,0.0
37915,25.0,0,1.0
37916,10.0,0,3.0
37917,31.0,0,0.0
37918,30.0,0,0.0
37919,25.0,0,3.0
37920,0.0,0,3.0
37921,0.0,0,0.0
37922,0.0,0,1.0
37923,31.0,0,-0.0
37924,31.0,1,1.0
37925,0.0,0,1.0
37926,0.0,0,2.0
37927,0.0,0,2.0
37928,3.0,1,3.0
37929,0.0,0,0.0
37930,26.0,0,2.0
37931,31.0,0,0.0
37932,27.0,0,4.0
37933,2.0,0,1.0
37934,31.0,1,0.0
37935,0.0,0,3.0
37936,0.0,1,0.0
37937,14.0,1,-0.0
37938,24.0,0,-0.0
37939,8.0,0,3.0
37940,31.0,1,2.0
37941,29.0,0,2.0
37942,0.0,0,2.0
37943,31.0,1,2.0
37944,0.0,0,5.0
37945,29.0,0,-2.0
37946,17.0,0,-1.0
37947,13.0,0,3.0
37948,1.0,1,1.0
37949,0.0,0,0.0
37950,30.0,1,2.0
37951,5.0,0,-1.0
37952,0.0,1,0.0
37953,31.0,1,0.0
37954,31.0,0,0.0
37955,24.0,0,5.0
37956,31.0,0,0.0
37957,22.0,0,0.0
37958,20.0,0,0.0
37959,29.0,1,0.0
37960,0.0,0,0.0
37961,10.0,0,-0.0
37962,0.0,0,1.0
37963,15.0,1,3.0
37964,11.0,0,4.0
37965,26.0,0,-0.0
37966,16.0,0,2.0
37967,21.0,0,-1.0
37968,0.0,0,0.0
37969,28.0,0,2.0
37970,30.0,0,1.0
37971,31.0,0,0.0
37972,0.0,0,0.0
37973,29.0,0,-1.0
37974,31.0,0,0.0
37975,31.0,0,0.0
37976,0.0,0,2.0
37977,31.0,0,0.0
37978,0.0,0,1.0
37979,29.0,0,2.0
37980,20.0,0,3.0
37981,27.0,0,0.0
37982,31.0,1,2.0
37983,23.0,0,0.0
37984,20.0,0,2.0
37985,31.0,0,0.0
37986,31.0,1,0.0
37987,31.0,0,0.0
37988,27.0,0,1.0
37989,0.0,0,1.0
37990,6.0,1,6.0
37991,31.0,0,0.0
37992,30.0,0,0.0
37993,0.0,0,3.0
37994,0.0,0,0.0
37995,31.0,0,0.0
37996,15.0,0,2.0
37997,0.0,0,1.0
37998,27.0,1,1.0
37999,31.0,0,0.0
38000,16.0,0,0.0
38001,29.0,1,2.0
38002,0.0,0,0.0
38003,0.0,0,2.0
38004,31.0,0,0.0
38005,0.0,0,0.0
38006,22.0,0,2.0
38007,0.0,0,3.0
38008,29.0,0,1.0
38009,0.0,0,0.0
38010,28.0,1,1.0
38011,24.0,0,2.0
38012,20.0,0,0.0
38013,21.0,0,-0.0
38014,25.0,0,2.0
38015,29.0,0,2.0
38016,24.0,0,1.0
38017,31.0,0,0.0
38018,26.0,0,2.0
38019,28.0,0,1.0
38020,22.0,0,-0.0
38021,28.0,0,3.0
38022,6.0,1,2.0
38023,0.0,0,1.0
38024,28.0,1,-1.0
38025,0.0,0,1.0
38026,23.0,0,2.0
38027,0.0,0,0.0
38028,0.0,0,1.0
38029,31.0,0,0.0
38030,30.0,0,1.0
38031,0.0,0,1.0
38032,31.0,1,0.0
38033,0.0,0,0.0
38034,1.0,1,1.0
38035,9.0,0,3.0
38036,31.0,0,0.0
38037,0.0,1,0.0
38038,22.0,0,0.0
38039,12.0,0,-1.0
38040,21.0,0,1.0
38041,18.0,0,1.0
38042,27.0,0,1.0
38043,19.0,1,-0.0
38044,0.0,0,0.0
38045,20.0,0,2.0
38046,30.0,1,1.0
38047,30.0,0,1.0
38048,31.0,0,0.0
38049,31.0,1,0.0
38050,0.0,0,0.0
38051,31.0,0,0.0
38052,23.0,1,5.0
38053,31.0,0,0.0
38054,24.0,0,0.0
38055,31.0,0,-3.0
38056,0.0,0,3.0
38057,0.0,0,0.0
38058,0.0,0,3.0
38059,27.0,1,-4.0
38060,0.0,0,1.0
38061,2.0,0,3.0
38062,31.0,0,0.0
38063,31.0,1,0.0
38064,11.0,0,2.0
38065,27.0,0,2.0
38066,14.0,0,3.0
38067,15.0,0,3.0
38068,27.0,0,1.0
38069,31.0,1,1.0
38070,28.0,0,1.0
38071,30.0,1,-1.0
38072,24.0,0,3.0
38073,18.0,1,1.0
38074,30.0,0,0.0
38075,23.0,0,3.0
38076,0.0,0,0.0
38077,9.0,1,-0.0
38078,12.0,0,1.0
38079,30.0,0,1.0
38080,8.0,0,1.0
38081,0.0,0,0.0
38082,31.0,1,0.0
38083,18.0,0,3.0
38084,20.0,0,3.0
38085,31.0,0,0.0
38086,0.0,0,0.0
38087,31.0,0,0.0
38088,17.0,0,1.0
38089,0.0,0,2.0
38090,31.0,0,0.0
38091,25.0,0,1.0
38092,0.0,0,1.0
38093,30.0,1,-1.0
38094,31.0,0,0.0
38095,0.0,0,3.0
38096,0.0,0,0.0
38097,31.0,1,0.0
38098,0.0,0,4.0
38099,0.0,0,0.0
38100,19.0,0,2.0
38101,0.0,0,0.0
38102,3.0,0,0.0
38103,29.0,1,1.0
38104,31.0,1,0.0
38105,9.0,1,2.0
38106,25.0,0,0.0
38107,23.0,1,3.0
38108,2.0,1,2.0
38109,0.0,0,1.0
38110,4.0,0,0.0
38111,0.0,0,1.0
38112,27.0,0,1.0
38113,31.0,0,0.0
38114,0.0,0,3.0
38115,0.0,0,0.0
38116,31.0,0,-0.0
38117,31.0,0,0.0
38118,22.0,0,0.0
38119,17.0,0,0.0
38120,30.0,0,1.0
38121,30.0,0,1.0
38122,0.0,0,3.0
38123,28.0,1,2.0
38124,29.0,0,2.0
38125,5.0,0,3.0
38126,31.0,1,0.0
38127,0.0,0,0.0
38128,17.0,0,1.0
38129,31.0,0,-3.0
38130,19.0,0,0.0
38131,0.0,0,2.0
38132,12.0,0,2.0
38133,31.0,1,1.0
38134,0.0,0,1.0
38135,27.0,0,-0.0
38136,31.0,1,0.0
38137,0.0,0,0.0
38138,0.0,0,0.0
38139,31.0,0,-2.0
38140,30.0,0,0.0
38141,24.0,0,1.0
38142,27.0,0,4.0
38143,24.0,0,0.0
38144,0.0,0,0.0
38145,29.0,0,-1.0
38146,0.0,0,3.0
38147,10.0,0,0.0
38148,31.0,0,0.0
38149,0.0,0,1.0
38150,0.0,0,3.0
38151,25.0,0,-1.0
38152,0.0,0,6.0
38153,10.0,0,3.0
38154,0.0,1,0.0
38155,31.0,0,0.0
38156,0.0,0,0.0
38157,31.0,0,0.0
38158,8.0,1,2.0
38159,0.0,0,0.0
38160,31.0,0,-0.0
38161,0.0,0,3.0
38162,25.0,1,2.0
38163,31.0,0,0.0
38164,0.0,0,0.0
38165,10.0,0,1.0
38166,28.0,0,3.0
38167,24.0,0,0.0
38168,23.0,0,1.0
38169,31.0,0,0.0
38170,0.0,0,0.0
38171,0.0,0,6.0
38172,19.0,0,2.0
38173,3.0,0,-1.0
38174,7.0,0,2.0
38175,30.0,0,1.0
38176,28.0,0,3.0
38177,4.0,0,3.0
38178,16.0,0,2.0
38179,27.0,0,2.0
38180,0.0,0,4.0
38181,27.0,0,2.0
38182,26.0,0,3.0
38183,8.0,0,2.0
38184,14.0,1,-1.0
38185,22.0,0,1.0
38186,27.0,0,3.0
38187,30.0,0,1.0
38188,7.0,0,0.0
38189,0.0,0,0.0
38190,22.0,0,4.0
38191,9.0,0,1.0
38192,2.0,1,2.0
38193,30.0,0,0.0
38194,29.0,0,1.0
38195,31.0,0,0.0
38196,0.0,1,0.0
38197,31.0,0,0.0
38198,4.0,1,1.0
38199,30.0,0,-1.0
38200,31.0,0,-0.0
38201,22.0,0,1.0
38202,31.0,0,-1.0
38203,1.0,1,1.0
38204,0.0,0,3.0
38205,29.0,0,-3.0
38206,0.0,0,0.0
38207,25.0,0,3.0
38208,28.0,1,1.0
38209,30.0,1,6.0
38210,31.0,1,1.0
38211,31.0,0,0.0
38212,27.0,0,1.0
38213,21.0,0,3.0
38214,0.0,0,0.0
38215,31.0,0,0.0
38216,26.0,0,1.0
38217,25.0,0,1.0
38218,16.0,0,2.0
38219,31.0,0,0.0
38220,0.0,0,1.0
38221,13.0,1,1.0
38222,17.0,0,1.0
38223,4.0,0,-0.0
38224,0.0,1,0.0
38225,0.0,0,1.0
38226,3.0,1,3.0
38227,30.0,1,2.0
38228,23.0,0,2.0
38229,19.0,0,2.0
38230,0.0,0,2.0
38231,30.0,0,0.0
38232,30.0,1,3.0
38233,26.0,0,0.0
38234,28.0,0,3.0
38235,28.0,0,3.0
38236,0.0,0,0.0
38237,0.0,0,0.0
38238,13.0,0,1.0
38239,31.0,0,0.0
38240,0.0,0,2.0
38241,0.0,1,0.0
38242,26.0,0,0.0
38243,0.0,0,6.0
38244,23.0,0,5.0
38245,22.0,0,3.0
38246,0.0,0,2.0
38247,11.0,0,-0.0
38248,0.0,0,0.0
38249,29.0,1,-0.0
38250,20.0,0,0.0
38251,0.0,0,1.0
38252,31.0,0,0.0
38253,0.0,0,0.0
38254,0.0,0,0.0
38255,23.0,1,2.0
38256,0.0,0,0.0
38257,29.0,0,1.0
38258,17.0,1,-1.0
38259,21.0,0,2.0
38260,18.0,1,1.0
38261,27.0,0,1.0
38262,20.0,0,-2.0
38263,22.0,0,1.0
38264,31.0,0,0.0
38265,0.0,0,0.0
38266,4.0,0,4.0
38267,30.0,1,2.0
38268,23.0,0,5.0
38269,11.0,1,-0.0
38270,1.0,0,-1.0
38271,0.0,0,5.0
38272,30.0,0,1.0
38273,27.0,0,2.0
38274,27.0,1,1.0
38275,30.0,0,1.0
38276,6.0,0,-0.0
38277,17.0,0,0.0
38278,1.0,1,1.0
38279,31.0,0,0.0
38280,25.0,0,2.0
38281,27.0,0,-0.0
38282,31.0,0,0.0
38283,5.0,1,3.0
38284,31.0,1,0.0
38285,0.0,0,4.0
38286,18.0,1,3.0
38287,30.0,0,1.0
38288,15.0,0,1.0
38289,8.0,0,0.0
38290,30.0,0,-2.0
38291,28.0,0,-1.0
38292,13.0,0,-2.0
38293,17.0,0,1.0
38294,22.0,0,3.0
38295,13.0,0,-0.0
38296,21.0,0,0.0
38297,5.0,0,0.0
38298,14.0,1,1.0
38299,26.0,0,3.0
38300,18.0,0,1.0
38301,26.0,0,0.0
38302,28.0,0,1.0
38303,23.0,1,-0.0
38304,0.0,1,0.0
38305,8.0,0,3.0
38306,16.0,0,2.0
38307,31.0,0,0.0
38308,0.0,0,0.0
38309,23.0,0,0.0
38310,24.0,0,-3.0
38311,1.0,1,1.0
38312,0.0,1,0.0
38313,0.0,0,0.0
38314,31.0,0,0.0
38315,2.0,1,2.0
38316,24.0,0,4.0
38317,21.0,0,1.0
38318,23.0,0,1.0
38319,29.0,0,2.0
38320,31.0,0,0.0
38321,4.0,0,2.0
38322,0.0,0,0.0
38323,25.0,1,1.0
38324,24.0,0,-1.0
38325,0.0,0,4.0
38326,29.0,0,2.0
38327,29.0,0,2.0
38328,0.0,0,2.0
38329,29.0,0,2.0
38330,31.0,0,0.0
38331,0.0,0,3.0
38332,31.0,0,0.0
38333,2.0,1,2.0
38334,30.0,0,1.0
38335,31.0,1,0.0
38336,0.0,1,0.0
38337,22.0,1,-3.0
38338,31.0,0,0.0
38339,2.0,1,2.0
38340,15.0,0,3.0
38341,0.0,0,1.0
38342,31.0,0,0.0
38343,16.0,1,1.0
38344,0.0,0,2.0
38345,0.0,0,0.0
38346,17.0,1,1.0
38347,26.0,0,4.0
38348,24.0,0,0.0
38349,1.0,1,-1.0
38350,27.0,0,2.0
38351,31.0,0,0.0
38352,0.0,0,0.0
38353,9.0,0,-3.0
38354,0.0,0,0.0
38355,0.0,0,0.0
38356,16.0,0,1.0
38357,21.0,0,4.0
38358,31.0,1,1.0
38359,0.0,0,0.0
38360,0.0,0,0.0
38361,24.0,0,3.0
38362,28.0,0,1.0
38363,0.0,0,0.0
38364,31.0,0,0.0
38365,31.0,0,0.0
38366,0.0,0,2.0
38367,26.0,0,1.0
38368,22.0,0,2.0
38369,0.0,0,2.0
38370,29.0,1,-0.0
38371,31.0,0,0.0
38372,0.0,0,0.0
38373,18.0,0,3.0
38374,31.0,0,-0.0
38375,30.0,0,-0.0
38376,31.0,0,-0.0
38377,23.0,1,2.0
38378,0.0,0,2.0
38379,31.0,0,0.0
38380,29.0,0,-1.0
38381,31.0,0,0.0
38382,0.0,0,2.0
38383,0.0,1,0.0
38384,0.0,0,0.0
38385,0.0,0,1.0
38386,2.0,0,-0.0
38387,28.0,0,1.0
38388,31.0,0,0.0
38389,31.0,0,0.0
38390,31.0,0,0.0
38391,27.0,0,1.0
38392,28.0,0,1.0
38393,27.0,0,2.0
38394,0.0,0,1.0
38395,27.0,0,3.0
38396,31.0,0,0.0
38397,0.0,0,0.0
38398,11.0,0,5.0
38399,15.0,0,1.0
38400,0.0,0,0.0
38401,31.0,0,-1.0
38402,23.0,1,0.0
38403,0.0,0,1.0
38404,31.0,0,0.0
38405,24.0,0,1.0
38406,10.0,0,-1.0
38407,0.0,0,3.0
38408,28.0,0,2.0
38409,23.0,1,1.0
38410,12.0,0,1.0
38411,29.0,1,3.0
38412,4.0,0,1.0
38413,27.0,1,2.0
38414,1.0,0,-1.0
38415,31.0,1,1.0
38416,20.0,0,1.0
38417,30.0,1,1.0
38418,31.0,1,3.0
38419,30.0,0,1.0
38420,0.0,0,1.0
38421,31.0,1,1.0
38422,31.0,1,0.0
38423,8.0,0,4.0
38424,0.0,0,2.0
38425,0.0,0,1.0
38426,0.0,0,2.0
38427,0.0,0,1.0
38428,27.0,0,-4.0
38429,0.0,0,0.0
38430,30.0,0,0.0
38431,31.0,0,0.0
38432,28.0,0,1.0
38433,0.0,0,1.0
38434,12.0,0,1.0
38435,9.0,0,0.0
38436,5.0,0,4.0
38437,0.0,0,2.0
38438,25.0,0,1.0
38439,29.0,0,2.0
38440,31.0,1,0.0
38441,29.0,0,-0.0
38442,24.0,0,1.0
38443,0.0,0,3.0
38444,30.0,0,1.0
38445,0.0,0,4.0
38446,14.0,0,2.0
38447,28.0,0,1.0
38448,0.0,0,0.0
38449,31.0,0,0.0
38450,23.0,0,-0.0
38451,0.0,0,0.0
38452,30.0,1,1.0
38453,28.0,0,1.0
38454,27.0,0,3.0
38455,2.0,1,2.0
38456,12.0,0,-0.0
38457,9.0,0,1.0
38458,23.0,0,2.0
38459,22.0,0,2.0
38460,18.0,0,4.0
38461,9.0,1,-0.0
38462,27.0,0,-0.0
38463,0.0,1,0.0
38464,31.0,0,0.0
38465,0.0,0,3.0
38466,0.0,0,1.0
38467,0.0,0,0.0
38468,29.0,0,-0.0
38469,31.0,0,-2.0
38470,0.0,0,0.0
38471,0.0,0,0.0
38472,25.0,0,4.0
38473,4.0,1,4.0
38474,27.0,0,3.0
38475,31.0,0,-1.0
38476,30.0,0,-1.0
38477,8.0,0,1.0
38478,17.0,0,0.0
38479,26.0,0,2.0
38480,17.0,1,3.0
38481,13.0,0,-1.0
38482,0.0,0,1.0
38483,18.0,0,-1.0
38484,30.0,0,1.0
38485,0.0,0,0.0
38486,0.0,0,2.0
38487,16.0,0,3.0
38488,31.0,0,0.0
38489,0.0,0,0.0
38490,11.0,1,3.0
38491,31.0,0,0.0
38492,20.0,0,0.0
38493,16.0,0,4.0
38494,31.0,1,0.0
38495,0.0,0,1.0
38496,24.0,0,3.0
38497,8.0,1,1.0
38498,31.0,1,0.0
38499,31.0,0,0.0
38500,0.0,0,0.0
38501,7.0,1,-0.0
38502,0.0,0,5.0
38503,19.0,1,3.0
38504,22.0,0,-0.0
38505,0.0,0,1.0
38506,31.0,1,2.0
38507,11.0,0,1.0
38508,26.0,0,4.0
38509,31.0,1,3.0
38510,6.0,0,3.0
38511,29.0,0,1.0
38512,24.0,0,2.0
38513,30.0,1,-1.0
38514,22.0,0,-2.0
38515,25.0,1,3.0
38516,29.0,0,2.0
38517,31.0,0,0.0
38518,13.0,0,4.0
38519,0.0,0,0.0
38520,27.0,0,4.0
38521,0.0,1,0.0
38522,13.0,0,-1.0
38523,28.0,0,2.0
38524,0.0,0,3.0
38525,6.0,0,1.0
38526,0.0,0,3.0
38527,16.0,0,3.0
38528,10.0,0,2.0
38529,1.0,0,-1.0
38530,0.0,0,0.0
38531,31.0,1,0.0
38532,31.0,0,-0.0
38533,24.0,0,2.0
38534,28.0,0,3.0
38535,28.0,0,3.0
38536,16.0,0,0.0
38537,0.0,1,-1.0
38538,1.0,0,-1.0
38539,25.0,0,1.0
38540,6.0,1,4.0
38541,26.0,0,2.0
38542,19.0,0,2.0
38543,27.0,0,4.0
38544,23.0,0,2.0
38545,15.0,0,0.0
38546,24.0,0,2.0
38547,29.0,0,2.0
38548,15.0,0,3.0
38549,16.0,1,1.0
38550,3.0,1,3.0
38551,31.0,1,5.0
38552,0.0,0,0.0
38553,15.0,0,3.0
38554,0.0,0,1.0
38555,31.0,0,0.0
38556,31.0,1,2.0
38557,0.0,0,2.0
38558,31.0,0,0.0
38559,27.0,1,1.0
38560,3.0,1,3.0
38561,31.0,1,0.0
38562,28.0,0,-1.0
38563,28.0,0,2.0
38564,30.0,0,1.0
38565,31.0,0,-1.0
38566,31.0,0,-2.0
38567,7.0,0,-3.0
38568,0.0,1,0.0
38569,0.0,0,4.0
38570,23.0,0,-1.0
38571,31.0,0,0.0
38572,0.0,1,0.0
38573,31.0,0,0.0
38574,0.0,0,2.0
38575,15.0,0,-3.0
38576,0.0,0,0.0
38577,16.0,0,-0.0
38578,0.0,0,1.0
38579,9.0,0,-1.0
38580,2.0,0,1.0
38581,17.0,0,3.0
38582,31.0,0,-1.0
38583,19.0,1,-1.0
38584,28.0,1,4.0
38585,5.0,0,4.0
38586,26.0,0,2.0
38587,16.0,1,-1.0
38588,31.0,1,0.0
38589,26.0,1,3.0
38590,31.0,1,2.0
38591,30.0,0,1.0
38592,30.0,0,1.0
38593,0.0,0,0.0
38594,27.0,0,4.0
38595,0.0,0,2.0
38596,26.0,0,3.0
38597,30.0,0,-1.0
38598,0.0,0,0.0
38599,31.0,1,2.0
38600,31.0,0,0.0
38601,0.0,0,5.0
38602,26.0,0,-1.0
38603,10.0,1,2.0
38604,0.0,0,0.0
38605,14.0,0,-1.0
38606,0.0,0,0.0
38607,31.0,0,-0.0
38608,28.0,1,5.0
38609,27.0,0,3.0
38610,31.0,0,0.0
38611,30.0,0,1.0
38612,29.0,0,2.0
38613,1.0,1,1.0
38614,0.0,0,4.0
38615,20.0,1,-0.0
38616,14.0,1,-0.0
38617,0.0,0,0.0
38618,29.0,0,2.0
38619,15.0,0,2.0
38620,16.0,0,4.0
38621,0.0,1,0.0
38622,31.0,0,0.0
38623,19.0,1,1.0
38624,0.0,0,2.0
38625,0.0,0,0.0
38626,30.0,0,-2.0
38627,8.0,1,1.0
38628,14.0,0,3.0
38629,0.0,0,2.0
38630,26.0,0,5.0
38631,0.0,0,7.0
38632,0.0,0,3.0
38633,17.0,0,5.0
38634,0.0,0,1.0
38635,28.0,0,3.0
38636,31.0,0,0.0
38637,28.0,0,2.0
38638,20.0,0,0.0
38639,21.0,0,1.0
38640,31.0,0,0.0
38641,30.0,0,1.0
38642,26.0,0,3.0
38643,0.0,0,0.0
38644,29.0,0,2.0
38645,0.0,0,2.0
38646,26.0,0,1.0
38647,31.0,0,0.0
38648,0.0,0,0.0
38649,31.0,0,0.0
38650,0.0,0,1.0
38651,0.0,0,4.0
38652,0.0,0,1.0
38653,0.0,0,3.0
38654,15.0,0,1.0
38655,29.0,1,3.0
38656,30.0,0,1.0
38657,18.0,0,-0.0
38658,25.0,0,5.0
38659,31.0,0,0.0
38660,31.0,0,0.0
38661,0.0,0,0.0
38662,0.0,0,2.0
38663,25.0,0,1.0
38664,26.0,1,3.0
38665,21.0,0,-1.0
38666,31.0,1,-0.0
38667,19.0,0,1.0
38668,2.0,0,-1.0
38669,0.0,0,1.0
38670,0.0,0,0.0
38671,0.0,0,4.0
38672,28.0,0,3.0
38673,9.0,1,4.0
38674,31.0,0,0.0
38675,26.0,0,3.0
38676,27.0,1,1.0
38677,16.0,0,3.0
38678,27.0,0,1.0
38679,31.0,0,0.0
38680,19.0,0,-0.0
38681,2.0,0,-2.0
38682,12.0,0,1.0
38683,0.0,0,0.0
38684,31.0,0,-2.0
38685,23.0,1,2.0
38686,29.0,0,-1.0
38687,31.0,0,0.0
38688,19.0,1,4.0
38689,31.0,0,0.0
38690,29.0,0,1.0
38691,13.0,0,3.0
38692,0.0,1,0.0
38693,26.0,1,1.0
38694,31.0,0,0.0
38695,0.0,0,0.0
38696,29.0,0,-4.0
38697,0.0,0,2.0
38698,0.0,0,0.0
38699,3.0,0,0.0
38700,24.0,0,3.0
38701,10.0,0,-1.0
38702,19.0,0,2.0
38703,0.0,1,0.0
38704,29.0,0,2.0
38705,0.0,0,5.0
38706,18.0,0,1.0
38707,29.0,0,2.0
38708,31.0,0,-1.0
38709,0.0,0,0.0
38710,19.0,0,0.0
38711,31.0,0,0.0
38712,26.0,1,3.0
38713,0.0,0,5.0
38714,31.0,0,0.0
38715,0.0,0,1.0
38716,0.0,0,0.0
38717,29.0,0,2.0
38718,20.0,0,3.0
38719,29.0,0,-0.0
38720,30.0,0,1.0
38721,0.0,1,-1.0
38722,31.0,0,-3.0
38723,0.0,0,0.0
38724,31.0,0,-1.0
38725,0.0,0,3.0
38726,0.0,0,0.0
38727,0.0,0,0.0
38728,12.0,0,2.0
38729,0.0,0,0.0
38730,31.0,0,0.0
38731,0.0,0,2.0
38732,31.0,0,0.0
38733,31.0,0,-0.0
38734,31.0,0,0.0
38735,31.0,1,0.0
38736,0.0,0,3.0
38737,0.0,0,2.0
38738,3.0,1,3.0
38739,2.0,1,2.0
38740,0.0,0,0.0
38741,31.0,0,0.0
38742,22.0,0,5.0
38743,27.0,0,2.0
38744,31.0,0,0.0
38745,0.0,0,2.0
38746,0.0,0,3.0
38747,0.0,0,1.0
38748,1.0,1,1.0
38749,24.0,1,3.0
38750,28.0,0,-1.0
38751,0.0,0,0.0
38752,0.0,0,0.0
38753,0.0,0,0.0
38754,13.0,0,2.0
38755,31.0,0,0.0
38756,31.0,0,0.0
38757,0.0,0,1.0
38758,27.0,0,-2.0
38759,15.0,1,3.0
38760,31.0,0,0.0
38761,24.0,1,2.0
38762,30.0,0,1.0
38763,3.0,1,3.0
38764,31.0,1,1.0
38765,0.0,0,2.0
38766,12.0,0,2.0
38767,31.0,1,0.0
38768,29.0,0,1.0
38769,17.0,0,7.0
38770,10.0,0,2.0
38771,0.0,0,0.0
38772,24.0,0,4.0
38773,18.0,0,0.0
38774,25.0,0,3.0
38775,30.0,0,1.0
38776,31.0,1,0.0
38777,5.0,1,5.0
38778,17.0,0,5.0
38779,27.0,0,1.0
38780,31.0,1,0.0
38781,31.0,0,-2.0
38782,0.0,0,3.0
38783,19.0,0,-4.0
38784,0.0,0,0.0
38785,0.0,0,2.0
38786,31.0,0,0.0
38787,25.0,0,2.0
38788,0.0,0,3.0
38789,28.0,1,3.0
38790,0.0,0,1.0
38791,3.0,1,3.0
38792,0.0,0,2.0
38793,18.0,0,1.0
38794,19.0,1,6.0
38795,25.0,0,1.0
38796,16.0,0,7.0
38797,26.0,0,4.0
38798,23.0,0,3.0
38799,31.0,0,0.0
38800,16.0,0,2.0
38801,30.0,0,1.0
38802,0.0,0,1.0
38803,31.0,0,0.0
38804,0.0,0,0.0
38805,3.0,1,3.0
38806,31.0,0,0.0
38807,29.0,0,2.0
38808,4.0,1,1.0
38809,0.0,0,0.0
38810,0.0,0,2.0
38811,23.0,0,-2.0
38812,0.0,0,1.0
38813,22.0,0,-4.0
38814,17.0,0,4.0
38815,29.0,0,-2.0
38816,14.0,0,5.0
38817,10.0,0,2.0
38818,26.0,0,1.0
38819,31.0,0,0.0
38820,25.0,1,2.0
38821,11.0,1,-1.0
38822,31.0,0,0.0
38823,0.0,0,4.0
38824,0.0,0,0.0
38825,26.0,1,3.0
38826,29.0,0,-1.0
38827,6.0,1,3.0
38828,10.0,0,0.0
38829,0.0,0,1.0
38830,30.0,0,1.0
38831,10.0,1,1.0
38832,0.0,0,1.0
38833,13.0,1,-0.0
38834,1.0,0,0.0
38835,30.0,0,1.0
38836,28.0,0,2.0
38837,31.0,0,0.0
38838,14.0,1,3.0
38839,25.0,0,-0.0
38840,31.0,0,-0.0
38841,7.0,1,3.0
38842,23.0,0,2.0
38843,30.0,0,1.0
38844,0.0,0,4.0
38845,0.0,0,3.0
38846,31.0,0,0.0
38847,31.0,1,-0.0
38848,21.0,0,4.0
38849,31.0,0,-2.0
38850,31.0,0,0.0
38851,0.0,0,2.0
38852,0.0,0,1.0
38853,0.0,0,2.0
38854,27.0,0,3.0
38855,31.0,1,0.0
38856,5.0,0,-0.0
38857,0.0,1,0.0
38858,25.0,1,2.0
38859,0.0,0,1.0
38860,31.0,0,0.0
38861,10.0,1,0.0
38862,29.0,0,-1.0
38863,21.0,0,3.0
38864,22.0,0,2.0
38865,10.0,0,-1.0
38866,0.0,0,0.0
38867,21.0,0,2.0
38868,23.0,0,-1.0
38869,0.0,0,1.0
38870,19.0,0,5.0
38871,0.0,0,1.0
38872,25.0,0,5.0
38873,29.0,0,2.0
38874,27.0,1,4.0
38875,20.0,0,3.0
38876,31.0,0,0.0
38877,23.0,0,2.0
38878,0.0,1,0.0
38879,25.0,0,2.0
38880,31.0,1,0.0
38881,0.0,0,2.0
38882,25.0,1,6.0
38883,27.0,0,2.0
38884,0.0,0,0.0
38885,28.0,1,-0.0
38886,18.0,0,3.0
38887,5.0,1,5.0
38888,24.0,0,3.0
38889,2.0,1,2.0
38890,21.0,1,3.0
38891,31.0,0,0.0
38892,19.0,1,1.0
38893,8.0,0,2.0
38894,0.0,0,6.0
38895,31.0,0,0.0
38896,12.0,1,0.0
38897,28.0,1,-1.0
38898,16.0,1,1.0
38899,17.0,0,0.0
38900,31.0,0,0.0
38901,13.0,0,3.0
38902,0.0,0,0.0
38903,0.0,0,0.0
38904,0.0,0,2.0
38905,24.0,0,2.0
38906,0.0,0,0.0
38907,0.0,0,0.0
38908,0.0,0,0.0
38909,26.0,0,2.0
38910,16.0,0,-1.0
38911,31.0,0,-3.0
38912,0.0,0,5.0
38913,31.0,0,0.0
38914,30.0,1,1.0
38915,23.0,0,-2.0
38916,0.0,0,0.0
38917,31.0,0,0.0
38918,26.0,0,2.0
38919,25.0,1,2.0
38920,12.0,0,3.0
38921,0.0,0,2.0
38922,1.0,1,-1.0
38923,19.0,0,2.0
38924,15.0,0,1.0
38925,0.0,0,0.0
38926,29.0,1,1.0
38927,29.0,0,1.0
38928,31.0,1,-0.0
38929,30.0,1,-1.0
38930,28.0,0,3.0
38931,30.0,0,1.0
38932,2.0,1,2.0
38933,30.0,1,1.0
38934,0.0,0,1.0
38935,0.0,0,1.0
38936,24.0,0,-1.0
38937,18.0,0,1.0
38938,23.0,0,1.0
38939,0.0,0,0.0
38940,26.0,0,-2.0
38941,0.0,0,0.0
38942,31.0,0,0.0
38943,0.0,0,0.0
38944,31.0,0,0.0
38945,31.0,0,0.0
38946,31.0,0,0.0
38947,31.0,1,2.0
38948,28.0,0,3.0
38949,1.0,1,1.0
38950,31.0,0,0.0
38951,0.0,0,1.0
38952,0.0,1,0.0
38953,31.0,1,0.0
38954,3.0,1,3.0
38955,0.0,0,1.0
38956,25.0,0,1.0
38957,31.0,0,0.0
38958,31.0,0,0.0
38959,5.0,1,2.0
38960,0.0,1,0.0
38961,28.0,0,2.0
38962,24.0,1,-0.0
38963,31.0,0,0.0
38964,31.0,0,0.0
38965,11.0,0,4.0
38966,0.0,0,3.0
38967,16.0,1,3.0
38968,26.0,1,-0.0
38969,0.0,0,0.0
38970,0.0,0,2.0
38971,30.0,1,3.0
38972,3.0,0,2.0
38973,26.0,0,3.0
38974,31.0,0,0.0
38975,0.0,0,3.0
38976,2.0,0,0.0
38977,15.0,1,3.0
38978,5.0,0,3.0
38979,31.0,0,0.0
38980,0.0,0,0.0
38981,26.0,0,2.0
38982,24.0,0,0.0
38983,2.0,0,2.0
38984,22.0,0,0.0
38985,31.0,0,0.0
38986,0.0,0,1.0
38987,31.0,0,-0.0
38988,0.0,0,1.0
38989,0.0,0,3.0
38990,0.0,0,2.0
38991,27.0,0,-2.0
38992,28.0,0,2.0
38993,12.0,0,-0.0
38994,30.0,0,1.0
38995,0.0,0,1.0
38996,0.0,0,1.0
38997,24.0,0,-0.0
38998,31.0,0,0.0
38999,23.0,0,3.0
39000,21.0,1,2.0
39001,18.0,0,3.0
39002,0.0,0,0.0
39003,22.0,0,0.0
39004,0.0,0,1.0
39005,0.0,0,0.0
39006,31.0,0,0.0
39007,25.0,0,2.0
39008,0.0,0,0.0
39009,9.0,0,1.0
39010,1.0,1,1.0
39011,3.0,0,-2.0
39012,31.0,1,3.0
39013,30.0,0,1.0
39014,31.0,0,0.0
39015,10.0,0,1.0
39016,31.0,0,0.0
39017,9.0,0,-0.0
39018,0.0,0,1.0
39019,14.0,0,1.0
39020,31.0,0,0.0
39021,0.0,0,2.0
39022,30.0,0,1.0
39023,26.0,1,2.0
39024,15.0,0,0.0
39025,20.0,0,1.0
39026,31.0,1,0.0
39027,31.0,0,0.0
39028,0.0,0,1.0
39029,30.0,0,1.0
39030,0.0,0,4.0
39031,26.0,0,0.0
39032,29.0,0,1.0
39033,31.0,0,0.0
39034,27.0,0,2.0
39035,23.0,0,1.0
39036,0.0,1,0.0
39037,0.0,0,1.0
39038,31.0,0,0.0
39039,31.0,0,0.0
39040,24.0,0,2.0
39041,27.0,0,1.0
39042,0.0,0,5.0
39043,30.0,0,1.0
39044,24.0,1,1.0
39045,0.0,0,0.0
39046,0.0,0,2.0
39047,3.0,0,8.0
39048,11.0,0,-1.0
39049,2.0,1,2.0
39050,31.0,1,4.0
39051,2.0,0,1.0
39052,5.0,0,-0.0
39053,22.0,1,-1.0
39054,20.0,0,2.0
39055,13.0,0,2.0
39056,14.0,0,1.0
39057,11.0,0,0.0
39058,29.0,0,2.0
39059,31.0,1,0.0
39060,31.0,0,0.0
39061,31.0,0,0.0
39062,15.0,0,3.0
39063,31.0,0,0.0
39064,31.0,1,3.0
39065,31.0,0,0.0
39066,24.0,0,3.0
39067,31.0,0,0.0
39068,30.0,0,1.0
39069,22.0,0,1.0
39070,27.0,0,4.0
39071,2.0,0,2.0
39072,31.0,0,0.0
39073,9.0,0,-0.0
39074,0.0,0,0.0
39075,22.0,0,1.0
39076,29.0,1,-0.0
39077,29.0,0,2.0
39078,28.0,0,1.0
39079,0.0,0,2.0
39080,0.0,1,0.0
39081,26.0,0,5.0
39082,8.0,0,0.0
39083,0.0,0,3.0
39084,31.0,0,0.0
39085,9.0,0,2.0
39086,29.0,1,7.0
39087,28.0,0,-0.0
39088,29.0,1,1.0
39089,0.0,0,0.0
39090,22.0,0,2.0
39091,23.0,0,1.0
39092,30.0,0,1.0
39093,17.0,0,-4.0
39094,31.0,0,0.0
39095,29.0,0,2.0
39096,8.0,1,1.0
39097,31.0,0,-1.0
39098,19.0,0,-0.0
39099,30.0,0,1.0
39100,0.0,1,0.0
39101,31.0,0,-0.0
39102,17.0,1,1.0
39103,31.0,1,3.0
39104,28.0,0,1.0
39105,5.0,1,3.0
39106,31.0,1,1.0
39107,31.0,0,0.0
39108,0.0,0,1.0
39109,5.0,0,-1.0
39110,15.0,1,1.0
39111,24.0,0,1.0
39112,0.0,1,0.0
39113,31.0,0,0.0
39114,23.0,0,2.0
39115,0.0,0,0.0
39116,29.0,1,2.0
39117,0.0,1,0.0
39118,31.0,0,0.0
39119,20.0,0,0.0
39120,31.0,0,0.0
39121,27.0,0,2.0
39122,3.0,1,3.0
39123,27.0,0,1.0
39124,29.0,0,2.0
39125,27.0,0,1.0
39126,23.0,0,1.0
39127,31.0,0,0.0
39128,2.0,1,2.0
39129,0.0,0,4.0
39130,2.0,1,2.0
39131,27.0,0,2.0
39132,30.0,0,1.0
39133,20.0,1,1.0
39134,31.0,1,0.0
39135,4.0,0,1.0
39136,12.0,0,3.0
39137,31.0,0,0.0
39138,12.0,0,2.0
39139,7.0,0,2.0
39140,22.0,0,2.0
39141,29.0,0,1.0
39142,0.0,0,0.0
39143,0.0,0,3.0
39144,31.0,1,0.0
39145,0.0,0,3.0
39146,22.0,0,3.0
39147,25.0,0,1.0
39148,20.0,0,-0.0
39149,9.0,0,2.0
39150,31.0,0,0.0
39151,0.0,0,1.0
39152,31.0,0,0.0
39153,31.0,0,0.0
39154,30.0,1,4.0
39155,0.0,1,0.0
39156,0.0,0,1.0
39157,9.0,0,0.0
39158,25.0,0,2.0
39159,31.0,0,0.0
39160,0.0,0,0.0
39161,0.0,0,1.0
39162,27.0,0,1.0
39163,30.0,0,1.0
39164,31.0,0,0.0
39165,25.0,0,1.0
39166,0.0,0,3.0
39167,26.0,0,1.0
39168,24.0,0,3.0
39169,0.0,0,1.0
39170,0.0,0,2.0
39171,0.0,0,0.0
39172,31.0,1,1.0
39173,0.0,0,0.0
39174,30.0,0,1.0
39175,24.0,0,1.0
39176,31.0,0,-1.0
39177,3.0,0,-0.0
39178,0.0,1,0.0
39179,0.0,0,3.0
39180,0.0,0,0.0
39181,26.0,0,-0.0
39182,31.0,0,0.0
39183,31.0,1,-0.0
39184,12.0,0,-0.0
39185,29.0,0,2.0
39186,27.0,0,4.0
39187,0.0,0,0.0
39188,31.0,0,0.0
39189,25.0,0,1.0
39190,7.0,0,-1.0
39191,0.0,0,0.0
39192,19.0,0,1.0
39193,9.0,0,1.0
39194,28.0,0,3.0
39195,9.0,0,2.0
39196,31.0,0,-0.0
39197,0.0,0,0.0
39198,31.0,0,-1.0
39199,30.0,0,1.0
39200,31.0,1,0.0
39201,31.0,0,0.0
39202,31.0,0,0.0
39203,28.0,1,-1.0
39204,31.0,0,0.0
39205,0.0,0,0.0
39206,24.0,0,2.0
39207,31.0,0,0.0
39208,25.0,1,0.0
39209,0.0,0,1.0
39210,10.0,0,4.0
39211,0.0,0,1.0
39212,30.0,0,1.0
39213,0.0,0,3.0
39214,29.0,0,2.0
39215,29.0,1,1.0
39216,0.0,0,1.0
39217,26.0,1,1.0
39218,0.0,0,0.0
39219,7.0,0,2.0
39220,18.0,0,3.0
39221,16.0,1,-2.0
39222,0.0,0,2.0
39223,27.0,1,1.0
39224,31.0,0,0.0
39225,24.0,0,3.0
39226,22.0,0,1.0
39227,24.0,1,1.0
39228,30.0,0,1.0
39229,2.0,1,2.0
39230,31.0,1,2.0
39231,10.0,0,2.0
39232,31.0,0,0.0
39233,31.0,0,0.0
39234,0.0,0,0.0
39235,0.0,0,0.0
39236,0.0,0,3.0
39237,0.0,0,2.0
39238,22.0,0,3.0
39239,31.0,0,0.0
39240,0.0,0,0.0
39241,28.0,1,1.0
39242,31.0,1,0.0
39243,30.0,0,0.0
39244,0.0,0,1.0
39245,31.0,0,0.0
39246,0.0,0,0.0
39247,29.0,0,1.0
39248,23.0,0,2.0
39249,0.0,0,2.0
39250,30.0,0,-0.0
39251,22.0,0,3.0
39252,12.0,0,-2.0
39253,31.0,0,0.0
39254,22.0,0,2.0
39255,0.0,0,0.0
39256,27.0,1,-1.0
39257,2.0,1,2.0
39258,28.0,0,3.0
39259,12.0,0,-1.0
39260,31.0,0,0.0
39261,0.0,1,0.0
39262,30.0,0,1.0
39263,27.0,0,4.0
39264,0.0,0,2.0
39265,4.0,1,4.0
39266,7.0,0,-1.0
39267,0.0,0,0.0
39268,30.0,0,1.0
39269,12.0,1,1.0
39270,30.0,0,1.0
39271,18.0,1,2.0
39272,15.0,0,-1.0
39273,24.0,0,5.0
39274,27.0,1,-2.0
39275,6.0,0,-1.0
39276,27.0,0,1.0
39277,19.0,0,3.0
39278,22.0,0,3.0
39279,0.0,0,2.0
39280,22.0,1,2.0
39281,2.0,1,2.0
39282,11.0,0,4.0
39283,31.0,1,-0.0
39284,0.0,0,1.0
39285,0.0,0,0.0
39286,31.0,0,-4.0
39287,31.0,0,-0.0
39288,2.0,0,-1.0
39289,31.0,0,0.0
39290,0.0,0,2.0
39291,30.0,1,1.0
39292,27.0,0,2.0
39293,0.0,0,0.0
39294,30.0,0,-0.0
39295,31.0,0,0.0
39296,31.0,0,0.0
39297,31.0,0,0.0
39298,25.0,1,-0.0
39299,1.0,1,1.0
39300,0.0,0,2.0
39301,31.0,0,-1.0
39302,18.0,1,2.0
39303,31.0,0,0.0
39304,31.0,0,0.0
39305,31.0,0,-1.0
39306,31.0,1,3.0
39307,31.0,0,0.0
39308,23.0,1,2.0
39309,0.0,0,0.0
39310,31.0,1,0.0
39311,23.0,0,3.0
39312,8.0,0,1.0
39313,19.0,1,2.0
39314,29.0,0,1.0
39315,7.0,0,0.0
39316,20.0,0,2.0
39317,5.0,0,2.0
39318,23.0,0,4.0
39319,31.0,0,0.0
39320,0.0,0,2.0
39321,31.0,0,0.0
39322,17.0,0,-0.0
39323,0.0,0,3.0
39324,31.0,1,0.0
39325,31.0,1,0.0
39326,0.0,0,1.0
39327,27.0,0,1.0
39328,22.0,0,1.0
39329,3.0,0,1.0
39330,31.0,0,-1.0
39331,31.0,0,0.0
39332,28.0,0,0.0
39333,11.0,1,1.0
39334,1.0,1,1.0
39335,23.0,0,2.0
39336,2.0,0,-2.0
39337,27.0,0,1.0
39338,11.0,1,-3.0
39339,26.0,0,0.0
39340,31.0,1,0.0
39341,29.0,1,3.0
39342,0.0,0,1.0
39343,0.0,0,1.0
39344,0.0,0,2.0
39345,26.0,0,1.0
39346,9.0,1,1.0
39347,31.0,0,0.0
39348,0.0,0,0.0
39349,9.0,0,-2.0
39350,0.0,0,2.0
39351,0.0,0,0.0
39352,29.0,0,2.0
39353,22.0,0,4.0
39354,31.0,0,0.0
39355,1.0,1,1.0
39356,0.0,0,1.0
39357,0.0,0,0.0
39358,31.0,0,0.0
39359,0.0,0,1.0
39360,11.0,0,1.0
39361,31.0,0,0.0
39362,31.0,1,3.0
39363,13.0,0,1.0
39364,23.0,0,1.0
39365,28.0,0,1.0
39366,0.0,0,1.0
39367,27.0,0,2.0
39368,31.0,1,-0.0
39369,29.0,0,-0.0
39370,31.0,0,0.0
39371,31.0,0,-2.0
39372,20.0,1,2.0
39373,30.0,0,1.0
39374,30.0,0,1.0
39375,20.0,0,1.0
39376,13.0,0,4.0
39377,24.0,0,2.0
39378,24.0,0,3.0
39379,31.0,0,0.0
39380,23.0,1,2.0
39381,28.0,0,2.0
39382,0.0,0,0.0
39383,0.0,0,2.0
39384,16.0,0,3.0
39385,30.0,0,-2.0
39386,30.0,0,1.0
39387,2.0,1,2.0
39388,2.0,1,2.0
39389,25.0,1,0.0
39390,31.0,0,0.0
39391,31.0,0,0.0
39392,27.0,0,3.0
39393,27.0,0,4.0
39394,0.0,0,2.0
39395,1.0,0,3.0
39396,12.0,0,2.0
39397,28.0,0,2.0
39398,2.0,0,2.0
39399,31.0,1,0.0
39400,31.0,0,0.0
39401,20.0,0,1.0
39402,31.0,0,0.0
39403,0.0,0,2.0
39404,27.0,1,-2.0
39405,30.0,1,0.0
39406,31.0,0,-0.0
39407,17.0,0,-2.0
39408,17.0,1,4.0
39409,15.0,0,-0.0
39410,2.0,1,2.0
39411,0.0,1,0.0
39412,9.0,0,5.0
39413,0.0,0,2.0
39414,29.0,0,1.0
39415,31.0,0,0.0
39416,12.0,0,1.0
39417,28.0,0,1.0
39418,31.0,0,0.0
39419,20.0,0,2.0
39420,25.0,0,3.0
39421,0.0,0,1.0
39422,31.0,0,0.0
39423,31.0,0,0.0
39424,28.0,0,0.0
39425,31.0,1,0.0
39426,17.0,1,1.0
39427,31.0,0,0.0
39428,3.0,1,3.0
39429,22.0,0,5.0
39430,31.0,0,0.0
39431,31.0,0,0.0
39432,27.0,0,1.0
39433,0.0,0,2.0
39434,31.0,0,-1.0
39435,14.0,0,3.0
39436,29.0,0,2.0
39437,27.0,1,-1.0
39438,5.0,0,2.0
39439,27.0,0,1.0
39440,28.0,0,3.0
39441,20.0,1,2.0
39442,1.0,1,1.0
39443,31.0,0,0.0
39444,0.0,0,2.0
39445,3.0,1,3.0
39446,26.0,0,2.0
39447,0.0,0,0.0
39448,31.0,0,0.0
39449,20.0,0,2.0
39450,31.0,1,1.0
39451,5.0,0,1.0
39452,29.0,1,-2.0
39453,31.0,0,0.0
39454,0.0,0,0.0
39455,26.0,0,0.0
39456,21.0,0,1.0
39457,31.0,1,0.0
39458,0.0,0,0.0
39459,25.0,0,4.0
39460,30.0,0,-0.0
39461,31.0,0,-2.0
39462,16.0,0,3.0
39463,31.0,0,0.0
39464,0.0,0,1.0
39465,19.0,0,1.0
39466,31.0,0,0.0
39467,22.0,0,-2.0
39468,0.0,0,2.0
39469,30.0,0,-0.0
39470,28.0,0,2.0
39471,23.0,0,2.0
39472,27.0,0,3.0
39473,21.0,1,-0.0
39474,21.0,0,2.0
39475,12.0,1,3.0
39476,0.0,0,0.0
39477,16.0,0,2.0
39478,27.0,0,-1.0
39479,25.0,0,1.0
39480,25.0,0,2.0
39481,0.0,0,0.0
39482,6.0,0,-1.0
39483,31.0,0,0.0
39484,30.0,0,1.0
39485,0.0,0,1.0
39486,26.0,0,1.0
39487,0.0,0,2.0
39488,30.0,1,2.0
39489,31.0,0,0.0
39490,6.0,0,-1.0
39491,30.0,0,1.0
39492,18.0,1,-2.0
39493,25.0,0,-0.0
39494,0.0,1,0.0
39495,24.0,1,1.0
39496,31.0,1,3.0
39497,0.0,0,1.0
39498,30.0,0,1.0
39499,12.0,0,2.0
39500,31.0,1,2.0
39501,0.0,0,0.0
39502,26.0,0,-2.0
39503,0.0,0,1.0
39504,30.0,0,1.0
39505,0.0,0,1.0
39506,0.0,1,0.0
39507,10.0,0,4.0
39508,21.0,0,2.0
39509,10.0,0,3.0
39510,31.0,0,0.0
39511,17.0,0,4.0
39512,24.0,0,1.0
39513,0.0,0,0.0
39514,29.0,0,2.0
39515,25.0,0,3.0
39516,0.0,0,9.0
39517,30.0,0,-1.0
39518,22.0,0,2.0
39519,7.0,0,1.0
39520,31.0,0,0.0
39521,20.0,1,1.0
39522,31.0,0,-2.0
39523,8.0,0,0.0
39524,20.0,1,-2.0
39525,31.0,0,0.0
39526,31.0,0,0.0
39527,18.0,1,0.0
39528,31.0,0,0.0
39529,27.0,0,1.0
39530,10.0,0,0.0
39531,31.0,0,0.0
39532,25.0,0,2.0
39533,30.0,0,0.0
39534,0.0,0,4.0
39535,20.0,0,2.0
39536,26.0,1,-1.0
39537,31.0,0,0.0
39538,31.0,0,0.0
39539,31.0,0,0.0
39540,17.0,0,2.0
39541,17.0,0,1.0
39542,25.0,0,-0.0
39543,27.0,0,2.0
39544,1.0,1,1.0
39545,0.0,0,0.0
39546,27.0,1,1.0
39547,29.0,1,1.0
39548,17.0,0,3.0
39549,14.0,1,-1.0
39550,3.0,0,-3.0
39551,31.0,1,0.0
39552,24.0,0,3.0
39553,31.0,0,0.0
39554,28.0,0,2.0
39555,1.0,1,1.0
39556,0.0,0,2.0
39557,31.0,0,0.0
39558,31.0,1,1.0
39559,31.0,1,0.0
39560,31.0,1,1.0
39561,16.0,0,3.0
39562,29.0,1,4.0
39563,1.0,0,2.0
39564,20.0,0,-4.0
39565,0.0,0,1.0
39566,0.0,0,0.0
39567,31.0,1,3.0
39568,23.0,0,-3.0
39569,29.0,0,1.0
39570,31.0,0,0.0
39571,18.0,0,2.0
39572,21.0,0,1.0
39573,27.0,0,-0.0
39574,31.0,0,0.0
39575,27.0,0,4.0
39576,24.0,0,2.0
39577,5.0,0,-0.0
39578,20.0,1,0.0
39579,25.0,0,3.0
39580,31.0,0,0.0
39581,31.0,0,0.0
39582,20.0,0,-2.0
39583,24.0,0,3.0
39584,31.0,0,-0.0
39585,0.0,0,3.0
39586,21.0,0,2.0
39587,31.0,0,0.0
39588,31.0,0,0.0
39589,1.0,1,1.0
39590,19.0,0,2.0
39591,26.0,0,3.0
39592,28.0,0,2.0
39593,0.0,0,1.0
39594,31.0,0,0.0
39595,7.0,0,3.0
39596,29.0,1,0.0
39597,19.0,0,4.0
39598,17.0,1,1.0
39599,30.0,0,-1.0
39600,22.0,0,2.0
39601,24.0,0,5.0
39602,31.0,0,0.0
39603,15.0,0,1.0
39604,7.0,0,-0.0
39605,18.0,0,4.0
39606,31.0,1,0.0
39607,0.0,0,1.0
39608,30.0,0,-2.0
39609,0.0,0,0.0
39610,31.0,0,-2.0
39611,0.0,1,0.0
39612,0.0,0,0.0
39613,5.0,0,-2.0
39614,28.0,0,3.0
39615,15.0,1,1.0
39616,18.0,0,2.0
39617,0.0,0,2.0
39618,0.0,0,0.0
39619,17.0,0,1.0
39620,5.0,0,4.0
39621,27.0,0,2.0
39622,31.0,1,0.0
39623,0.0,0,0.0
39624,31.0,0,0.0
39625,0.0,0,3.0
39626,0.0,0,2.0
39627,29.0,1,2.0
39628,31.0,1,0.0
39629,7.0,0,-2.0
39630,31.0,0,0.0
39631,31.0,1,0.0
39632,31.0,0,0.0
39633,29.0,0,2.0
39634,28.0,0,3.0
39635,0.0,0,1.0
39636,25.0,0,1.0
39637,18.0,0,6.0
39638,29.0,0,1.0
39639,12.0,0,-1.0
39640,31.0,0,0.0
39641,28.0,0,2.0
39642,26.0,0,-0.0
39643,31.0,0,-1.0
39644,27.0,0,3.0
39645,0.0,0,2.0
39646,27.0,0,-3.0
39647,28.0,0,-0.0
39648,0.0,0,3.0
39649,31.0,0,0.0
39650,0.0,0,2.0
39651,0.0,0,0.0
39652,22.0,1,1.0
39653,0.0,0,3.0
39654,26.0,0,-1.0
39655,29.0,0,2.0
39656,28.0,0,3.0
39657,31.0,1,0.0
39658,29.0,1,5.0
39659,21.0,0,-0.0
39660,0.0,0,0.0
39661,21.0,0,1.0
39662,17.0,1,6.0
39663,30.0,0,1.0
39664,21.0,0,3.0
39665,31.0,0,0.0
39666,15.0,0,1.0
39667,15.0,0,3.0
39668,28.0,0,3.0
39669,14.0,0,2.0
39670,8.0,0,1.0
39671,31.0,0,0.0
39672,31.0,1,0.0
39673,3.0,1,3.0
39674,30.0,1,-1.0
39675,24.0,0,1.0
39676,0.0,0,0.0
39677,31.0,0,-1.0
39678,30.0,0,1.0
39679,23.0,0,0.0
39680,27.0,0,1.0
39681,17.0,0,1.0
39682,7.0,0,4.0
39683,0.0,1,0.0
39684,0.0,0,0.0
39685,24.0,0,3.0
39686,24.0,0,-3.0
39687,31.0,0,0.0
39688,31.0,1,0.0
39689,31.0,1,0.0
39690,0.0,0,2.0
39691,15.0,0,0.0
39692,0.0,0,0.0
39693,31.0,0,0.0
39694,0.0,0,3.0
39695,29.0,0,1.0
39696,27.0,0,1.0
39697,31.0,0,0.0
39698,0.0,0,0.0
39699,29.0,0,2.0
39700,0.0,0,0.0
39701,31.0,1,0.0
39702,31.0,0,0.0
39703,24.0,0,2.0
39704,0.0,0,1.0
39705,0.0,0,0.0
39706,11.0,0,-1.0
39707,5.0,0,3.0
39708,0.0,0,2.0
39709,0.0,0,1.0
39710,29.0,1,-0.0
39711,5.0,1,3.0
39712,31.0,0,0.0
39713,25.0,0,1.0
39714,17.0,0,1.0
39715,27.0,0,2.0
39716,28.0,0,-0.0
39717,0.0,0,0.0
39718,0.0,0,2.0
39719,31.0,1,0.0
39720,25.0,0,4.0
39721,29.0,0,2.0
39722,15.0,0,3.0
39723,24.0,0,1.0
39724,25.0,0,1.0
39725,29.0,0,-1.0
39726,17.0,0,1.0
39727,1.0,0,1.0
39728,13.0,0,2.0
39729,0.0,0,2.0
39730,0.0,0,2.0
39731,0.0,0,3.0
39732,0.0,0,1.0
39733,7.0,0,-3.0
39734,29.0,0,1.0
39735,22.0,1,4.0
39736,19.0,0,0.0
39737,0.0,0,4.0
39738,15.0,0,3.0
39739,27.0,0,2.0
39740,12.0,0,2.0
39741,31.0,0,0.0
39742,0.0,0,1.0
39743,23.0,0,-0.0
39744,2.0,1,2.0
39745,22.0,0,4.0
39746,31.0,0,0.0
39747,31.0,0,0.0
39748,0.0,0,1.0
39749,31.0,0,0.0
39750,24.0,1,0.0
39751,22.0,0,2.0
39752,30.0,0,1.0
39753,25.0,0,3.0
39754,28.0,0,3.0
39755,31.0,0,0.0
39756,14.0,0,-1.0
39757,30.0,0,1.0
39758,0.0,0,0.0
39759,28.0,0,1.0
39760,26.0,0,3.0
39761,29.0,1,1.0
39762,28.0,0,3.0
39763,3.0,0,3.0
39764,19.0,0,4.0
39765,31.0,0,0.0
39766,28.0,0,3.0
39767,28.0,0,1.0
39768,31.0,0,0.0
39769,31.0,0,-0.0
39770,25.0,1,2.0
39771,30.0,1,0.0
39772,31.0,0,0.0
39773,11.0,0,-0.0
39774,13.0,0,2.0
39775,24.0,0,2.0
39776,31.0,0,0.0
39777,31.0,0,0.0
39778,0.0,0,5.0
39779,2.0,0,-0.0
39780,12.0,0,3.0
39781,0.0,0,2.0
39782,0.0,0,1.0
39783,0.0,0,2.0
39784,0.0,0,0.0
39785,0.0,0,3.0
39786,31.0,0,0.0
39787,29.0,0,-1.0
39788,17.0,0,2.0
39789,21.0,0,2.0
39790,8.0,0,2.0
39791,30.0,1,1.0
39792,31.0,0,-4.0
39793,28.0,0,3.0
39794,0.0,0,1.0
39795,30.0,0,-0.0
39796,12.0,0,2.0
39797,0.0,0,0.0
39798,21.0,0,-2.0
39799,30.0,1,2.0
39800,4.0,1,4.0
39801,31.0,0,0.0
39802,0.0,0,4.0
39803,25.0,0,4.0
39804,24.0,0,1.0
39805,31.0,0,-0.0
39806,29.0,0,1.0
39807,2.0,1,2.0
39808,31.0,0,-1.0
39809,0.0,0,3.0
39810,23.0,0,-1.0
39811,30.0,0,1.0
39812,14.0,0,3.0
39813,1.0,0,-1.0
39814,30.0,0,1.0
39815,30.0,0,0.0
39816,3.0,0,1.0
39817,0.0,0,0.0
39818,13.0,0,3.0
39819,29.0,1,2.0
39820,31.0,0,0.0
39821,30.0,0,-3.0
39822,31.0,0,-0.0
39823,0.0,0,0.0
39824,29.0,0,-2.0
39825,4.0,1,-2.0
39826,0.0,0,4.0
39827,23.0,0,1.0
39828,29.0,0,1.0
39829,8.0,1,1.0
39830,28.0,0,3.0
39831,15.0,0,1.0
39832,30.0,0,-0.0
39833,0.0,0,0.0
39834,31.0,0,-1.0
39835,0.0,0,1.0
39836,31.0,1,3.0
39837,31.0,0,0.0
39838,18.0,0,-2.0
39839,30.0,0,1.0
39840,31.0,0,-2.0
39841,9.0,0,3.0
39842,29.0,0,2.0
39843,27.0,0,2.0
39844,25.0,0,2.0
39845,31.0,1,0.0
39846,28.0,1,1.0
39847,12.0,0,4.0
39848,14.0,0,3.0
39849,0.0,0,4.0
39850,31.0,1,1.0
39851,27.0,0,3.0
39852,0.0,0,1.0
39853,0.0,0,1.0
39854,31.0,0,0.0
39855,0.0,0,1.0
39856,0.0,0,0.0
39857,31.0,0,0.0
39858,11.0,0,0.0
39859,30.0,0,1.0
39860,21.0,0,4.0
39861,0.0,0,0.0
39862,8.0,1,3.0
39863,0.0,0,4.0
39864,20.0,1,1.0
39865,28.0,0,-1.0
39866,9.0,0,2.0
39867,0.0,0,3.0
39868,31.0,0,0.0
39869,0.0,0,0.0
39870,27.0,0,4.0
39871,18.0,0,1.0
39872,13.0,0,-0.0
39873,27.0,0,4.0
39874,29.0,0,2.0
39875,28.0,0,1.0
39876,31.0,0,0.0
39877,10.0,0,1.0
39878,31.0,0,0.0
39879,25.0,0,-0.0
39880,27.0,0,0.0
39881,26.0,0,1.0
39882,28.0,0,-2.0
39883,27.0,1,1.0
39884,30.0,0,1.0
39885,31.0,0,0.0
39886,31.0,0,0.0
39887,23.0,0,1.0
39888,25.0,0,-1.0
39889,31.0,1,1.0
39890,28.0,0,1.0
39891,28.0,0,2.0
39892,0.0,0,4.0
39893,0.0,0,0.0
39894,31.0,1,0.0
39895,20.0,0,2.0
39896,31.0,0,0.0
39897,31.0,0,0.0
39898,31.0,0,0.0
39899,29.0,0,2.0
39900,0.0,0,3.0
39901,3.0,1,2.0
39902,31.0,0,0.0
39903,30.0,0,-1.0
39904,25.0,0,2.0
39905,22.0,1,-0.0
39906,16.0,0,2.0
39907,30.0,0,1.0
39908,31.0,1,0.0
39909,0.0,0,3.0
39910,0.0,0,6.0
39911,29.0,1,-0.0
39912,21.0,1,3.0
39913,31.0,1,0.0
39914,31.0,0,0.0
39915,0.0,1,0.0
39916,31.0,0,0.0
39917,31.0,0,0.0
39918,29.0,1,1.0
39919,25.0,1,1.0
39920,31.0,1,-0.0
39921,0.0,0,0.0
39922,0.0,0,0.0
39923,17.0,0,1.0
39924,0.0,0,0.0
39925,9.0,0,2.0
39926,0.0,0,4.0
39927,29.0,0,2.0
39928,9.0,0,2.0
39929,25.0,0,0.0
39930,30.0,0,1.0
39931,31.0,0,0.0
39932,5.0,0,1.0
39933,27.0,1,-2.0
39934,0.0,0,1.0
39935,6.0,0,3.0
39936,1.0,1,1.0
39937,27.0,0,4.0
39938,31.0,0,0.0
39939,31.0,0,0.0
39940,15.0,0,-0.0
39941,26.0,0,0.0
39942,23.0,0,-1.0
39943,11.0,1,0.0
39944,29.0,0,2.0
39945,0.0,0,6.0
39946,0.0,0,0.0
39947,0.0,0,1.0
39948,25.0,0,2.0
39949,9.0,0,2.0
39950,31.0,1,0.0
39951,31.0,1,0.0
39952,0.0,0,0.0
39953,26.0,0,1.0
39954,0.0,0,0.0
39955,31.0,1,0.0
39956,29.0,0,1.0
39957,20.0,0,1.0
39958,23.0,0,-0.0
39959,11.0,0,3.0
39960,31.0,0,0.0
39961,0.0,0,1.0
39962,30.0,1,-1.0
39963,17.0,0,3.0
39964,23.0,0,-0.0
39965,31.0,0,0.0
39966,29.0,0,1.0
39967,4.0,1,-1.0
39968,26.0,0,3.0
39969,31.0,0,0.0
39970,27.0,0,1.0
39971,31.0,0,0.0
39972,31.0,0,0.0
39973,0.0,0,0.0
39974,23.0,0,0.0
39975,10.0,0,0.0
39976,17.0,0,2.0
39977,31.0,1,0.0
39978,22.0,0,0.0
39979,29.0,0,1.0
39980,30.0,0,1.0
39981,0.0,0,2.0
39982,28.0,0,-0.0
39983,0.0,0,3.0
39984,15.0,1,2.0
39985,30.0,1,3.0
39986,0.0,1,0.0
39987,0.0,0,2.0
39988,0.0,0,3.0
39989,31.0,0,0.0
39990,14.0,0,2.0
39991,31.0,1,0.0
39992,0.0,0,1.0
39993,0.0,0,0.0
39994,31.0,0,0.0
39995,0.0,0,0.0
39996,26.0,1,2.0
39997,15.0,0,1.0
39998,17.0,0,2.0
39999,31.0,0,-2.0
40000,0.0,0,0.0
40001,18.0,0,3.0
40002,28.0,0,3.0
40003,12.0,0,4.0
40004,26.0,0,3.0
40005,1.0,1,1.0
40006,5.0,1,1.0
40007,30.0,0,1.0
40008,31.0,0,0.0
40009,0.0,0,0.0
40010,21.0,0,-0.0
40011,28.0,0,3.0
40012,15.0,0,4.0
40013,31.0,0,0.0
40014,30.0,0,1.0
40015,7.0,0,5.0
40016,7.0,0,2.0
40017,28.0,0,2.0
40018,0.0,0,4.0
40019,23.0,0,3.0
40020,27.0,0,1.0
40021,13.0,0,5.0
40022,31.0,0,0.0
40023,31.0,0,0.0
40024,31.0,0,0.0
40025,21.0,0,1.0
40026,0.0,0,1.0
40027,16.0,0,1.0
40028,11.0,0,3.0
40029,0.0,0,1.0
40030,5.0,0,0.0
40031,4.0,1,4.0
40032,1.0,1,1.0
40033,0.0,0,0.0
40034,9.0,0,1.0
40035,31.0,1,0.0
40036,7.0,0,6.0
40037,28.0,0,-1.0
40038,27.0,0,3.0
40039,25.0,1,1.0
40040,19.0,0,2.0
40041,0.0,0,1.0
40042,0.0,0,0.0
40043,28.0,0,2.0
40044,0.0,0,0.0
40045,0.0,0,0.0
40046,0.0,0,3.0
40047,0.0,1,0.0
40048,16.0,0,2.0
40049,30.0,1,-0.0
40050,24.0,1,-0.0
40051,16.0,1,3.0
40052,22.0,0,3.0
40053,31.0,0,0.0
40054,0.0,0,3.0
40055,31.0,0,0.0
40056,16.0,0,0.0
40057,0.0,0,5.0
40058,31.0,0,0.0
40059,0.0,0,4.0
40060,31.0,0,0.0
40061,0.0,0,0.0
40062,26.0,0,-1.0
40063,4.0,0,2.0
40064,29.0,0,2.0
40065,16.0,0,-1.0
40066,5.0,0,-4.0
40067,19.0,0,1.0
40068,27.0,0,3.0
40069,21.0,0,0.0
40070,20.0,0,-3.0
40071,23.0,0,2.0
40072,20.0,0,1.0
40073,24.0,0,1.0
40074,3.0,1,3.0
40075,26.0,0,0.0
40076,24.0,0,2.0
40077,0.0,0,1.0
40078,31.0,0,0.0
40079,26.0,0,1.0
40080,19.0,0,-4.0
40081,31.0,0,0.0
40082,0.0,0,1.0
40083,26.0,0,-1.0
40084,28.0,0,1.0
40085,27.0,0,1.0
40086,10.0,0,2.0
40087,7.0,0,-1.0
40088,29.0,1,3.0
40089,31.0,0,-0.0
40090,0.0,0,0.0
40091,31.0,0,0.0
40092,0.0,0,0.0
40093,1.0,1,1.0
40094,6.0,0,-0.0
40095,0.0,0,1.0
40096,18.0,1,-0.0
40097,10.0,0,1.0
40098,4.0,0,-3.0
40099,29.0,0,0.0
40100,20.0,1,1.0
40101,4.0,1,4.0
40102,0.0,0,4.0
40103,30.0,0,1.0
40104,12.0,0,-2.0
40105,31.0,1,3.0
40106,31.0,0,-3.0
40107,0.0,0,3.0
40108,0.0,0,0.0
40109,27.0,0,2.0
40110,25.0,1,1.0
40111,0.0,0,0.0
40112,12.0,0,-1.0
40113,31.0,1,0.0
40114,0.0,0,1.0
40115,0.0,0,0.0
40116,0.0,0,2.0
40117,30.0,1,-1.0
40118,30.0,0,1.0
40119,26.0,0,2.0
40120,22.0,0,2.0
40121,31.0,0,0.0
40122,28.0,0,-3.0
40123,0.0,0,0.0
40124,0.0,1,0.0
40125,21.0,0,1.0
40126,30.0,1,-1.0
40127,0.0,0,1.0
40128,19.0,0,-3.0
40129,24.0,1,3.0
40130,0.0,0,3.0
40131,0.0,0,3.0
40132,22.0,0,2.0
40133,15.0,0,3.0
40134,31.0,1,1.0
40135,25.0,0,2.0
40136,28.0,1,-1.0
40137,10.0,0,1.0
40138,19.0,0,2.0
40139,31.0,0,0.0
40140,0.0,0,5.0
40141,0.0,0,2.0
40142,21.0,0,2.0
40143,19.0,0,4.0
40144,29.0,0,2.0
40145,28.0,0,1.0
40146,20.0,0,2.0
40147,17.0,0,1.0
40148,22.0,1,-1.0
40149,1.0,0,-0.0
40150,30.0,1,2.0
40151,20.0,0,5.0
40152,25.0,0,-1.0
40153,28.0,0,2.0
40154,29.0,1,1.0
40155,0.0,0,0.0
40156,31.0,0,0.0
40157,19.0,0,4.0
40158,29.0,0,0.0
40159,0.0,1,0.0
40160,7.0,0,1.0
40161,0.0,0,0.0
40162,0.0,0,4.0
40163,25.0,0,4.0
40164,31.0,0,-2.0
40165,0.0,0,2.0
40166,13.0,0,1.0
40167,26.0,0,3.0
40168,13.0,0,3.0
40169,22.0,0,-2.0
40170,12.0,0,1.0
40171,28.0,0,3.0
40172,31.0,1,0.0
40173,31.0,0,0.0
40174,7.0,0,-0.0
40175,24.0,1,0.0
40176,31.0,0,0.0
40177,31.0,1,0.0
40178,0.0,0,1.0
40179,29.0,0,2.0
40180,3.0,1,3.0
40181,0.0,0,4.0
40182,9.0,0,2.0
40183,30.0,0,-2.0
40184,9.0,0,4.0
40185,26.0,0,-1.0
40186,0.0,0,0.0
40187,31.0,0,0.0
40188,27.0,1,2.0
40189,29.0,0,-2.0
40190,31.0,1,2.0
40191,31.0,1,0.0
40192,26.0,0,4.0
40193,1.0,1,1.0
40194,31.0,0,0.0
40195,0.0,0,2.0
40196,4.0,0,2.0
40197,19.0,0,-1.0
40198,31.0,0,0.0
40199,31.0,0,0.0
40200,31.0,0,0.0
40201,0.0,0,2.0
40202,0.0,1,0.0
40203,21.0,0,-1.0
40204,30.0,0,1.0
40205,0.0,0,1.0
40206,13.0,0,0.0
40207,31.0,0,0.0
40208,0.0,0,0.0
40209,27.0,1,-1.0
40210,3.0,0,2.0
40211,29.0,0,0.0
40212,15.0,1,2.0
40213,0.0,0,1.0
40214,27.0,0,1.0
40215,30.0,0,1.0
40216,0.0,0,0.0
40217,16.0,1,4.0
40218,12.0,0,0.0
40219,25.0,1,1.0
40220,31.0,0,0.0
40221,13.0,0,1.0
40222,31.0,1,3.0
40223,30.0,0,1.0
40224,5.0,1,5.0
40225,3.0,1,3.0
40226,29.0,0,2.0
40227,14.0,0,2.0
40228,22.0,0,-0.0
40229,2.0,0,1.0
40230,29.0,1,3.0
40231,0.0,0,0.0
40232,31.0,0,0.0
40233,3.0,1,3.0
40234,7.0,1,3.0
40235,0.0,0,3.0
40236,29.0,0,0.0
40237,28.0,0,1.0
40238,30.0,1,0.0
40239,12.0,0,-1.0
40240,31.0,0,0.0
40241,30.0,0,1.0
40242,31.0,0,0.0
40243,31.0,1,0.0
40244,8.0,0,0.0
40245,27.0,1,1.0
40246,0.0,0,3.0
40247,31.0,0,0.0
40248,30.0,0,-2.0
40249,31.0,1,2.0
40250,28.0,0,-1.0
40251,16.0,0,1.0
40252,28.0,0,1.0
40253,27.0,1,-1.0
40254,31.0,0,0.0
40255,31.0,1,0.0
40256,7.0,0,-1.0
40257,24.0,0,2.0
40258,31.0,0,-1.0
40259,1.0,0,-1.0
40260,0.0,0,0.0
40261,27.0,0,2.0
40262,28.0,1,-0.0
40263,24.0,0,2.0
40264,31.0,0,-1.0
40265,0.0,0,0.0
40266,0.0,0,0.0
40267,31.0,0,-2.0
40268,0.0,0,1.0
40269,14.0,0,0.0
40270,27.0,0,2.0
40271,31.0,1,3.0
40272,31.0,1,-0.0
40273,30.0,1,1.0
40274,31.0,1,1.0
40275,23.0,0,4.0
40276,21.0,0,1.0
40277,23.0,0,5.0
40278,19.0,0,1.0
40279,24.0,0,3.0
40280,0.0,0,3.0
40281,11.0,0,3.0
40282,29.0,0,0.0
40283,18.0,0,-3.0
40284,29.0,0,2.0
40285,31.0,0,0.0
40286,7.0,0,2.0
40287,19.0,1,-2.0
40288,21.0,1,1.0
40289,29.0,0,2.0
40290,27.0,0,4.0
40291,31.0,0,0.0
40292,30.0,0,1.0
40293,11.0,1,1.0
40294,24.0,1,-0.0
40295,18.0,0,-2.0
40296,28.0,1,-3.0
40297,0.0,0,2.0
40298,31.0,0,-0.0
40299,18.0,0,2.0
40300,31.0,0,-0.0
40301,28.0,0,2.0
40302,8.0,0,1.0
40303,20.0,0,1.0
40304,31.0,0,-1.0
40305,30.0,0,1.0
40306,24.0,0,-0.0
40307,29.0,0,2.0
40308,29.0,1,0.0
40309,19.0,0,-2.0
40310,30.0,1,-1.0
40311,0.0,0,1.0
40312,11.0,0,5.0
40313,0.0,0,1.0
40314,29.0,0,1.0
40315,11.0,1,1.0
40316,31.0,1,0.0
40317,27.0,0,1.0
40318,26.0,0,1.0
40319,23.0,0,0.0
40320,31.0,0,-3.0
40321,23.0,0,1.0
40322,0.0,0,1.0
40323,0.0,0,0.0
40324,19.0,0,2.0
40325,13.0,1,-0.0
40326,31.0,0,0.0
40327,18.0,1,-0.0
40328,31.0,0,-0.0
40329,15.0,1,-0.0
40330,9.0,1,3.0
40331,18.0,0,3.0
40332,20.0,1,-1.0
40333,21.0,0,3.0
40334,10.0,0,2.0
40335,0.0,0,0.0
40336,29.0,0,0.0
40337,3.0,0,2.0
40338,19.0,0,1.0
40339,14.0,1,3.0
40340,28.0,0,0.0
40341,14.0,0,2.0
40342,26.0,0,1.0
40343,31.0,0,0.0
40344,27.0,0,-2.0
40345,28.0,0,0.0
40346,0.0,0,4.0
40347,14.0,0,1.0
40348,28.0,0,3.0
40349,23.0,0,6.0
40350,0.0,0,1.0
40351,30.0,0,1.0
40352,0.0,0,0.0
40353,0.0,0,1.0
40354,0.0,1,0.0
40355,20.0,1,1.0
40356,31.0,1,0.0
40357,0.0,0,2.0
40358,0.0,0,1.0
40359,0.0,0,0.0
40360,31.0,1,2.0
40361,28.0,0,1.0
40362,24.0,0,3.0
40363,31.0,0,-1.0
40364,0.0,0,3.0
40365,24.0,0,1.0
40366,0.0,0,2.0
40367,31.0,1,1.0
40368,23.0,0,1.0
40369,0.0,0,2.0
40370,0.0,0,2.0
40371,26.0,1,1.0
40372,29.0,0,-1.0
40373,0.0,0,0.0
40374,30.0,0,1.0
40375,20.0,0,-1.0
40376,31.0,0,0.0
40377,21.0,1,0.0
40378,0.0,0,0.0
40379,31.0,1,0.0
40380,0.0,0,0.0
40381,17.0,0,0.0
40382,2.0,1,2.0
40383,31.0,0,0.0
40384,24.0,0,0.0
40385,23.0,0,0.0
40386,26.0,0,1.0
40387,20.0,0,-0.0
40388,31.0,0,0.0
40389,10.0,0,-4.0
40390,1.0,1,1.0
40391,28.0,0,3.0
40392,31.0,1,3.0
40393,29.0,0,0.0
40394,21.0,1,-0.0
40395,3.0,1,3.0
40396,4.0,0,2.0
40397,31.0,0,-0.0
40398,0.0,0,4.0
40399,0.0,0,0.0
40400,31.0,1,0.0
40401,0.0,0,3.0
40402,0.0,0,1.0
40403,29.0,0,2.0
40404,23.0,0,3.0
40405,29.0,0,2.0
40406,18.0,0,3.0
40407,10.0,0,-0.0
40408,23.0,0,4.0
40409,24.0,0,2.0
40410,0.0,0,3.0
40411,22.0,0,4.0
40412,11.0,0,0.0
40413,0.0,0,2.0
40414,27.0,1,1.0
40415,31.0,1,2.0
40416,0.0,0,2.0
40417,12.0,1,-2.0
40418,31.0,0,-0.0
40419,0.0,0,0.0
40420,28.0,0,-1.0
40421,0.0,0,2.0
40422,0.0,0,3.0
40423,0.0,0,0.0
40424,15.0,0,-3.0
40425,30.0,0,-2.0
40426,31.0,0,0.0
40427,4.0,0,1.0
40428,22.0,0,3.0
40429,28.0,0,1.0
40430,0.0,0,0.0
40431,20.0,0,-3.0
40432,31.0,0,0.0
40433,31.0,0,0.0
40434,5.0,0,3.0
40435,29.0,0,1.0
40436,22.0,0,1.0
40437,19.0,0,3.0
40438,0.0,0,0.0
40439,31.0,1,0.0
40440,31.0,1,2.0
40441,26.0,0,-1.0
40442,0.0,0,0.0
40443,0.0,0,1.0
40444,29.0,0,2.0
40445,0.0,0,2.0
40446,31.0,0,0.0
40447,0.0,0,0.0
40448,31.0,0,0.0
40449,9.0,0,0.0
40450,23.0,0,-2.0
40451,31.0,0,0.0
40452,0.0,0,1.0
40453,31.0,0,0.0
40454,24.0,0,4.0
40455,29.0,0,-1.0
40456,2.0,1,2.0
40457,20.0,0,4.0
40458,30.0,0,1.0
40459,23.0,1,0.0
40460,31.0,1,1.0
40461,4.0,0,0.0
40462,22.0,0,-1.0
40463,0.0,0,1.0
40464,0.0,0,1.0
40465,31.0,0,0.0
40466,27.0,0,1.0
40467,30.0,0,-0.0
40468,23.0,0,-0.0
40469,0.0,0,0.0
40470,29.0,0,2.0
40471,31.0,0,0.0
40472,31.0,0,-1.0
40473,28.0,0,2.0
40474,30.0,0,1.0
40475,0.0,0,0.0
40476,11.0,0,1.0
40477,31.0,0,0.0
40478,0.0,0,2.0
40479,21.0,0,2.0
40480,27.0,0,1.0
40481,0.0,0,1.0
40482,31.0,1,0.0
40483,29.0,1,-1.0
40484,25.0,0,-1.0
40485,31.0,0,0.0
40486,27.0,0,1.0
40487,16.0,0,2.0
40488,25.0,0,4.0
40489,22.0,0,3.0
40490,27.0,0,1.0
40491,0.0,0,0.0
40492,27.0,0,2.0
40493,22.0,0,-1.0
40494,28.0,0,-1.0
40495,0.0,0,4.0
40496,23.0,0,1.0
40497,0.0,0,2.0
40498,25.0,0,-0.0
40499,31.0,1,0.0
40500,21.0,0,5.0
40501,29.0,0,-2.0
40502,19.0,0,1.0
40503,29.0,0,2.0
40504,20.0,0,-1.0
40505,3.0,0,-1.0
40506,0.0,0,1.0
40507,30.0,0,1.0
40508,25.0,0,1.0
40509,26.0,0,1.0
40510,10.0,0,2.0
40511,27.0,0,1.0
40512,21.0,0,2.0
40513,0.0,0,0.0
40514,27.0,0,2.0
40515,28.0,0,1.0
40516,24.0,1,-0.0
40517,31.0,0,0.0
40518,0.0,0,0.0
40519,0.0,0,5.0
40520,0.0,0,2.0
40521,27.0,1,2.0
40522,0.0,0,0.0
40523,30.0,0,-1.0
40524,27.0,0,3.0
40525,14.0,1,-0.0
40526,29.0,0,2.0
40527,31.0,1,0.0
40528,4.0,0,3.0
40529,23.0,0,2.0
40530,0.0,0,0.0
40531,27.0,0,-1.0
40532,11.0,0,-0.0
40533,15.0,0,1.0
40534,0.0,0,1.0
40535,20.0,1,1.0
40536,31.0,1,0.0
40537,22.0,0,1.0
40538,0.0,1,0.0
40539,27.0,0,-2.0
40540,28.0,0,-0.0
40541,29.0,1,-2.0
40542,30.0,0,1.0
40543,0.0,0,2.0
40544,30.0,0,1.0
40545,20.0,1,-0.0
40546,25.0,0,2.0
40547,13.0,1,0.0
40548,10.0,0,2.0
40549,27.0,0,1.0
40550,0.0,1,0.0
40551,30.0,0,1.0
40552,3.0,1,-1.0
40553,19.0,0,0.0
40554,29.0,1,-2.0
40555,31.0,1,2.0
40556,31.0,0,0.0
40557,20.0,0,1.0
40558,29.0,0,2.0
40559,23.0,0,1.0
40560,0.0,0,0.0
40561,30.0,0,1.0
40562,30.0,0,1.0
40563,29.0,0,1.0
40564,0.0,0,0.0
40565,15.0,0,3.0
40566,23.0,0,-1.0
40567,31.0,0,0.0
40568,31.0,0,0.0
40569,30.0,0,-0.0
40570,0.0,0,1.0
40571,26.0,0,1.0
40572,21.0,0,1.0
40573,28.0,1,-3.0
40574,24.0,0,3.0
40575,29.0,1,-1.0
40576,2.0,1,2.0
40577,0.0,0,3.0
40578,27.0,0,3.0
40579,24.0,0,1.0
40580,29.0,0,-0.0
40581,31.0,0,0.0
40582,24.0,0,-0.0
40583,14.0,0,3.0
40584,31.0,1,0.0
40585,0.0,0,0.0
40586,0.0,0,2.0
40587,10.0,0,1.0
40588,31.0,1,0.0
40589,30.0,0,-0.0
40590,0.0,0,1.0
40591,29.0,1,1.0
40592,31.0,0,0.0
40593,12.0,0,5.0
40594,31.0,0,0.0
40595,24.0,1,3.0
40596,0.0,0,2.0
40597,22.0,0,2.0
40598,22.0,1,-0.0
40599,0.0,0,4.0
40600,0.0,0,0.0
40601,31.0,0,0.0
40602,16.0,1,1.0
40603,28.0,0,2.0
40604,31.0,0,0.0
40605,30.0,0,0.0
40606,31.0,0,-0.0
40607,17.0,1,2.0
40608,26.0,0,0.0
40609,0.0,0,2.0
40610,0.0,0,2.0
40611,29.0,0,1.0
40612,31.0,1,0.0
40613,1.0,1,1.0
40614,0.0,0,2.0
40615,26.0,0,0.0
40616,0.0,1,0.0
40617,0.0,0,2.0
40618,25.0,0,5.0
40619,24.0,0,3.0
40620,0.0,0,0.0
40621,29.0,0,-0.0
40622,24.0,0,2.0
40623,0.0,1,0.0
40624,0.0,0,0.0
40625,14.0,0,0.0
40626,0.0,0,1.0
40627,12.0,0,2.0
40628,31.0,0,0.0
40629,0.0,0,3.0
40630,0.0,0,0.0
40631,0.0,0,0.0
40632,31.0,0,0.0
40633,1.0,0,0.0
40634,3.0,0,2.0
40635,23.0,0,1.0
40636,0.0,0,2.0
40637,15.0,1,2.0
40638,29.0,0,1.0
40639,27.0,0,4.0
40640,26.0,0,1.0
40641,10.0,1,-0.0
40642,24.0,0,-1.0
40643,10.0,1,1.0
40644,0.0,0,1.0
40645,31.0,0,0.0
40646,30.0,0,1.0
40647,7.0,0,1.0
40648,13.0,0,2.0
40649,30.0,1,1.0
40650,31.0,0,0.0
40651,2.0,0,2.0
40652,0.0,0,0.0
40653,20.0,0,4.0
40654,23.0,1,0.0
40655,2.0,0,0.0
40656,31.0,0,0.0
40657,31.0,0,0.0
40658,30.0,0,1.0
40659,27.0,0,-0.0
40660,0.0,0,1.0
40661,12.0,0,-1.0
40662,0.0,0,0.0
40663,0.0,0,0.0
40664,29.0,0,0.0
40665,1.0,1,1.0
40666,26.0,0,5.0
40667,12.0,0,-0.0
40668,12.0,1,-1.0
40669,12.0,0,-1.0
40670,4.0,0,3.0
40671,19.0,0,4.0
40672,31.0,1,1.0
40673,31.0,0,-0.0
40674,14.0,0,-0.0
40675,0.0,0,0.0
40676,31.0,0,0.0
40677,13.0,0,0.0
40678,29.0,0,2.0
40679,7.0,0,1.0
40680,27.0,0,2.0
40681,20.0,0,1.0
40682,3.0,0,1.0
40683,12.0,1,-0.0
40684,27.0,0,2.0
40685,11.0,0,1.0
40686,31.0,0,0.0
40687,6.0,0,1.0
40688,29.0,0,2.0
40689,18.0,0,1.0
40690,19.0,1,3.0
40691,0.0,0,0.0
40692,2.0,1,0.0
40693,31.0,1,0.0
40694,29.0,1,2.0
40695,24.0,0,1.0
40696,27.0,0,2.0
40697,31.0,0,0.0
40698,0.0,0,0.0
40699,21.0,0,3.0
40700,0.0,0,0.0
40701,24.0,0,2.0
40702,31.0,0,0.0
40703,21.0,1,1.0
40704,23.0,0,3.0
40705,27.0,0,-2.0
40706,4.0,0,1.0
40707,22.0,0,2.0
40708,18.0,0,5.0
40709,0.0,0,2.0
40710,3.0,0,4.0
40711,26.0,0,-1.0
40712,30.0,1,0.0
40713,16.0,0,2.0
40714,31.0,0,0.0
40715,31.0,0,0.0
40716,23.0,0,1.0
40717,0.0,0,3.0
40718,1.0,1,1.0
40719,22.0,0,0.0
40720,1.0,0,-1.0
40721,25.0,0,2.0
40722,25.0,0,4.0
40723,31.0,0,0.0
40724,5.0,1,5.0
40725,0.0,0,1.0
40726,13.0,0,1.0
40727,30.0,0,-1.0
40728,0.0,1,0.0
40729,26.0,0,2.0
40730,31.0,0,0.0
40731,31.0,0,-3.0
40732,0.0,0,0.0
40733,31.0,1,0.0
40734,14.0,0,2.0
40735,29.0,0,2.0
40736,0.0,0,2.0
40737,27.0,0,1.0
40738,31.0,0,0.0
40739,31.0,1,0.0
40740,0.0,0,1.0
40741,23.0,0,-1.0
40742,31.0,1,2.0
40743,0.0,1,0.0
40744,14.0,0,3.0
40745,23.0,0,-0.0
40746,0.0,0,1.0
40747,22.0,0,1.0
40748,4.0,0,-1.0
40749,31.0,1,1.0
40750,18.0,0,2.0
40751,0.0,0,4.0
40752,26.0,0,0.0
40753,0.0,0,2.0
40754,0.0,0,0.0
40755,26.0,0,1.0
40756,31.0,1,0.0
40757,0.0,0,1.0
40758,31.0,0,0.0
40759,0.0,0,1.0
40760,11.0,0,0.0
40761,27.0,0,3.0
40762,31.0,0,-1.0
40763,31.0,0,0.0
40764,0.0,0,0.0
40765,0.0,0,2.0
40766,0.0,0,1.0
40767,29.0,0,2.0
40768,27.0,0,0.0
40769,23.0,0,-1.0
40770,8.0,0,3.0
40771,31.0,0,0.0
40772,24.0,0,-2.0
40773,18.0,1,3.0
40774,0.0,0,0.0
40775,0.0,0,1.0
40776,30.0,0,1.0
40777,17.0,1,7.0
40778,0.0,0,3.0
40779,31.0,1,1.0
40780,31.0,0,0.0
40781,31.0,0,0.0
40782,17.0,0,2.0
40783,5.0,0,2.0
40784,3.0,0,2.0
40785,29.0,0,2.0
40786,24.0,0,1.0
40787,16.0,0,1.0
40788,31.0,0,-2.0
40789,25.0,0,5.0
40790,6.0,0,-0.0
40791,30.0,0,1.0
40792,31.0,0,0.0
40793,31.0,0,0.0
40794,31.0,0,0.0
40795,29.0,0,0.0
40796,0.0,0,4.0
40797,20.0,0,3.0
40798,0.0,0,0.0
40799,23.0,0,1.0
40800,22.0,0,-2.0
40801,19.0,0,3.0
40802,30.0,1,3.0
40803,25.0,0,2.0
40804,0.0,1,0.0
40805,14.0,0,1.0
40806,31.0,1,1.0
40807,27.0,0,1.0
40808,0.0,0,1.0
40809,31.0,1,0.0
40810,8.0,1,2.0
40811,0.0,0,4.0
40812,13.0,0,2.0
40813,2.0,0,3.0
40814,0.0,0,3.0
40815,31.0,1,0.0
40816,19.0,0,2.0
40817,30.0,0,1.0
40818,31.0,0,0.0
40819,17.0,0,-0.0
40820,0.0,0,2.0
40821,14.0,0,4.0
40822,28.0,0,1.0
40823,25.0,0,3.0
40824,18.0,0,1.0
40825,29.0,0,-2.0
40826,17.0,0,1.0
40827,25.0,0,5.0
40828,31.0,0,0.0
40829,31.0,0,0.0
40830,18.0,0,1.0
40831,0.0,0,0.0
40832,31.0,1,0.0
40833,26.0,0,3.0
40834,29.0,0,1.0
40835,28.0,0,2.0
40836,0.0,0,0.0
40837,4.0,1,4.0
40838,21.0,0,-4.0
40839,24.0,0,2.0
40840,31.0,1,0.0
40841,0.0,0,0.0
40842,30.0,0,1.0
40843,31.0,1,3.0
40844,0.0,0,4.0
40845,15.0,1,3.0
40846,0.0,0,5.0
40847,26.0,0,2.0
40848,0.0,0,1.0
40849,31.0,0,0.0
40850,13.0,1,4.0
40851,27.0,0,1.0
40852,1.0,1,1.0
40853,21.0,1,2.0
40854,16.0,0,0.0
40855,0.0,0,3.0
40856,23.0,0,-0.0
40857,5.0,0,3.0
40858,22.0,0,2.0
40859,27.0,1,-0.0
40860,29.0,1,0.0
40861,28.0,0,3.0
40862,28.0,0,1.0
40863,17.0,0,1.0
40864,1.0,0,2.0
40865,28.0,1,1.0
40866,31.0,0,0.0
40867,31.0,0,-1.0
40868,0.0,0,5.0
40869,24.0,0,3.0
40870,31.0,0,0.0
40871,27.0,0,0.0
40872,22.0,0,2.0
40873,29.0,1,-1.0
40874,31.0,0,0.0
40875,0.0,0,2.0
40876,25.0,0,0.0
40877,2.0,1,2.0
40878,5.0,1,-1.0
40879,31.0,0,0.0
40880,0.0,0,6.0
40881,5.0,1,5.0
40882,31.0,1,1.0
40883,30.0,0,1.0
40884,31.0,0,0.0
40885,1.0,0,1.0
40886,31.0,0,-2.0
40887,0.0,0,3.0
40888,26.0,0,2.0
40889,23.0,0,2.0
40890,26.0,1,-2.0
40891,29.0,0,2.0
40892,30.0,0,1.0
40893,31.0,1,0.0
40894,0.0,0,1.0
40895,29.0,0,0.0
40896,30.0,1,3.0
40897,0.0,0,0.0
40898,27.0,0,2.0
40899,29.0,0,-0.0
40900,13.0,0,1.0
40901,0.0,0,2.0
40902,27.0,0,2.0
40903,0.0,0,2.0
40904,21.0,0,3.0
40905,21.0,1,2.0
40906,20.0,0,1.0
40907,24.0,1,8.0
40908,31.0,0,0.0
40909,31.0,0,0.0
40910,31.0,0,0.0
40911,31.0,1,0.0
40912,18.0,0,-0.0
40913,0.0,0,0.0
40914,31.0,1,0.0
40915,0.0,0,3.0
40916,0.0,0,2.0
40917,0.0,0,1.0
40918,25.0,0,0.0
40919,7.0,0,4.0
40920,15.0,0,-1.0
40921,22.0,0,0.0
40922,0.0,0,0.0
40923,28.0,0,3.0
40924,31.0,1,1.0
40925,20.0,1,2.0
40926,27.0,0,4.0
40927,31.0,0,0.0
40928,0.0,0,0.0
40929,22.0,0,1.0
40930,0.0,0,1.0
40931,19.0,0,1.0
40932,0.0,0,0.0
40933,0.0,0,0.0
40934,26.0,0,0.0
40935,31.0,0,-0.0
40936,22.0,0,-1.0
40937,19.0,0,-1.0
40938,16.0,0,3.0
40939,8.0,0,2.0
40940,0.0,1,0.0
40941,23.0,0,0.0
40942,21.0,0,2.0
40943,31.0,0,-2.0
40944,2.0,1,2.0
40945,21.0,0,4.0
40946,0.0,1,0.0
40947,0.0,1,0.0
40948,31.0,0,0.0
40949,31.0,0,-2.0
40950,1.0,1,1.0
40951,25.0,0,4.0
40952,31.0,0,0.0
40953,25.0,0,2.0
40954,0.0,0,0.0
40955,16.0,0,3.0
40956,0.0,0,0.0
40957,31.0,0,0.0
40958,15.0,0,-1.0
40959,24.0,0,7.0
40960,28.0,0,-2.0
40961,24.0,0,-0.0
40962,29.0,1,4.0
40963,8.0,0,1.0
40964,30.0,0,1.0
40965,13.0,0,1.0
40966,0.0,0,0.0
40967,30.0,0,1.0
40968,21.0,1,3.0
40969,31.0,0,0.0
40970,27.0,0,3.0
40971,24.0,0,0.0
40972,4.0,1,4.0
40973,31.0,1,1.0
40974,30.0,0,1.0
40975,20.0,0,1.0
40976,23.0,0,0.0
40977,23.0,0,0.0
40978,0.0,0,2.0
40979,0.0,0,1.0
40980,31.0,0,0.0
40981,0.0,1,0.0
40982,29.0,0,-1.0
40983,23.0,0,-2.0
40984,30.0,0,1.0
40985,31.0,1,0.0
40986,0.0,1,0.0
40987,25.0,0,-1.0
40988,25.0,0,2.0
40989,0.0,0,0.0
40990,30.0,0,1.0
40991,0.0,0,0.0
40992,31.0,0,-2.0
40993,5.0,1,5.0
40994,31.0,0,0.0
40995,29.0,0,1.0
40996,19.0,1,2.0
40997,0.0,0,0.0
40998,0.0,0,0.0
40999,31.0,1,0.0
41000,9.0,0,2.0
41001,31.0,0,0.0
41002,30.0,0,1.0
41003,11.0,0,4.0
41004,0.0,0,1.0
41005,3.0,1,0.0
41006,31.0,0,0.0
41007,14.0,0,0.0
41008,26.0,0,1.0
41009,26.0,0,3.0
41010,31.0,0,-2.0
41011,0.0,0,2.0
41012,31.0,0,0.0
41013,0.0,0,0.0
41014,25.0,0,2.0
41015,8.0,0,0.0
41016,0.0,0,0.0
41017,31.0,1,0.0
41018,31.0,0,0.0
41019,31.0,0,-2.0
41020,30.0,0,-1.0
41021,19.0,0,-4.0
41022,24.0,0,0.0
41023,1.0,1,1.0
41024,0.0,0,2.0
41025,31.0,0,-0.0
41026,31.0,0,0.0
41027,20.0,0,0.0
41028,12.0,1,2.0
41029,13.0,0,2.0
41030,31.0,0,0.0
41031,10.0,0,-2.0
41032,13.0,1,0.0
41033,31.0,1,2.0
41034,27.0,0,0.0
41035,24.0,0,-0.0
41036,29.0,0,0.0
41037,20.0,0,1.0
41038,24.0,0,1.0
41039,0.0,0,0.0
41040,0.0,1,0.0
41041,31.0,1,0.0
41042,0.0,0,0.0
41043,31.0,0,0.0
41044,31.0,0,0.0
41045,24.0,0,1.0
41046,20.0,0,1.0
41047,31.0,0,0.0
41048,0.0,0,2.0
41049,2.0,1,2.0
41050,28.0,0,-3.0
41051,28.0,0,-1.0
41052,28.0,1,2.0
41053,28.0,0,0.0
41054,0.0,0,2.0
41055,31.0,0,0.0
41056,30.0,0,1.0
41057,23.0,0,-2.0
41058,12.0,0,5.0
41059,25.0,0,2.0
41060,0.0,0,4.0
41061,19.0,0,0.0
41062,26.0,0,3.0
41063,2.0,1,2.0
41064,0.0,0,3.0
41065,27.0,0,4.0
41066,0.0,0,0.0
41067,30.0,0,1.0
41068,0.0,0,2.0
41069,0.0,0,4.0
41070,28.0,0,1.0
41071,0.0,0,3.0
41072,0.0,0,2.0
41073,28.0,0,1.0
41074,25.0,0,4.0
41075,24.0,0,-3.0
41076,31.0,0,0.0
41077,24.0,0,1.0
41078,0.0,0,0.0
41079,29.0,1,2.0
41080,27.0,0,3.0
41081,21.0,0,4.0
41082,30.0,0,1.0
41083,31.0,0,0.0
41084,19.0,0,1.0
41085,31.0,1,0.0
41086,0.0,1,0.0
41087,0.0,0,4.0
41088,31.0,0,-1.0
41089,18.0,0,2.0
41090,31.0,1,1.0
41091,21.0,0,3.0
41092,19.0,1,1.0
41093,29.0,0,-0.0
41094,0.0,0,1.0
41095,2.0,0,1.0
41096,0.0,0,0.0
41097,26.0,0,1.0
41098,0.0,0,4.0
41099,0.0,0,3.0
41100,28.0,0,-2.0
41101,3.0,1,3.0
41102,6.0,0,2.0
41103,31.0,1,3.0
41104,31.0,0,0.0
41105,10.0,0,1.0
41106,22.0,0,1.0
41107,30.0,1,2.0
41108,12.0,0,-2.0
41109,17.0,0,-3.0
41110,29.0,0,2.0
41111,0.0,0,0.0
41112,28.0,1,1.0
41113,0.0,0,8.0
41114,25.0,0,5.0
41115,23.0,0,1.0
41116,29.0,0,2.0
41117,31.0,0,0.0
41118,10.0,0,-1.0
41119,0.0,0,3.0
41120,29.0,1,3.0
41121,1.0,1,1.0
41122,25.0,1,-1.0
41123,0.0,0,2.0
41124,26.0,0,1.0
41125,23.0,0,1.0
41126,20.0,0,2.0
41127,31.0,0,0.0
41128,23.0,0,-1.0
41129,6.0,0,-1.0
41130,31.0,0,0.0
41131,0.0,0,1.0
41132,21.0,0,3.0
41133,31.0,1,0.0
41134,0.0,0,2.0
41135,0.0,0,3.0
41136,29.0,0,2.0
41137,19.0,1,-0.0
41138,28.0,1,2.0
41139,24.0,0,2.0
41140,21.0,0,-0.0
41141,6.0,0,-2.0
41142,0.0,0,3.0
41143,31.0,0,0.0
41144,23.0,0,0.0
41145,2.0,1,2.0
41146,31.0,0,0.0
41147,31.0,0,0.0
41148,23.0,0,6.0
41149,0.0,0,0.0
41150,11.0,1,2.0
41151,30.0,0,1.0
41152,31.0,0,0.0
41153,31.0,0,-1.0
41154,31.0,0,0.0
41155,12.0,0,2.0
41156,31.0,0,0.0
41157,14.0,0,-0.0
41158,25.0,0,1.0
41159,27.0,1,-2.0
41160,22.0,0,4.0
41161,31.0,1,2.0
41162,0.0,0,1.0
41163,21.0,0,-4.0
41164,1.0,1,1.0
41165,31.0,0,0.0
41166,31.0,0,0.0
41167,10.0,0,0.0
41168,20.0,0,2.0
41169,29.0,0,1.0
41170,29.0,0,2.0
41171,31.0,0,-1.0
41172,0.0,0,1.0
41173,20.0,0,2.0
41174,23.0,0,0.0
41175,26.0,1,1.0
41176,9.0,0,-4.0
41177,31.0,0,0.0
41178,22.0,0,-3.0
41179,3.0,1,3.0
41180,31.0,0,0.0
41181,0.0,0,3.0
41182,27.0,0,-1.0
41183,15.0,0,2.0
41184,19.0,0,1.0
41185,28.0,0,2.0
41186,31.0,0,0.0
41187,31.0,1,2.0
41188,24.0,0,3.0
41189,0.0,0,2.0
41190,31.0,0,0.0
41191,22.0,1,4.0
41192,9.0,1,-1.0
41193,12.0,0,-1.0
41194,0.0,0,3.0
41195,31.0,0,0.0
41196,31.0,0,0.0
41197,7.0,0,-1.0
41198,29.0,0,-3.0
41199,25.0,0,6.0
41200,9.0,0,-4.0
41201,29.0,0,2.0
41202,0.0,0,2.0
41203,1.0,0,-1.0
41204,5.0,0,2.0
41205,8.0,0,-2.0
41206,31.0,0,0.0
41207,0.0,0,1.0
41208,31.0,0,0.0
41209,22.0,1,-1.0
41210,31.0,0,0.0
41211,17.0,0,1.0
41212,0.0,0,0.0
41213,0.0,0,4.0
41214,0.0,1,0.0
41215,26.0,1,1.0
41216,30.0,0,1.0
41217,25.0,1,0.0
41218,0.0,0,3.0
41219,0.0,0,0.0
41220,0.0,0,1.0
41221,12.0,0,2.0
41222,10.0,0,2.0
41223,26.0,0,1.0
41224,31.0,0,0.0
41225,23.0,0,1.0
41226,28.0,0,-1.0
41227,16.0,1,6.0
41228,15.0,0,0.0
41229,31.0,0,0.0
41230,0.0,0,0.0
41231,0.0,1,0.0
41232,31.0,0,0.0
41233,8.0,0,-4.0
41234,31.0,1,1.0
41235,0.0,0,0.0
41236,10.0,0,3.0
41237,31.0,0,0.0
41238,31.0,0,0.0
41239,31.0,1,0.0
41240,0.0,0,1.0
41241,0.0,0,0.0
41242,24.0,0,-3.0
41243,23.0,0,-0.0
41244,12.0,0,-1.0
41245,31.0,1,1.0
41246,23.0,0,6.0
41247,0.0,0,4.0
41248,31.0,1,0.0
41249,2.0,1,2.0
41250,17.0,0,2.0
41251,31.0,0,0.0
41252,31.0,0,0.0
41253,0.0,0,5.0
41254,28.0,0,3.0
41255,0.0,0,4.0
41256,31.0,1,1.0
41257,0.0,0,0.0
41258,27.0,0,3.0
41259,25.0,0,1.0
41260,0.0,0,3.0
41261,5.0,0,-1.0
41262,31.0,0,0.0
41263,28.0,0,1.0
41264,0.0,0,2.0
41265,31.0,1,2.0
41266,31.0,1,0.0
41267,24.0,0,4.0
41268,31.0,0,0.0
41269,0.0,0,3.0
41270,0.0,0,0.0
41271,0.0,0,0.0
41272,31.0,0,-4.0
41273,31.0,1,5.0
41274,0.0,0,1.0
41275,0.0,0,0.0
41276,4.0,0,3.0
41277,22.0,1,-2.0
41278,24.0,0,-0.0
41279,28.0,0,2.0
41280,22.0,1,2.0
41281,21.0,0,2.0
41282,15.0,0,-0.0
41283,0.0,0,4.0
41284,31.0,1,1.0
41285,22.0,1,2.0
41286,31.0,0,0.0
41287,31.0,1,0.0
41288,22.0,0,2.0
41289,22.0,0,2.0
41290,2.0,1,2.0
41291,0.0,0,0.0
41292,15.0,1,2.0
41293,28.0,0,1.0
41294,23.0,0,-0.0
41295,3.0,1,3.0
41296,2.0,1,2.0
41297,25.0,0,4.0
41298,27.0,0,3.0
41299,31.0,0,0.0
41300,0.0,0,0.0
41301,0.0,0,0.0
41302,0.0,0,0.0
41303,0.0,1,0.0
41304,0.0,0,3.0
41305,9.0,0,0.0
41306,22.0,0,-2.0
41307,15.0,0,3.0
41308,31.0,0,0.0
41309,30.0,0,-0.0
41310,31.0,0,0.0
41311,31.0,0,-0.0
41312,7.0,0,-3.0
41313,26.0,0,1.0
41314,21.0,1,3.0
41315,0.0,0,0.0
41316,20.0,1,3.0
41317,31.0,0,0.0
41318,0.0,0,2.0
41319,0.0,0,1.0
41320,26.0,0,2.0
41321,6.0,0,2.0
41322,31.0,0,0.0
41323,0.0,0,2.0
41324,16.0,0,0.0
41325,29.0,0,2.0
41326,0.0,0,6.0
41327,27.0,0,3.0
41328,27.0,0,3.0
41329,31.0,0,0.0
41330,31.0,0,0.0
41331,25.0,0,4.0
41332,28.0,1,3.0
41333,18.0,0,1.0
41334,17.0,0,-0.0
41335,18.0,0,-1.0
41336,31.0,0,0.0
41337,25.0,0,2.0
41338,22.0,0,3.0
41339,0.0,0,3.0
41340,0.0,0,4.0
41341,31.0,0,0.0
41342,27.0,0,1.0
41343,0.0,1,0.0
41344,27.0,1,2.0
41345,0.0,0,1.0
41346,0.0,0,0.0
41347,31.0,0,0.0
41348,31.0,0,0.0
41349,31.0,0,-0.0
41350,31.0,0,0.0
41351,25.0,0,0.0
41352,26.0,0,1.0
41353,18.0,0,1.0
41354,30.0,0,1.0
41355,24.0,0,0.0
41356,28.0,1,5.0
41357,31.0,0,0.0
41358,19.0,0,2.0
41359,10.0,0,2.0
41360,12.0,0,3.0
41361,31.0,0,0.0
41362,27.0,0,2.0
41363,0.0,0,2.0
41364,29.0,0,2.0
41365,28.0,1,0.0
41366,8.0,0,6.0
41367,31.0,0,0.0
41368,28.0,0,-2.0
41369,19.0,0,-0.0
41370,31.0,0,0.0
41371,22.0,0,4.0
41372,21.0,0,-1.0
41373,31.0,0,0.0
41374,16.0,0,1.0
41375,26.0,0,0.0
41376,0.0,0,2.0
41377,29.0,0,-2.0
41378,23.0,1,-2.0
41379,10.0,0,-1.0
41380,0.0,0,8.0
41381,15.0,1,0.0
41382,25.0,1,2.0
41383,31.0,1,2.0
41384,0.0,0,1.0
41385,16.0,0,-1.0
41386,15.0,1,2.0
41387,5.0,0,3.0
41388,0.0,0,3.0
41389,31.0,0,0.0
41390,30.0,1,2.0
41391,30.0,0,-1.0
41392,25.0,0,1.0
41393,31.0,1,0.0
41394,0.0,0,3.0
41395,20.0,0,-0.0
41396,30.0,0,1.0
41397,1.0,1,1.0
41398,31.0,0,0.0
41399,25.0,0,2.0
41400,14.0,1,1.0
41401,24.0,0,3.0
41402,31.0,0,0.0
41403,0.0,0,0.0
41404,17.0,0,1.0
41405,12.0,0,-1.0
41406,31.0,0,0.0
41407,25.0,0,0.0
41408,28.0,0,2.0
41409,26.0,0,1.0
41410,20.0,0,-0.0
41411,31.0,1,0.0
41412,29.0,0,0.0
41413,28.0,0,1.0
41414,23.0,0,2.0
41415,0.0,0,2.0
41416,30.0,0,1.0
41417,17.0,0,2.0
41418,31.0,0,0.0
41419,0.0,0,0.0
41420,24.0,0,-1.0
41421,31.0,0,0.0
41422,0.0,1,0.0
41423,28.0,0,1.0
41424,14.0,1,4.0
41425,22.0,0,-1.0
41426,20.0,0,1.0
41427,31.0,0,-0.0
41428,31.0,1,0.0
41429,28.0,0,0.0
41430,31.0,0,0.0
41431,30.0,1,0.0
41432,28.0,0,2.0
41433,0.0,0,0.0
41434,31.0,0,0.0
41435,31.0,0,0.0
41436,0.0,0,0.0
41437,31.0,1,1.0
41438,0.0,0,2.0
41439,13.0,0,2.0
41440,0.0,0,0.0
41441,12.0,1,2.0
41442,27.0,0,4.0
41443,0.0,0,3.0
41444,1.0,1,1.0
41445,0.0,0,3.0
41446,27.0,0,0.0
41447,0.0,0,0.0
41448,26.0,0,2.0
41449,0.0,0,1.0
41450,31.0,1,6.0
41451,6.0,0,1.0
41452,27.0,0,1.0
41453,30.0,0,-0.0
41454,22.0,0,3.0
41455,0.0,0,2.0
41456,28.0,0,0.0
41457,14.0,1,1.0
41458,27.0,0,4.0
41459,0.0,0,0.0
41460,0.0,0,0.0
41461,21.0,0,-3.0
41462,31.0,0,0.0
41463,31.0,0,0.0
41464,31.0,0,0.0
41465,0.0,0,0.0
41466,0.0,0,1.0
41467,8.0,0,3.0
41468,3.0,1,3.0
41469,11.0,0,-1.0
41470,31.0,0,0.0
41471,0.0,0,0.0
41472,26.0,0,-1.0
41473,12.0,0,0.0
41474,30.0,0,-0.0
41475,0.0,0,0.0
41476,30.0,0,1.0
41477,9.0,0,1.0
41478,31.0,0,0.0
41479,18.0,0,1.0
41480,31.0,1,0.0
41481,0.0,0,0.0
41482,30.0,0,1.0
41483,0.0,0,2.0
41484,31.0,0,0.0
41485,10.0,0,-1.0
41486,31.0,0,0.0
41487,0.0,1,0.0
41488,0.0,0,0.0
41489,28.0,0,3.0
41490,27.0,0,4.0
41491,28.0,0,3.0
41492,27.0,0,2.0
41493,29.0,1,3.0
41494,27.0,1,-2.0
41495,23.0,0,2.0
41496,31.0,0,0.0
41497,29.0,0,0.0
41498,0.0,0,0.0
41499,22.0,0,3.0
41500,30.0,0,1.0
41501,0.0,0,3.0
41502,0.0,0,0.0
41503,30.0,1,2.0
41504,5.0,0,4.0
41505,22.0,0,-1.0
41506,0.0,0,2.0
41507,2.0,1,2.0
41508,0.0,0,1.0
41509,3.0,0,4.0
41510,10.0,1,0.0
41511,31.0,0,0.0
41512,0.0,0,1.0
41513,25.0,0,1.0
41514,25.0,0,2.0
41515,31.0,0,0.0
41516,7.0,0,3.0
41517,22.0,0,0.0
41518,0.0,0,0.0
41519,0.0,0,0.0
41520,1.0,1,1.0
41521,10.0,0,3.0
41522,14.0,0,0.0
41523,27.0,0,2.0
41524,0.0,0,0.0
41525,31.0,0,-4.0
41526,16.0,0,3.0
41527,3.0,0,1.0
41528,0.0,0,2.0
41529,0.0,0,1.0
41530,0.0,0,2.0
41531,31.0,0,-1.0
41532,22.0,0,1.0
41533,0.0,1,0.0
41534,31.0,0,0.0
41535,30.0,0,0.0
41536,28.0,0,-2.0
41537,14.0,0,3.0
41538,0.0,0,1.0
41539,0.0,0,0.0
41540,26.0,0,1.0
41541,0.0,0,0.0
41542,3.0,0,-2.0
41543,18.0,0,-0.0
41544,23.0,0,-0.0
41545,16.0,1,2.0
41546,13.0,0,2.0
41547,0.0,0,0.0
41548,0.0,0,4.0
41549,31.0,0,0.0
41550,31.0,0,0.0
41551,16.0,0,2.0
41552,31.0,0,0.0
41553,24.0,0,-0.0
41554,0.0,0,0.0
41555,0.0,0,0.0
41556,11.0,0,-0.0
41557,31.0,0,-1.0
41558,0.0,0,0.0
41559,31.0,1,2.0
41560,28.0,0,3.0
41561,31.0,0,-1.0
41562,0.0,0,1.0
41563,16.0,0,2.0
41564,0.0,0,5.0
41565,1.0,1,1.0
41566,31.0,1,0.0
41567,31.0,0,0.0
41568,31.0,0,0.0
41569,0.0,0,1.0
41570,0.0,0,2.0
41571,28.0,0,1.0
41572,31.0,1,0.0
41573,4.0,1,4.0
41574,26.0,0,1.0
41575,0.0,0,1.0
41576,23.0,0,4.0
41577,0.0,0,1.0
41578,28.0,0,0.0
41579,31.0,1,1.0
41580,31.0,1,0.0
41581,0.0,0,2.0
41582,16.0,0,0.0
41583,31.0,1,1.0
41584,31.0,0,0.0
41585,30.0,0,1.0
41586,15.0,0,2.0
41587,0.0,0,3.0
41588,24.0,1,3.0
41589,31.0,0,0.0
41590,28.0,0,1.0
41591,31.0,0,-0.0
41592,31.0,0,-0.0
41593,0.0,0,2.0
41594,31.0,1,-0.0
41595,27.0,0,2.0
41596,18.0,0,-4.0
41597,31.0,0,0.0
41598,25.0,0,4.0
41599,15.0,0,-2.0
41600,0.0,0,3.0
41601,0.0,0,0.0
41602,0.0,0,0.0
41603,26.0,1,-2.0
41604,27.0,0,2.0
41605,28.0,1,1.0
41606,0.0,0,0.0
41607,8.0,1,1.0
41608,31.0,0,0.0
41609,29.0,1,6.0
41610,0.0,0,0.0
41611,27.0,0,-1.0
41612,24.0,1,-1.0
41613,0.0,0,1.0
41614,26.0,0,-1.0
41615,10.0,1,-0.0
41616,30.0,0,1.0
41617,0.0,0,0.0
41618,4.0,0,-1.0
41619,0.0,0,1.0
41620,28.0,0,-1.0
41621,31.0,0,0.0
41622,10.0,0,3.0
41623,27.0,0,-0.0
41624,29.0,0,2.0
41625,31.0,0,0.0
41626,31.0,0,0.0
41627,19.0,1,4.0
41628,27.0,0,-1.0
41629,15.0,0,2.0
41630,31.0,0,0.0
41631,0.0,0,0.0
41632,29.0,0,1.0
41633,30.0,0,1.0
41634,31.0,0,-2.0
41635,27.0,0,2.0
41636,0.0,0,5.0
41637,0.0,1,0.0
41638,29.0,0,2.0
41639,17.0,0,-0.0
41640,28.0,0,1.0
41641,26.0,1,2.0
41642,22.0,0,-1.0
41643,30.0,0,1.0
41644,1.0,0,0.0
41645,0.0,0,0.0
41646,29.0,0,2.0
41647,0.0,0,1.0
41648,1.0,0,-1.0
41649,12.0,0,-0.0
41650,25.0,0,1.0
41651,21.0,0,1.0
41652,31.0,1,1.0
41653,31.0,0,0.0
41654,30.0,0,1.0
41655,31.0,0,-0.0
41656,30.0,0,-0.0
41657,5.0,0,1.0
41658,30.0,0,1.0
41659,30.0,0,1.0
41660,30.0,0,-0.0
41661,31.0,0,0.0
41662,12.0,0,3.0
41663,3.0,1,3.0
41664,25.0,0,-2.0
41665,17.0,0,4.0
41666,0.0,0,1.0
41667,26.0,1,-2.0
41668,0.0,0,3.0
41669,0.0,0,1.0
41670,26.0,0,2.0
41671,17.0,0,3.0
41672,18.0,0,0.0
41673,0.0,0,0.0
41674,0.0,0,1.0
41675,28.0,0,3.0
41676,14.0,0,2.0
41677,29.0,0,-1.0
41678,24.0,0,3.0
41679,4.0,1,4.0
41680,30.0,0,0.0
41681,14.0,0,2.0
41682,29.0,0,0.0
41683,0.0,0,1.0
41684,26.0,0,-4.0
41685,30.0,0,1.0
41686,1.0,0,-1.0
41687,2.0,1,2.0
41688,28.0,0,-0.0
41689,31.0,0,0.0
41690,20.0,1,-1.0
41691,29.0,0,2.0
41692,31.0,0,0.0
41693,10.0,0,1.0
41694,31.0,0,0.0
41695,23.0,0,1.0
41696,20.0,1,2.0
41697,29.0,0,-3.0
41698,24.0,1,-1.0
41699,0.0,0,0.0
41700,24.0,0,2.0
41701,0.0,0,1.0
41702,20.0,0,-1.0
41703,31.0,0,0.0
41704,0.0,0,1.0
41705,31.0,0,0.0
41706,0.0,0,2.0
41707,31.0,0,0.0
41708,16.0,1,1.0
41709,30.0,0,1.0
41710,2.0,1,2.0
41711,31.0,1,0.0
41712,30.0,1,1.0
41713,0.0,1,0.0
41714,15.0,0,4.0
41715,19.0,0,5.0
41716,0.0,0,3.0
41717,0.0,0,3.0
41718,30.0,1,0.0
41719,25.0,0,1.0
41720,25.0,0,1.0
41721,31.0,1,0.0
41722,0.0,0,1.0
41723,27.0,0,1.0
41724,0.0,0,0.0
41725,25.0,0,3.0
41726,10.0,0,1.0
41727,5.0,0,0.0
41728,15.0,1,1.0
41729,15.0,0,2.0
41730,22.0,1,-2.0
41731,31.0,1,0.0
41732,31.0,0,0.0
41733,31.0,0,0.0
41734,31.0,0,0.0
41735,0.0,0,3.0
41736,31.0,1,2.0
41737,31.0,1,0.0
41738,25.0,0,0.0
41739,31.0,0,-1.0
41740,25.0,0,-2.0
41741,0.0,0,1.0
41742,31.0,1,-0.0
41743,0.0,0,0.0
41744,14.0,0,5.0
41745,0.0,0,0.0
41746,10.0,0,6.0
41747,30.0,0,1.0
41748,29.0,0,0.0
41749,25.0,0,2.0
41750,0.0,0,0.0
41751,24.0,0,0.0
41752,11.0,0,-2.0
41753,26.0,1,2.0
41754,23.0,1,-0.0
41755,22.0,0,1.0
41756,15.0,0,-3.0
41757,31.0,0,0.0
41758,31.0,0,0.0
41759,30.0,1,4.0
41760,13.0,0,3.0
41761,29.0,0,-0.0
41762,27.0,0,4.0
41763,29.0,0,-3.0
41764,6.0,0,-0.0
41765,31.0,1,2.0
41766,4.0,1,4.0
41767,29.0,0,2.0
41768,27.0,0,-1.0
41769,24.0,0,-0.0
41770,30.0,0,1.0
41771,31.0,0,0.0
41772,16.0,1,2.0
41773,26.0,0,1.0
41774,26.0,0,2.0
41775,26.0,0,0.0
41776,31.0,0,0.0
41777,26.0,0,3.0
41778,23.0,0,1.0
41779,10.0,0,1.0
41780,0.0,0,1.0
41781,0.0,1,0.0
41782,15.0,0,3.0
41783,19.0,0,7.0
41784,0.0,1,0.0
41785,27.0,1,-0.0
41786,21.0,0,4.0
41787,31.0,0,-0.0
41788,21.0,0,0.0
41789,20.0,0,2.0
41790,0.0,0,1.0
41791,29.0,0,-2.0
41792,0.0,0,0.0
41793,0.0,0,0.0
41794,5.0,0,1.0
41795,0.0,0,0.0
41796,0.0,0,0.0
41797,31.0,1,-0.0
41798,20.0,1,1.0
41799,31.0,0,0.0
41800,14.0,0,1.0
41801,27.0,0,3.0
41802,16.0,1,1.0
41803,31.0,0,0.0
41804,0.0,0,1.0
41805,25.0,0,3.0
41806,16.0,0,1.0
41807,31.0,0,-1.0
41808,0.0,0,1.0
41809,30.0,0,1.0
41810,31.0,0,-0.0
41811,0.0,0,3.0
41812,23.0,1,1.0
41813,31.0,0,0.0
41814,0.0,0,0.0
41815,29.0,0,1.0
41816,23.0,0,6.0
41817,0.0,0,0.0
41818,27.0,0,2.0
41819,31.0,1,0.0
41820,26.0,0,4.0
41821,0.0,0,0.0
41822,0.0,0,0.0
41823,27.0,1,-3.0
41824,31.0,0,0.0
41825,30.0,0,-2.0
41826,28.0,0,1.0
41827,31.0,1,1.0
41828,0.0,0,1.0
41829,31.0,1,-0.0
41830,31.0,0,0.0
41831,31.0,1,1.0
41832,19.0,0,3.0
41833,15.0,0,2.0
41834,26.0,0,1.0
41835,0.0,1,0.0
41836,27.0,0,1.0
41837,23.0,0,-1.0
41838,0.0,0,1.0
41839,23.0,0,3.0
41840,31.0,1,2.0
41841,15.0,0,3.0
41842,0.0,0,0.0
41843,0.0,0,4.0
41844,31.0,0,0.0
41845,31.0,0,0.0
41846,4.0,1,4.0
41847,19.0,0,-1.0
41848,0.0,0,1.0
41849,17.0,0,6.0
41850,31.0,1,1.0
41851,0.0,0,0.0
41852,0.0,0,0.0
41853,0.0,1,0.0
41854,0.0,0,3.0
41855,0.0,0,0.0
41856,31.0,1,2.0
41857,17.0,0,4.0
41858,0.0,0,0.0
41859,31.0,0,-1.0
41860,24.0,0,0.0
41861,10.0,0,4.0
41862,31.0,0,0.0
41863,30.0,0,1.0
41864,28.0,0,0.0
41865,25.0,1,-1.0
41866,18.0,0,1.0
41867,16.0,0,-2.0
41868,21.0,0,-0.0
41869,29.0,0,2.0
41870,4.0,0,1.0
41871,0.0,0,3.0
41872,24.0,0,3.0
41873,0.0,0,4.0
41874,31.0,0,-0.0
41875,28.0,0,2.0
41876,2.0,0,5.0
41877,0.0,0,4.0
41878,30.0,0,1.0
41879,17.0,0,3.0
41880,31.0,1,1.0
41881,21.0,0,3.0
41882,28.0,0,3.0
41883,31.0,0,0.0
41884,0.0,0,2.0
41885,0.0,0,3.0
41886,21.0,0,2.0
41887,14.0,0,1.0
41888,1.0,1,1.0
41889,0.0,0,0.0
41890,12.0,0,3.0
41891,0.0,0,6.0
41892,7.0,1,3.0
41893,0.0,0,0.0
41894,29.0,0,2.0
41895,31.0,0,0.0
41896,29.0,0,1.0
41897,0.0,0,0.0
41898,0.0,0,0.0
41899,0.0,0,0.0
41900,30.0,1,-0.0
41901,0.0,0,2.0
41902,28.0,0,-1.0
41903,10.0,0,-1.0
41904,26.0,0,5.0
41905,31.0,0,0.0
41906,10.0,0,-0.0
41907,0.0,0,2.0
41908,30.0,0,1.0
41909,0.0,0,2.0
41910,23.0,0,1.0
41911,30.0,1,0.0
41912,0.0,0,1.0
41913,3.0,1,3.0
41914,19.0,0,1.0
41915,16.0,0,-1.0
41916,0.0,0,0.0
41917,18.0,0,2.0
41918,31.0,0,0.0
41919,31.0,0,0.0
41920,8.0,0,1.0
41921,31.0,0,0.0
41922,28.0,0,1.0
41923,10.0,0,3.0
41924,16.0,0,1.0
41925,8.0,0,1.0
41926,31.0,0,0.0
41927,28.0,0,2.0
41928,16.0,0,4.0
41929,10.0,0,4.0
41930,30.0,0,1.0
41931,0.0,0,1.0
41932,31.0,0,0.0
41933,26.0,0,0.0
41934,31.0,1,0.0
41935,19.0,0,-1.0
41936,0.0,0,0.0
41937,30.0,0,1.0
41938,0.0,0,0.0
41939,28.0,1,-1.0
41940,8.0,1,2.0
41941,21.0,0,3.0
41942,31.0,1,1.0
41943,31.0,0,0.0
41944,18.0,0,1.0
41945,3.0,1,3.0
41946,10.0,0,0.0
41947,30.0,0,1.0
41948,20.0,0,1.0
41949,31.0,0,0.0
41950,25.0,0,6.0
41951,0.0,0,1.0
41952,8.0,0,-0.0
41953,31.0,0,0.0
41954,29.0,0,-0.0
41955,28.0,0,0.0
41956,0.0,0,0.0
41957,18.0,0,-0.0
41958,0.0,0,3.0
41959,23.0,1,1.0
41960,29.0,0,2.0
41961,0.0,0,3.0
41962,3.0,1,3.0
41963,31.0,0,0.0
41964,30.0,0,-1.0
41965,30.0,0,1.0
41966,5.0,0,0.0
41967,11.0,0,2.0
41968,0.0,0,3.0
41969,0.0,0,1.0
41970,0.0,0,1.0
41971,22.0,1,1.0
41972,30.0,0,1.0
41973,0.0,0,0.0
41974,31.0,0,0.0
41975,31.0,0,0.0
41976,31.0,0,0.0
41977,0.0,0,3.0
41978,30.0,0,1.0
41979,14.0,0,-1.0
41980,31.0,1,0.0
41981,29.0,0,2.0
41982,0.0,0,0.0
41983,9.0,0,1.0
41984,0.0,0,2.0
41985,6.0,0,2.0
41986,29.0,0,2.0
41987,31.0,1,0.0
41988,22.0,0,1.0
41989,6.0,1,6.0
41990,29.0,0,2.0
41991,31.0,0,0.0
41992,16.0,0,2.0
41993,17.0,0,-2.0
41994,31.0,0,0.0
41995,10.0,0,2.0
41996,23.0,0,-0.0
41997,31.0,0,0.0
41998,31.0,0,0.0
41999,22.0,1,2.0
42000,28.0,0,0.0
42001,0.0,0,1.0
42002,31.0,0,0.0
42003,23.0,0,3.0
42004,31.0,0,0.0
42005,30.0,0,1.0
42006,22.0,1,1.0
42007,24.0,0,2.0
42008,29.0,0,1.0
42009,27.0,0,4.0
42010,24.0,0,3.0
42011,0.0,0,3.0
42012,24.0,1,2.0
42013,11.0,0,3.0
42014,30.0,0,1.0
42015,19.0,0,3.0
42016,24.0,0,0.0
42017,31.0,0,0.0
42018,6.0,0,2.0
42019,0.0,0,0.0
42020,21.0,0,-0.0
42021,29.0,0,-0.0
42022,23.0,0,-2.0
42023,13.0,0,0.0
42024,17.0,0,2.0
42025,31.0,1,1.0
42026,31.0,0,0.0
42027,31.0,0,-0.0
42028,31.0,1,1.0
42029,26.0,0,-0.0
42030,30.0,0,1.0
42031,0.0,1,0.0
42032,31.0,0,-0.0
42033,31.0,0,0.0
42034,31.0,0,0.0
42035,17.0,0,2.0
42036,0.0,0,2.0
42037,27.0,1,1.0
42038,0.0,0,1.0
42039,4.0,0,-0.0
42040,13.0,0,5.0
42041,26.0,0,4.0
42042,25.0,0,-0.0
42043,12.0,1,4.0
42044,31.0,1,0.0
42045,17.0,0,3.0
42046,28.0,0,1.0
42047,0.0,0,0.0
42048,0.0,0,0.0
42049,29.0,0,0.0
42050,31.0,0,0.0
42051,30.0,0,-1.0
42052,0.0,0,2.0
42053,1.0,0,1.0
42054,0.0,0,0.0
42055,18.0,0,3.0
42056,26.0,1,2.0
42057,23.0,0,1.0
42058,2.0,0,-1.0
42059,21.0,0,-0.0
42060,0.0,0,0.0
42061,0.0,0,4.0
42062,11.0,0,-0.0
42063,0.0,0,2.0
42064,27.0,0,0.0
42065,31.0,0,0.0
42066,31.0,1,1.0
42067,1.0,1,1.0
42068,31.0,0,0.0
42069,28.0,0,3.0
42070,1.0,0,1.0
42071,11.0,1,-4.0
42072,20.0,0,-2.0
42073,13.0,0,-0.0
42074,31.0,0,-1.0
42075,0.0,0,2.0
42076,25.0,0,1.0
42077,24.0,1,-4.0
42078,6.0,0,1.0
42079,0.0,1,0.0
42080,24.0,1,0.0
42081,14.0,0,2.0
42082,22.0,1,1.0
42083,0.0,0,0.0
42084,10.0,0,0.0
42085,31.0,1,0.0
42086,0.0,0,0.0
42087,31.0,1,0.0
42088,14.0,0,-0.0
42089,0.0,0,1.0
42090,14.0,0,1.0
42091,27.0,0,0.0
42092,12.0,1,2.0
42093,31.0,0,0.0
42094,0.0,1,0.0
42095,0.0,0,2.0
42096,0.0,0,0.0
42097,23.0,0,3.0
42098,31.0,0,0.0
42099,26.0,0,0.0
42100,15.0,0,2.0
42101,0.0,0,0.0
42102,25.0,0,1.0
42103,29.0,0,1.0
42104,30.0,0,-1.0
42105,0.0,0,5.0
42106,28.0,0,1.0
42107,31.0,0,0.0
42108,0.0,0,0.0
42109,30.0,0,1.0
42110,24.0,1,-1.0
42111,30.0,0,1.0
42112,13.0,0,2.0
42113,31.0,0,0.0
42114,10.0,0,0.0
42115,0.0,0,0.0
42116,17.0,0,-1.0
42117,31.0,0,0.0
42118,21.0,0,-0.0
42119,31.0,0,0.0
42120,27.0,0,2.0
42121,13.0,0,1.0
42122,31.0,1,0.0
42123,30.0,0,1.0
42124,23.0,0,4.0
42125,31.0,0,0.0
42126,31.0,1,1.0
42127,12.0,1,3.0
42128,8.0,0,0.0
42129,13.0,1,-0.0
42130,29.0,0,-0.0
42131,0.0,0,5.0
42132,0.0,0,0.0
42133,0.0,1,0.0
42134,18.0,0,-0.0
42135,1.0,1,1.0
42136,23.0,0,-3.0
42137,15.0,0,3.0
42138,18.0,0,2.0
42139,20.0,1,-2.0
42140,5.0,1,5.0
42141,28.0,0,3.0
42142,31.0,1,0.0
42143,17.0,0,4.0
42144,29.0,0,1.0
42145,29.0,0,1.0
42146,9.0,0,0.0
42147,31.0,0,0.0
42148,30.0,0,0.0
42149,21.0,0,2.0
42150,25.0,0,1.0
42151,0.0,0,0.0
42152,0.0,0,3.0
42153,0.0,0,2.0
42154,30.0,0,1.0
42155,0.0,0,0.0
42156,30.0,0,1.0
42157,10.0,0,2.0
42158,4.0,0,1.0
42159,22.0,1,3.0
42160,0.0,0,0.0
42161,31.0,1,0.0
42162,0.0,0,0.0
42163,24.0,0,0.0
42164,28.0,0,-1.0
42165,28.0,1,-0.0
42166,0.0,0,1.0
42167,28.0,0,-0.0
42168,29.0,1,1.0
42169,31.0,0,0.0
42170,15.0,0,-1.0
42171,31.0,0,0.0
42172,20.0,0,2.0
42173,30.0,1,2.0
42174,31.0,0,0.0
42175,0.0,0,3.0
42176,16.0,0,1.0
42177,31.0,0,0.0
42178,7.0,1,1.0
42179,27.0,0,0.0
42180,31.0,0,0.0
42181,27.0,0,-2.0
42182,21.0,1,5.0
42183,31.0,0,0.0
42184,30.0,0,1.0
42185,28.0,0,1.0
42186,15.0,0,1.0
42187,31.0,1,0.0
42188,0.0,0,0.0
42189,0.0,0,0.0
42190,0.0,0,3.0
42191,8.0,0,-1.0
42192,13.0,0,-0.0
42193,21.0,0,-1.0
42194,31.0,0,0.0
42195,14.0,0,1.0
42196,28.0,0,3.0
42197,0.0,0,1.0
42198,27.0,0,-1.0
42199,31.0,0,-3.0
42200,4.0,0,1.0
42201,30.0,0,1.0
42202,0.0,1,0.0
42203,1.0,1,1.0
42204,14.0,0,1.0
42205,26.0,0,3.0
42206,31.0,0,0.0
42207,30.0,0,1.0
42208,31.0,1,0.0
42209,0.0,0,1.0
42210,9.0,0,1.0
42211,0.0,0,0.0
42212,0.0,0,0.0
42213,20.0,0,3.0
42214,31.0,0,0.0
42215,0.0,0,0.0
42216,0.0,0,4.0
42217,0.0,0,1.0
42218,20.0,0,2.0
42219,27.0,0,2.0
42220,17.0,1,3.0
42221,0.0,0,0.0
42222,29.0,0,2.0
42223,27.0,0,0.0
42224,17.0,0,-0.0
42225,29.0,0,2.0
42226,31.0,1,1.0
42227,8.0,0,0.0
42228,23.0,0,1.0
42229,18.0,1,3.0
42230,25.0,0,6.0
42231,20.0,0,1.0
42232,0.0,1,0.0
42233,0.0,0,1.0
42234,19.0,0,3.0
42235,1.0,0,-0.0
42236,12.0,0,2.0
42237,23.0,0,2.0
42238,15.0,0,1.0
42239,0.0,0,0.0
42240,25.0,0,-1.0
42241,28.0,1,-3.0
42242,0.0,0,3.0
42243,28.0,0,1.0
42244,0.0,1,0.0
42245,31.0,1,-0.0
42246,0.0,0,0.0
42247,6.0,0,7.0
42248,14.0,0,-3.0
42249,18.0,0,1.0
42250,29.0,0,1.0
42251,30.0,0,1.0
42252,1.0,1,1.0
42253,31.0,0,-2.0
42254,28.0,1,0.0
42255,22.0,0,0.0
42256,30.0,1,4.0
42257,27.0,0,-1.0
42258,30.0,0,1.0
42259,0.0,0,0.0
42260,17.0,0,3.0
42261,0.0,0,0.0
42262,26.0,0,1.0
42263,0.0,0,2.0
42264,31.0,1,3.0
42265,27.0,0,-0.0
42266,31.0,0,0.0
42267,30.0,0,1.0
42268,0.0,0,2.0
42269,31.0,0,0.0
42270,16.0,0,-0.0
42271,0.0,1,0.0
42272,23.0,0,1.0
42273,1.0,1,1.0
42274,21.0,0,3.0
42275,0.0,0,0.0
42276,1.0,1,1.0
42277,31.0,0,0.0
42278,26.0,0,2.0
42279,0.0,0,0.0
42280,25.0,0,4.0
42281,0.0,0,1.0
42282,3.0,0,3.0
42283,31.0,0,0.0
42284,31.0,0,0.0
42285,0.0,0,0.0
42286,26.0,0,5.0
42287,0.0,0,1.0
42288,25.0,0,-2.0
42289,30.0,0,0.0
42290,0.0,0,3.0
42291,0.0,0,0.0
42292,0.0,0,4.0
42293,23.0,0,0.0
42294,26.0,1,2.0
42295,30.0,0,1.0
42296,4.0,1,4.0
42297,20.0,0,1.0
42298,10.0,1,4.0
42299,11.0,0,1.0
42300,26.0,0,2.0
42301,31.0,0,-4.0
42302,17.0,1,-0.0
42303,0.0,0,0.0
42304,31.0,1,0.0
42305,31.0,0,0.0
42306,0.0,0,0.0
42307,16.0,1,0.0
42308,31.0,0,0.0
42309,16.0,0,2.0
42310,11.0,0,-0.0
42311,20.0,0,1.0
42312,24.0,0,1.0
42313,27.0,1,-0.0
42314,0.0,1,0.0
42315,29.0,0,1.0
42316,29.0,0,2.0
42317,0.0,0,1.0
42318,31.0,1,3.0
42319,24.0,0,-2.0
42320,22.0,0,7.0
42321,31.0,0,0.0
42322,26.0,0,3.0
42323,31.0,1,0.0
42324,0.0,0,0.0
42325,0.0,0,3.0
42326,0.0,1,0.0
42327,20.0,0,1.0
42328,16.0,0,-2.0
42329,13.0,0,1.0
42330,28.0,0,2.0
42331,31.0,0,0.0
42332,1.0,0,2.0
42333,29.0,1,2.0
42334,13.0,0,-0.0
42335,18.0,0,1.0
42336,0.0,0,1.0
42337,31.0,0,-2.0
42338,29.0,0,-1.0
42339,28.0,0,-0.0
42340,0.0,0,3.0
42341,26.0,1,3.0
42342,12.0,1,0.0
42343,0.0,0,1.0
42344,10.0,0,1.0
42345,30.0,0,1.0
42346,14.0,0,-0.0
42347,29.0,0,2.0
42348,31.0,0,0.0
42349,0.0,0,1.0
42350,30.0,0,1.0
42351,12.0,0,2.0
42352,31.0,0,0.0
42353,27.0,0,0.0
42354,18.0,0,3.0
42355,31.0,0,0.0
42356,0.0,0,0.0
42357,21.0,0,1.0
42358,0.0,0,4.0
42359,17.0,0,1.0
42360,24.0,0,2.0
42361,0.0,0,0.0
42362,18.0,0,0.0
42363,26.0,1,2.0
42364,2.0,0,1.0
42365,31.0,0,0.0
42366,28.0,1,-1.0
42367,14.0,0,1.0
42368,26.0,1,2.0
42369,31.0,0,-0.0
42370,17.0,0,3.0
42371,31.0,1,0.0
42372,19.0,0,6.0
42373,0.0,0,2.0
42374,31.0,0,-1.0
42375,19.0,1,2.0
42376,22.0,0,-0.0
42377,0.0,0,0.0
42378,31.0,0,-1.0
42379,0.0,0,0.0
42380,31.0,1,0.0
42381,2.0,0,5.0
42382,12.0,1,-0.0
42383,26.0,0,2.0
42384,31.0,1,1.0
42385,0.0,0,0.0
42386,31.0,0,-2.0
42387,31.0,0,0.0
42388,15.0,1,1.0
42389,28.0,0,2.0
42390,30.0,0,1.0
42391,24.0,1,4.0
42392,27.0,0,4.0
42393,20.0,0,2.0
42394,31.0,0,0.0
42395,1.0,1,1.0
42396,14.0,0,2.0
42397,30.0,0,1.0
42398,5.0,1,0.0
42399,22.0,0,0.0
42400,31.0,1,3.0
42401,30.0,0,-1.0
42402,25.0,0,1.0
42403,0.0,0,0.0
42404,21.0,0,-0.0
42405,31.0,0,0.0
42406,16.0,0,-0.0
42407,16.0,0,3.0
42408,4.0,0,0.0
42409,27.0,0,2.0
42410,0.0,1,0.0
42411,19.0,0,0.0
42412,30.0,0,-1.0
42413,9.0,0,7.0
42414,31.0,0,0.0
42415,31.0,0,-0.0
42416,0.0,0,1.0
42417,31.0,0,0.0
42418,31.0,0,0.0
42419,23.0,0,-1.0
42420,17.0,0,2.0
42421,31.0,0,-3.0
42422,0.0,0,7.0
42423,10.0,0,1.0
42424,31.0,0,0.0
42425,19.0,0,1.0
42426,0.0,0,2.0
42427,16.0,0,2.0
42428,22.0,0,2.0
42429,12.0,0,3.0
42430,30.0,0,1.0
42431,27.0,0,-1.0
42432,20.0,0,3.0
42433,0.0,0,1.0
42434,31.0,1,0.0
42435,27.0,0,1.0
42436,4.0,1,4.0
42437,22.0,0,1.0
42438,30.0,0,1.0
42439,17.0,0,-0.0
42440,31.0,0,0.0
42441,29.0,0,1.0
42442,26.0,0,-2.0
42443,31.0,0,-1.0
42444,26.0,0,1.0
42445,0.0,0,2.0
42446,31.0,0,0.0
42447,26.0,0,2.0
42448,0.0,0,0.0
42449,10.0,1,1.0
42450,25.0,0,1.0
42451,23.0,0,4.0
42452,26.0,0,1.0
42453,8.0,1,2.0
42454,14.0,1,1.0
42455,27.0,0,0.0
42456,0.0,0,0.0
42457,10.0,1,1.0
42458,0.0,0,1.0
42459,0.0,0,4.0
42460,17.0,0,2.0
42461,23.0,0,2.0
42462,22.0,0,-0.0
42463,23.0,0,-0.0
42464,22.0,0,4.0
42465,31.0,1,1.0
42466,31.0,0,-1.0
42467,0.0,0,1.0
42468,21.0,0,4.0
42469,3.0,1,3.0
42470,1.0,1,1.0
42471,30.0,0,1.0
42472,28.0,0,1.0
42473,5.0,0,-0.0
42474,31.0,0,0.0
42475,0.0,0,4.0
42476,31.0,0,0.0
42477,12.0,0,-0.0
42478,31.0,0,0.0
42479,31.0,0,0.0
42480,26.0,1,-0.0
42481,31.0,0,-0.0
42482,31.0,0,-2.0
42483,17.0,0,1.0
42484,31.0,0,-2.0
42485,1.0,0,2.0
42486,0.0,0,1.0
42487,2.0,0,1.0
42488,15.0,0,-3.0
42489,22.0,0,3.0
42490,7.0,0,3.0
42491,0.0,0,0.0
42492,31.0,0,0.0
42493,24.0,0,-0.0
42494,30.0,0,1.0
42495,18.0,0,1.0
42496,31.0,0,0.0
42497,0.0,0,1.0
42498,28.0,0,3.0
42499,0.0,0,3.0
42500,5.0,0,5.0
42501,31.0,1,1.0
42502,14.0,0,2.0
42503,27.0,0,-0.0
42504,0.0,0,2.0
42505,31.0,0,0.0
42506,0.0,0,2.0
42507,30.0,0,1.0
42508,25.0,0,2.0
42509,0.0,0,0.0
42510,2.0,0,4.0
42511,29.0,0,-2.0
42512,20.0,0,1.0
42513,29.0,0,1.0
42514,28.0,0,1.0
42515,1.0,1,1.0
42516,27.0,1,3.0
42517,0.0,0,0.0
42518,0.0,0,2.0
42519,30.0,0,1.0
42520,31.0,1,0.0
42521,0.0,0,2.0
42522,7.0,1,1.0
42523,27.0,1,2.0
42524,21.0,0,1.0
42525,7.0,0,2.0
42526,22.0,0,1.0
42527,0.0,0,3.0
42528,26.0,0,3.0
42529,0.0,0,0.0
42530,31.0,0,0.0
42531,30.0,0,1.0
42532,8.0,0,2.0
42533,30.0,1,0.0
42534,0.0,0,1.0
42535,26.0,1,2.0
42536,0.0,0,0.0
42537,31.0,0,0.0
42538,0.0,0,1.0
42539,8.0,0,2.0
42540,4.0,1,4.0
42541,0.0,0,0.0
42542,21.0,0,-1.0
42543,25.0,0,1.0
42544,31.0,0,0.0
42545,0.0,0,3.0
42546,31.0,1,3.0
42547,0.0,1,0.0
42548,19.0,0,1.0
42549,23.0,1,4.0
42550,0.0,0,1.0
42551,25.0,1,1.0
42552,0.0,0,0.0
42553,31.0,0,0.0
42554,2.0,1,2.0
42555,31.0,0,0.0
42556,16.0,0,4.0
42557,20.0,0,1.0
42558,23.0,0,2.0
42559,30.0,0,1.0
42560,0.0,0,0.0
42561,31.0,0,0.0
42562,1.0,1,1.0
42563,0.0,0,0.0
42564,2.0,1,2.0
42565,0.0,0,0.0
42566,0.0,0,0.0
42567,30.0,0,1.0
42568,3.0,1,3.0
42569,30.0,0,1.0
42570,14.0,0,1.0
42571,2.0,1,2.0
42572,1.0,0,-1.0
42573,29.0,0,1.0
42574,4.0,1,0.0
42575,0.0,0,1.0
42576,1.0,1,1.0
42577,0.0,0,3.0
42578,31.0,1,-0.0
42579,31.0,1,0.0
42580,6.0,0,0.0
42581,10.0,0,1.0
42582,29.0,0,-2.0
42583,23.0,0,2.0
42584,31.0,1,0.0
42585,0.0,0,0.0
42586,0.0,1,0.0
42587,0.0,0,0.0
42588,31.0,1,2.0
42589,24.0,1,1.0
42590,14.0,0,1.0
42591,0.0,0,3.0
42592,18.0,0,0.0
42593,0.0,0,2.0
42594,27.0,0,1.0
42595,23.0,0,1.0
42596,0.0,0,1.0
42597,31.0,0,-1.0
42598,30.0,0,1.0
42599,23.0,0,3.0
42600,26.0,0,4.0
42601,0.0,0,1.0
42602,29.0,0,2.0
42603,0.0,0,3.0
42604,0.0,0,0.0
42605,31.0,0,0.0
42606,0.0,0,3.0
42607,22.0,0,2.0
42608,30.0,0,1.0
42609,0.0,0,0.0
42610,0.0,0,1.0
42611,2.0,1,2.0
42612,0.0,0,0.0
42613,31.0,1,2.0
42614,3.0,0,2.0
42615,19.0,0,-1.0
42616,31.0,0,0.0
42617,0.0,0,0.0
42618,20.0,0,2.0
42619,11.0,0,3.0
42620,0.0,0,0.0
42621,25.0,0,1.0
42622,29.0,0,-1.0
42623,27.0,0,3.0
42624,0.0,0,0.0
42625,31.0,0,0.0
42626,0.0,0,2.0
42627,0.0,0,0.0
42628,0.0,0,2.0
42629,0.0,0,1.0
42630,7.0,0,1.0
42631,2.0,1,2.0
42632,2.0,0,3.0
42633,17.0,0,2.0
42634,0.0,0,0.0
42635,10.0,0,-0.0
42636,0.0,0,2.0
42637,22.0,0,1.0
42638,30.0,0,1.0
42639,31.0,0,0.0
42640,22.0,0,-4.0
42641,26.0,1,4.0
42642,12.0,0,1.0
42643,29.0,1,-2.0
42644,19.0,1,-0.0
42645,29.0,0,-1.0
42646,24.0,0,1.0
42647,0.0,0,1.0
42648,31.0,0,0.0
42649,31.0,1,3.0
42650,26.0,0,4.0
42651,0.0,0,1.0
42652,20.0,0,3.0
42653,30.0,0,1.0
42654,0.0,0,2.0
42655,16.0,1,-0.0
42656,7.0,0,1.0
42657,27.0,0,1.0
42658,28.0,0,2.0
42659,0.0,0,1.0
42660,25.0,0,-1.0
42661,28.0,0,-1.0
42662,10.0,0,-1.0
42663,1.0,0,3.0
42664,0.0,0,0.0
42665,0.0,0,0.0
42666,24.0,0,3.0
42667,25.0,0,2.0
42668,29.0,0,2.0
42669,0.0,0,0.0
42670,0.0,0,0.0
42671,20.0,0,-0.0
42672,31.0,0,0.0
42673,0.0,0,0.0
42674,2.0,0,-0.0
42675,29.0,0,-1.0
42676,30.0,0,1.0
42677,31.0,0,0.0
42678,26.0,1,0.0
42679,0.0,0,1.0
42680,20.0,0,2.0
42681,23.0,0,0.0
42682,27.0,0,0.0
42683,0.0,0,3.0
42684,1.0,1,1.0
42685,9.0,1,-1.0
42686,22.0,0,3.0
42687,27.0,0,-2.0
42688,0.0,0,1.0
42689,19.0,0,1.0
42690,29.0,1,3.0
42691,15.0,1,-1.0
42692,0.0,0,0.0
42693,0.0,0,2.0
42694,0.0,0,0.0
42695,27.0,1,-0.0
42696,31.0,0,0.0
42697,0.0,0,2.0
42698,3.0,0,0.0
42699,18.0,0,-3.0
42700,20.0,0,1.0
42701,0.0,0,2.0
42702,20.0,0,2.0
42703,15.0,0,2.0
42704,2.0,1,2.0
42705,3.0,0,2.0
42706,30.0,0,1.0
42707,0.0,0,1.0
42708,1.0,0,-1.0
42709,31.0,0,0.0
42710,0.0,0,0.0
42711,0.0,0,1.0
42712,5.0,0,1.0
42713,22.0,0,6.0
42714,31.0,1,0.0
42715,0.0,1,0.0
42716,8.0,0,3.0
42717,31.0,0,0.0
42718,0.0,0,1.0
42719,0.0,0,3.0
42720,6.0,1,6.0
42721,0.0,0,0.0
42722,12.0,0,2.0
42723,24.0,0,1.0
42724,31.0,0,-1.0
42725,26.0,0,2.0
42726,25.0,0,-0.0
42727,0.0,0,0.0
42728,18.0,1,2.0
42729,17.0,0,1.0
42730,25.0,0,-0.0
42731,12.0,0,3.0
42732,31.0,1,4.0
42733,0.0,0,5.0
42734,0.0,0,3.0
42735,24.0,0,-1.0
42736,15.0,0,2.0
42737,30.0,0,-2.0
42738,0.0,0,0.0
42739,17.0,0,3.0
42740,19.0,0,1.0
42741,23.0,0,-2.0
42742,31.0,0,-0.0
42743,17.0,0,-0.0
42744,31.0,0,0.0
42745,0.0,0,0.0
42746,29.0,0,-2.0
42747,0.0,0,0.0
42748,25.0,0,1.0
42749,15.0,0,3.0
42750,22.0,0,2.0
42751,21.0,1,1.0
42752,30.0,0,1.0
42753,31.0,0,-1.0
42754,0.0,0,0.0
42755,13.0,0,-1.0
42756,0.0,1,0.0
42757,31.0,0,0.0
42758,31.0,0,0.0
42759,30.0,0,0.0
42760,27.0,0,3.0
42761,17.0,0,1.0
42762,13.0,0,-2.0
42763,31.0,0,0.0
42764,29.0,0,-0.0
42765,31.0,0,0.0
42766,0.0,0,0.0
42767,0.0,0,0.0
42768,24.0,0,2.0
42769,5.0,0,2.0
42770,17.0,1,1.0
42771,20.0,0,2.0
42772,24.0,0,3.0
42773,24.0,0,4.0
42774,22.0,0,1.0
42775,0.0,0,1.0
42776,22.0,0,-2.0
42777,31.0,0,0.0
42778,31.0,0,0.0
42779,22.0,0,-0.0
42780,24.0,0,4.0
42781,9.0,0,4.0
42782,30.0,0,1.0
42783,0.0,0,6.0
42784,25.0,1,1.0
42785,29.0,0,1.0
42786,26.0,0,-0.0
42787,27.0,0,2.0
42788,21.0,0,0.0
42789,24.0,0,2.0
42790,2.0,1,2.0
42791,0.0,0,3.0
42792,29.0,0,2.0
42793,31.0,0,0.0
42794,0.0,0,1.0
42795,0.0,0,0.0
42796,0.0,0,0.0
42797,22.0,0,0.0
42798,2.0,1,1.0
42799,10.0,0,0.0
42800,0.0,0,3.0
42801,0.0,0,2.0
42802,29.0,0,-0.0
42803,31.0,1,3.0
42804,29.0,0,2.0
42805,31.0,1,1.0
42806,14.0,1,3.0
42807,16.0,1,1.0
42808,25.0,1,1.0
42809,29.0,0,-5.0
42810,13.0,0,-0.0
42811,31.0,1,0.0
42812,31.0,0,0.0
42813,2.0,0,-1.0
42814,31.0,0,0.0
42815,0.0,0,1.0
42816,0.0,0,3.0
42817,1.0,1,1.0
42818,31.0,1,1.0
42819,5.0,0,-0.0
42820,31.0,0,0.0
42821,31.0,0,0.0
42822,31.0,0,0.0
42823,15.0,1,2.0
42824,0.0,0,0.0
42825,3.0,1,3.0
42826,0.0,0,0.0
42827,25.0,1,2.0
42828,27.0,0,1.0
42829,31.0,0,0.0
42830,31.0,1,0.0
42831,31.0,1,3.0
42832,0.0,0,1.0
42833,22.0,0,0.0
42834,26.0,0,-0.0
42835,0.0,0,0.0
42836,31.0,0,0.0
42837,9.0,0,-1.0
42838,20.0,0,-1.0
42839,21.0,0,1.0
42840,30.0,0,1.0
42841,1.0,0,1.0
42842,0.0,0,0.0
42843,12.0,0,-1.0
42844,0.0,0,1.0
42845,12.0,0,2.0
42846,23.0,0,2.0
42847,0.0,0,6.0
42848,19.0,1,4.0
42849,31.0,0,0.0
42850,2.0,1,2.0
42851,0.0,0,1.0
42852,31.0,0,0.0
42853,0.0,0,1.0
42854,0.0,0,0.0
42855,30.0,0,0.0
42856,31.0,0,0.0
42857,29.0,0,2.0
42858,0.0,0,1.0
42859,0.0,0,1.0
42860,19.0,0,-3.0
42861,31.0,0,-2.0
42862,8.0,1,1.0
42863,30.0,0,1.0
42864,24.0,1,3.0
42865,0.0,1,0.0
42866,22.0,0,1.0
42867,29.0,0,2.0
42868,31.0,0,0.0
42869,0.0,0,0.0
42870,25.0,0,5.0
42871,11.0,0,3.0
42872,31.0,0,0.0
42873,0.0,0,0.0
42874,0.0,0,0.0
42875,29.0,0,2.0
42876,20.0,0,4.0
42877,22.0,0,2.0
42878,0.0,0,2.0
42879,13.0,0,-2.0
42880,29.0,0,-2.0
42881,1.0,0,-1.0
42882,10.0,0,1.0
42883,23.0,0,3.0
42884,0.0,0,1.0
42885,31.0,1,0.0
42886,22.0,1,2.0
42887,31.0,0,-3.0
42888,31.0,0,0.0
42889,29.0,0,2.0
42890,27.0,0,3.0
42891,30.0,0,1.0
42892,13.0,0,1.0
42893,22.0,0,-1.0
42894,27.0,0,0.0
42895,31.0,0,0.0
42896,15.0,0,-1.0
42897,24.0,0,2.0
42898,0.0,0,0.0
42899,0.0,0,2.0
42900,29.0,1,2.0
42901,0.0,0,0.0
42902,31.0,0,0.0
42903,11.0,0,1.0
42904,15.0,0,3.0
42905,27.0,0,-0.0
42906,24.0,0,2.0
42907,0.0,0,2.0
42908,24.0,0,1.0
42909,9.0,0,-3.0
42910,24.0,0,3.0
42911,6.0,0,4.0
42912,6.0,0,0.0
42913,0.0,0,3.0
42914,22.0,0,2.0
42915,21.0,1,4.0
42916,31.0,0,-1.0
42917,31.0,0,0.0
42918,23.0,0,0.0
42919,31.0,0,0.0
42920,29.0,0,2.0
42921,10.0,0,2.0
42922,31.0,0,0.0
42923,0.0,0,2.0
42924,28.0,0,-0.0
42925,0.0,0,3.0
42926,9.0,0,3.0
42927,31.0,0,0.0
42928,31.0,0,0.0
42929,19.0,0,1.0
42930,31.0,0,0.0
42931,18.0,1,3.0
42932,25.0,0,2.0
42933,30.0,0,1.0
42934,6.0,0,3.0
42935,21.0,0,1.0
42936,25.0,0,2.0
42937,31.0,0,0.0
42938,21.0,1,2.0
42939,23.0,0,3.0
42940,0.0,0,0.0
42941,0.0,0,1.0
42942,28.0,0,0.0
42943,2.0,1,1.0
42944,0.0,0,0.0
42945,27.0,0,4.0
42946,0.0,0,0.0
42947,6.0,0,2.0
42948,22.0,0,1.0
42949,30.0,0,1.0
42950,31.0,0,0.0
42951,15.0,1,1.0
42952,31.0,0,0.0
42953,0.0,0,1.0
42954,31.0,1,2.0
42955,26.0,0,-2.0
42956,31.0,1,0.0
42957,14.0,0,2.0
42958,29.0,0,2.0
42959,19.0,0,1.0
42960,27.0,0,2.0
42961,24.0,0,4.0
42962,12.0,0,-2.0
42963,31.0,1,0.0
42964,15.0,0,1.0
42965,0.0,0,7.0
42966,31.0,0,0.0
42967,27.0,0,1.0
42968,24.0,0,4.0
42969,17.0,0,2.0
42970,31.0,0,-2.0
42971,31.0,0,0.0
42972,30.0,0,1.0
42973,26.0,0,0.0
42974,0.0,0,0.0
42975,4.0,1,2.0
42976,22.0,0,1.0
42977,24.0,0,2.0
42978,30.0,0,1.0
42979,29.0,0,1.0
42980,26.0,0,5.0
42981,10.0,1,1.0
42982,31.0,1,1.0
42983,23.0,0,1.0
42984,0.0,0,0.0
42985,0.0,0,2.0
42986,0.0,0,2.0
42987,0.0,1,0.0
42988,31.0,1,1.0
42989,1.0,0,1.0
42990,8.0,1,1.0
42991,31.0,0,0.0
42992,26.0,0,3.0
42993,0.0,0,1.0
42994,0.0,1,0.0
42995,0.0,0,0.0
42996,30.0,0,1.0
42997,18.0,0,3.0
42998,0.0,0,0.0
42999,1.0,0,1.0
43000,26.0,1,1.0
43001,0.0,1,0.0
43002,0.0,0,2.0
43003,24.0,0,-2.0
43004,0.0,0,4.0
43005,18.0,0,1.0
43006,26.0,0,2.0
43007,14.0,0,1.0
43008,27.0,0,1.0
43009,12.0,0,-0.0
43010,24.0,0,-0.0
43011,31.0,0,-0.0
43012,0.0,0,3.0
43013,31.0,0,0.0
43014,30.0,0,1.0
43015,0.0,0,1.0
43016,14.0,0,3.0
43017,0.0,0,1.0
43018,13.0,0,3.0
43019,27.0,0,4.0
43020,27.0,0,-2.0
43021,0.0,0,3.0
43022,30.0,0,1.0
43023,23.0,0,-2.0
43024,7.0,0,-0.0
43025,0.0,0,0.0
43026,31.0,0,-4.0
43027,24.0,0,0.0
43028,6.0,0,2.0
43029,1.0,1,-2.0
43030,31.0,0,0.0
43031,31.0,1,1.0
43032,3.0,0,-2.0
43033,22.0,0,0.0
43034,0.0,0,2.0
43035,30.0,0,-1.0
43036,0.0,0,1.0
43037,27.0,0,1.0
43038,30.0,1,-0.0
43039,31.0,0,0.0
43040,0.0,0,3.0
43041,6.0,1,2.0
43042,31.0,0,0.0
43043,30.0,0,-0.0
43044,12.0,0,0.0
43045,0.0,0,1.0
43046,30.0,0,1.0
43047,30.0,0,1.0
43048,30.0,0,1.0
43049,8.0,0,-0.0
43050,31.0,0,0.0
43051,0.0,0,1.0
43052,31.0,0,0.0
43053,29.0,0,1.0
43054,0.0,0,2.0
43055,26.0,0,3.0
43056,0.0,0,1.0
43057,22.0,0,2.0
43058,16.0,0,1.0
43059,0.0,0,0.0
43060,0.0,0,0.0
43061,31.0,0,0.0
43062,0.0,0,0.0
43063,0.0,0,0.0
43064,22.0,0,-2.0
43065,28.0,0,2.0
43066,31.0,0,0.0
43067,1.0,0,-1.0
43068,25.0,0,0.0
43069,28.0,0,2.0
43070,0.0,0,0.0
43071,29.0,0,1.0
43072,12.0,0,2.0
43073,0.0,0,0.0
43074,23.0,0,4.0
43075,0.0,0,0.0
43076,0.0,0,0.0
43077,17.0,0,3.0
43078,0.0,0,4.0
43079,31.0,0,0.0
43080,30.0,0,1.0
43081,31.0,1,0.0
43082,31.0,0,0.0
43083,30.0,0,1.0
43084,22.0,0,3.0
43085,29.0,0,1.0
43086,31.0,1,-0.0
43087,27.0,1,1.0
43088,19.0,0,0.0
43089,6.0,0,-0.0
43090,22.0,0,1.0
43091,22.0,0,-1.0
43092,29.0,0,2.0
43093,31.0,1,0.0
43094,0.0,0,0.0
43095,7.0,1,4.0
43096,31.0,0,0.0
43097,13.0,0,-0.0
43098,0.0,0,3.0
43099,16.0,0,1.0
43100,31.0,0,0.0
43101,8.0,0,3.0
43102,9.0,0,5.0
43103,30.0,0,0.0
43104,19.0,0,2.0
43105,0.0,1,0.0
43106,18.0,1,2.0
43107,26.0,1,2.0
43108,21.0,0,3.0
43109,29.0,1,0.0
43110,0.0,1,0.0
43111,17.0,0,1.0
43112,0.0,0,2.0
43113,1.0,1,1.0
43114,20.0,0,2.0
43115,0.0,0,1.0
43116,9.0,0,-1.0
43117,31.0,0,0.0
43118,14.0,0,-0.0
43119,23.0,0,1.0
43120,26.0,0,-4.0
43121,14.0,0,0.0
43122,19.0,0,-0.0
43123,0.0,0,2.0
43124,31.0,0,0.0
43125,31.0,0,0.0
43126,0.0,0,3.0
43127,0.0,0,2.0
43128,30.0,0,1.0
43129,30.0,0,0.0
43130,0.0,0,1.0
43131,20.0,0,1.0
43132,28.0,0,1.0
43133,4.0,1,4.0
43134,0.0,0,2.0
43135,26.0,0,2.0
43136,29.0,0,0.0
43137,0.0,0,2.0
43138,0.0,0,1.0
43139,0.0,0,3.0
43140,29.0,0,1.0
43141,25.0,0,1.0
43142,16.0,0,0.0
43143,0.0,0,3.0
43144,0.0,0,0.0
43145,20.0,0,-5.0
43146,0.0,0,3.0
43147,25.0,1,2.0
43148,0.0,0,0.0
43149,25.0,0,1.0
43150,0.0,0,0.0
43151,0.0,0,0.0
43152,31.0,1,0.0
43153,0.0,0,3.0
43154,19.0,0,2.0
43155,8.0,1,-2.0
43156,17.0,0,5.0
43157,0.0,1,0.0
43158,31.0,0,0.0
43159,31.0,0,-0.0
43160,19.0,0,-3.0
43161,0.0,1,0.0
43162,24.0,1,2.0
43163,29.0,0,2.0
43164,23.0,0,1.0
43165,30.0,0,1.0
43166,1.0,1,1.0
43167,28.0,0,-4.0
43168,14.0,0,2.0
43169,28.0,0,3.0
43170,29.0,0,-0.0
43171,0.0,1,0.0
43172,31.0,0,-0.0
43173,6.0,0,2.0
43174,27.0,0,2.0
43175,31.0,0,-0.0
43176,17.0,0,2.0
43177,14.0,1,1.0
43178,29.0,0,2.0
43179,29.0,0,2.0
43180,2.0,1,2.0
43181,29.0,0,-0.0
43182,3.0,1,3.0
43183,2.0,0,4.0
43184,0.0,0,4.0
43185,28.0,0,3.0
43186,12.0,0,1.0
43187,0.0,0,1.0
43188,0.0,1,0.0
43189,0.0,0,0.0
43190,29.0,0,2.0
43191,4.0,0,-0.0
43192,29.0,0,2.0
43193,31.0,1,2.0
43194,30.0,0,0.0
43195,3.0,0,3.0
43196,0.0,0,1.0
43197,29.0,0,2.0
43198,0.0,0,3.0
43199,22.0,0,2.0
43200,4.0,1,4.0
43201,23.0,0,2.0
43202,28.0,1,-2.0
43203,27.0,1,2.0
43204,0.0,0,0.0
43205,0.0,0,4.0
43206,27.0,0,0.0
43207,1.0,1,1.0
43208,10.0,1,1.0
43209,11.0,0,-1.0
43210,27.0,0,4.0
43211,31.0,0,0.0
43212,8.0,1,2.0
43213,24.0,0,1.0
43214,30.0,0,1.0
43215,0.0,0,1.0
43216,25.0,1,-2.0
43217,7.0,0,-3.0
43218,31.0,0,0.0
43219,0.0,0,0.0
43220,29.0,0,2.0
43221,0.0,1,0.0
43222,31.0,0,0.0
43223,30.0,0,1.0
43224,26.0,0,-1.0
43225,20.0,1,1.0
43226,0.0,0,2.0
43227,2.0,0,1.0
43228,0.0,0,3.0
43229,5.0,0,1.0
43230,9.0,0,3.0
43231,22.0,0,1.0
43232,23.0,0,1.0
43233,10.0,0,4.0
43234,2.0,0,3.0
43235,0.0,0,2.0
43236,31.0,0,-2.0
43237,25.0,0,-0.0
43238,31.0,0,-1.0
43239,7.0,0,1.0
43240,31.0,0,0.0
43241,30.0,1,-0.0
43242,13.0,0,1.0
43243,25.0,0,1.0
43244,31.0,1,0.0
43245,27.0,0,1.0
43246,27.0,0,-5.0
43247,0.0,0,0.0
43248,16.0,0,-0.0
43249,27.0,0,2.0
43250,0.0,0,2.0
43251,31.0,0,0.0
43252,0.0,0,0.0
43253,27.0,0,2.0
43254,26.0,1,2.0
43255,0.0,0,1.0
43256,25.0,0,3.0
43257,0.0,0,1.0
43258,30.0,1,1.0
43259,31.0,1,0.0
43260,30.0,0,0.0
43261,0.0,0,0.0
43262,0.0,0,0.0
43263,18.0,0,-0.0
43264,21.0,0,2.0
43265,31.0,0,0.0
43266,0.0,0,1.0
43267,31.0,1,0.0
43268,11.0,1,5.0
43269,19.0,0,1.0
43270,5.0,0,0.0
43271,0.0,0,0.0
43272,25.0,1,2.0
43273,0.0,0,0.0
43274,1.0,1,1.0
43275,27.0,0,1.0
43276,24.0,0,0.0
43277,9.0,0,3.0
43278,17.0,0,-5.0
43279,28.0,1,1.0
43280,1.0,0,-1.0
43281,27.0,0,1.0
43282,23.0,0,1.0
43283,23.0,0,5.0
43284,30.0,0,-1.0
43285,31.0,0,0.0
43286,31.0,1,0.0
43287,0.0,1,0.0
43288,30.0,0,1.0
43289,31.0,0,0.0
43290,21.0,0,0.0
43291,0.0,0,0.0
43292,2.0,1,2.0
43293,0.0,0,0.0
43294,24.0,0,0.0
43295,31.0,1,0.0
43296,30.0,0,-2.0
43297,31.0,0,-3.0
43298,31.0,0,-2.0
43299,31.0,0,0.0
43300,8.0,0,3.0
43301,25.0,0,0.0
43302,31.0,0,0.0
43303,19.0,0,2.0
43304,0.0,0,0.0
43305,0.0,0,0.0
43306,28.0,1,-3.0
43307,0.0,0,4.0
43308,5.0,0,1.0
43309,31.0,1,0.0
43310,20.0,0,1.0
43311,27.0,1,3.0
43312,29.0,0,-0.0
43313,0.0,0,1.0
43314,21.0,0,4.0
43315,27.0,0,1.0
43316,22.0,0,1.0
43317,31.0,0,0.0
43318,29.0,0,2.0
43319,26.0,0,1.0
43320,26.0,0,2.0
43321,27.0,1,2.0
43322,31.0,1,3.0
43323,8.0,1,2.0
43324,18.0,0,1.0
43325,0.0,0,2.0
43326,21.0,0,3.0
43327,2.0,0,2.0
43328,31.0,0,0.0
43329,13.0,0,2.0
43330,18.0,0,4.0
43331,31.0,0,-1.0
43332,31.0,0,0.0
43333,0.0,0,1.0
43334,30.0,0,-0.0
43335,31.0,0,0.0
43336,30.0,0,1.0
43337,0.0,0,1.0
43338,10.0,0,2.0
43339,31.0,1,0.0
43340,18.0,1,1.0
43341,3.0,1,3.0
43342,28.0,0,-0.0
43343,5.0,0,3.0
43344,30.0,0,0.0
43345,31.0,1,0.0
43346,16.0,0,2.0
43347,0.0,0,0.0
43348,2.0,1,2.0
43349,0.0,0,1.0
43350,4.0,0,3.0
43351,31.0,0,0.0
43352,0.0,0,2.0
43353,23.0,0,6.0
43354,21.0,0,4.0
43355,23.0,0,0.0
43356,31.0,0,0.0
43357,14.0,0,3.0
43358,2.0,0,4.0
43359,0.0,0,2.0
43360,1.0,1,1.0
43361,26.0,0,2.0
43362,22.0,1,1.0
43363,31.0,0,0.0
43364,22.0,0,-1.0
43365,22.0,0,-1.0
43366,0.0,0,3.0
43367,0.0,0,2.0
43368,25.0,0,-0.0
43369,28.0,0,-2.0
43370,19.0,0,-1.0
43371,18.0,0,3.0
43372,16.0,0,6.0
43373,4.0,1,-0.0
43374,0.0,0,0.0
43375,19.0,0,-1.0
43376,0.0,0,0.0
43377,28.0,0,3.0
43378,0.0,0,1.0
43379,12.0,0,5.0
43380,0.0,0,0.0
43381,26.0,0,-1.0
43382,0.0,0,2.0
43383,25.0,0,1.0
43384,0.0,1,0.0
43385,16.0,0,-1.0
43386,31.0,0,0.0
43387,29.0,0,2.0
43388,25.0,0,2.0
43389,24.0,0,5.0
43390,28.0,1,-0.0
43391,0.0,0,0.0
43392,27.0,0,1.0
43393,31.0,0,0.0
43394,31.0,0,0.0
43395,31.0,0,-0.0
43396,27.0,0,1.0
43397,4.0,0,0.0
43398,24.0,0,-0.0
43399,3.0,1,3.0
43400,0.0,1,0.0
43401,31.0,0,0.0
43402,31.0,1,0.0
43403,0.0,1,0.0
43404,0.0,0,4.0
43405,4.0,1,0.0
43406,15.0,1,1.0
43407,0.0,0,1.0
43408,31.0,0,0.0
43409,6.0,0,1.0
43410,29.0,1,0.0
43411,0.0,0,0.0
43412,1.0,1,1.0
43413,4.0,0,-1.0
43414,2.0,1,2.0
43415,6.0,0,3.0
43416,31.0,0,-1.0
43417,31.0,0,0.0
43418,30.0,0,-1.0
43419,31.0,0,0.0
43420,17.0,0,0.0
43421,15.0,1,1.0
43422,31.0,1,1.0
43423,25.0,0,1.0
43424,24.0,0,4.0
43425,21.0,0,-1.0
43426,0.0,0,2.0
43427,13.0,0,4.0
43428,6.0,0,2.0
43429,0.0,0,1.0
43430,27.0,1,2.0
43431,0.0,0,0.0
43432,0.0,1,0.0
43433,17.0,0,2.0
43434,0.0,0,2.0
43435,0.0,0,0.0
43436,31.0,0,0.0
43437,1.0,1,1.0
43438,31.0,1,0.0
43439,26.0,0,2.0
43440,7.0,1,3.0
43441,31.0,1,0.0
43442,0.0,0,4.0
43443,0.0,0,3.0
43444,31.0,0,0.0
43445,29.0,0,-0.0
43446,3.0,0,-0.0
43447,27.0,0,3.0
43448,0.0,0,2.0
43449,31.0,1,1.0
43450,0.0,0,2.0
43451,31.0,0,0.0
43452,13.0,0,-1.0
43453,0.0,0,2.0
43454,31.0,1,0.0
43455,23.0,0,-0.0
43456,31.0,1,0.0
43457,30.0,0,1.0
43458,12.0,0,1.0
43459,0.0,0,0.0
43460,15.0,0,0.0
43461,8.0,0,-1.0
43462,29.0,0,2.0
43463,21.0,0,-1.0
43464,0.0,0,2.0
43465,25.0,0,2.0
43466,31.0,0,0.0
43467,4.0,1,4.0
43468,24.0,0,1.0
43469,21.0,0,0.0
43470,9.0,0,-0.0
43471,28.0,0,1.0
43472,31.0,0,0.0
43473,15.0,0,5.0
43474,26.0,0,1.0
43475,0.0,0,4.0
43476,31.0,0,-0.0
43477,25.0,0,0.0
43478,29.0,0,1.0
43479,22.0,0,0.0
43480,0.0,0,3.0
43481,0.0,0,2.0
43482,26.0,0,2.0
43483,0.0,0,0.0
43484,16.0,0,2.0
43485,19.0,0,2.0
43486,27.0,0,1.0
43487,30.0,0,-2.0
43488,14.0,0,0.0
43489,0.0,0,2.0
43490,31.0,0,0.0
43491,7.0,0,1.0
43492,30.0,0,1.0
43493,13.0,0,1.0
43494,2.0,0,-0.0
43495,31.0,0,0.0
43496,29.0,0,-1.0
43497,0.0,0,0.0
43498,29.0,0,1.0
43499,22.0,0,1.0
43500,0.0,0,0.0
43501,10.0,0,5.0
43502,31.0,0,0.0
43503,15.0,0,2.0
43504,26.0,0,1.0
43505,21.0,0,-2.0
43506,30.0,0,-1.0
43507,0.0,0,0.0
43508,27.0,0,1.0
43509,5.0,0,8.0
43510,31.0,1,0.0
43511,26.0,0,-0.0
43512,31.0,0,0.0
43513,0.0,0,2.0
43514,30.0,1,1.0
43515,29.0,0,2.0
43516,31.0,0,0.0
43517,3.0,1,3.0
43518,28.0,0,3.0
43519,3.0,0,1.0
43520,0.0,0,3.0
43521,26.0,1,2.0
43522,17.0,0,3.0
43523,0.0,0,0.0
43524,31.0,1,2.0
43525,18.0,0,-0.0
43526,22.0,0,-1.0
43527,0.0,0,4.0
43528,24.0,0,2.0
43529,2.0,1,2.0
43530,16.0,0,-2.0
43531,27.0,0,4.0
43532,0.0,0,3.0
43533,18.0,0,0.0
43534,31.0,1,3.0
43535,0.0,1,0.0
43536,3.0,0,5.0
43537,2.0,1,2.0
43538,8.0,0,1.0
43539,29.0,0,-1.0
43540,3.0,0,4.0
43541,0.0,0,0.0
43542,19.0,0,-0.0
43543,28.0,0,1.0
43544,3.0,0,2.0
43545,0.0,0,3.0
43546,1.0,1,1.0
43547,13.0,0,0.0
43548,30.0,0,1.0
43549,0.0,0,2.0
43550,31.0,0,0.0
43551,0.0,0,2.0
43552,2.0,0,0.0
43553,0.0,0,0.0
43554,0.0,0,0.0
43555,23.0,0,-0.0
43556,29.0,0,0.0
43557,29.0,1,3.0
43558,31.0,0,0.0
43559,29.0,0,2.0
43560,31.0,0,0.0
43561,24.0,0,2.0
43562,31.0,0,0.0
43563,31.0,1,2.0
43564,26.0,0,-1.0
43565,29.0,1,1.0
43566,21.0,1,0.0
43567,31.0,1,0.0
43568,15.0,0,5.0
43569,12.0,0,0.0
43570,27.0,0,1.0
43571,0.0,0,0.0
43572,28.0,0,3.0
43573,28.0,0,3.0
43574,25.0,0,3.0
43575,14.0,0,0.0
43576,0.0,0,0.0
43577,21.0,0,3.0
43578,29.0,0,2.0
43579,26.0,0,-3.0
43580,26.0,0,1.0
43581,0.0,0,0.0
43582,29.0,0,-0.0
43583,0.0,0,3.0
43584,16.0,1,-0.0
43585,1.0,0,-0.0
43586,31.0,0,0.0
43587,31.0,0,-1.0
43588,24.0,1,4.0
43589,0.0,0,0.0
43590,31.0,1,0.0
43591,31.0,0,0.0
43592,24.0,0,1.0
43593,31.0,0,0.0
43594,21.0,1,3.0
43595,2.0,1,2.0
43596,30.0,0,1.0
43597,19.0,0,0.0
43598,31.0,0,0.0
43599,24.0,0,2.0
43600,30.0,0,-0.0
43601,0.0,0,3.0
43602,17.0,0,4.0
43603,20.0,0,6.0
43604,17.0,1,7.0
43605,22.0,0,3.0
43606,12.0,0,3.0
43607,31.0,0,0.0
43608,1.0,1,1.0
43609,28.0,0,1.0
43610,5.0,0,2.0
43611,29.0,0,2.0
43612,30.0,0,1.0
43613,9.0,1,1.0
43614,31.0,0,-1.0
43615,5.0,0,-1.0
43616,0.0,0,1.0
43617,17.0,1,4.0
43618,31.0,0,0.0
43619,30.0,1,0.0
43620,0.0,0,1.0
43621,28.0,0,-0.0
43622,31.0,0,0.0
43623,29.0,0,1.0
43624,7.0,0,4.0
43625,3.0,1,3.0
43626,31.0,0,0.0
43627,31.0,0,0.0
43628,31.0,0,-1.0
43629,0.0,0,0.0
43630,0.0,0,3.0
43631,17.0,0,1.0
43632,30.0,1,-1.0
43633,29.0,0,2.0
43634,31.0,1,0.0
43635,11.0,0,4.0
43636,18.0,0,1.0
43637,26.0,1,0.0
43638,27.0,0,0.0
43639,31.0,0,0.0
43640,31.0,0,0.0
43641,4.0,0,-1.0
43642,3.0,1,3.0
43643,0.0,0,0.0
43644,31.0,0,0.0
43645,23.0,0,5.0
43646,21.0,0,1.0
43647,0.0,1,0.0
43648,12.0,0,-0.0
43649,27.0,0,1.0
43650,31.0,0,0.0
43651,0.0,0,2.0
43652,31.0,0,-0.0
43653,31.0,0,0.0
43654,11.0,1,3.0
43655,20.0,0,0.0
43656,0.0,0,3.0
43657,31.0,0,0.0
43658,17.0,0,-1.0
43659,28.0,1,-0.0
43660,0.0,1,0.0
43661,31.0,0,0.0
43662,31.0,1,1.0
43663,19.0,0,-0.0
43664,26.0,0,0.0
43665,22.0,0,-0.0
43666,0.0,0,2.0
43667,0.0,1,0.0
43668,22.0,0,1.0
43669,28.0,0,3.0
43670,2.0,1,2.0
43671,31.0,0,0.0
43672,7.0,1,-0.0
43673,31.0,0,0.0
43674,0.0,0,0.0
43675,6.0,0,1.0
43676,29.0,1,0.0
43677,21.0,0,1.0
43678,31.0,1,2.0
43679,27.0,1,2.0
43680,14.0,0,2.0
43681,31.0,0,0.0
43682,31.0,0,0.0
43683,21.0,0,2.0
43684,29.0,0,2.0
43685,29.0,0,1.0
43686,23.0,0,-0.0
43687,0.0,0,3.0
43688,12.0,1,-2.0
43689,29.0,0,2.0
43690,30.0,0,1.0
43691,14.0,1,1.0
43692,0.0,0,1.0
43693,31.0,0,0.0
43694,30.0,0,0.0
43695,17.0,1,1.0
43696,11.0,0,2.0
43697,30.0,0,1.0
43698,26.0,0,2.0
43699,7.0,0,3.0
43700,28.0,1,0.0
43701,20.0,0,4.0
43702,13.0,0,-1.0
43703,31.0,0,-1.0
43704,31.0,0,0.0
43705,26.0,0,2.0
43706,0.0,0,0.0
43707,31.0,1,-0.0
43708,17.0,0,0.0
43709,27.0,0,4.0
43710,2.0,1,2.0
43711,0.0,0,4.0
43712,17.0,0,0.0
43713,6.0,0,2.0
43714,16.0,0,-0.0
43715,0.0,0,0.0
43716,31.0,0,-0.0
43717,0.0,0,3.0
43718,24.0,0,2.0
43719,24.0,0,1.0
43720,1.0,1,1.0
43721,0.0,0,2.0
43722,16.0,0,-2.0
43723,25.0,0,1.0
43724,28.0,0,3.0
43725,19.0,0,2.0
43726,3.0,0,-0.0
43727,26.0,0,1.0
43728,27.0,0,3.0
43729,29.0,0,2.0
43730,29.0,0,2.0
43731,28.0,0,2.0
43732,0.0,0,0.0
43733,31.0,0,-1.0
43734,11.0,0,-1.0
43735,25.0,0,2.0
43736,0.0,0,0.0
43737,31.0,0,0.0
43738,31.0,0,0.0
43739,14.0,0,-1.0
43740,22.0,0,1.0
43741,0.0,1,0.0
43742,30.0,0,1.0
43743,11.0,0,-0.0
43744,25.0,0,0.0
43745,12.0,0,-3.0
43746,0.0,0,2.0
43747,30.0,0,-2.0
43748,31.0,1,0.0
43749,20.0,0,2.0
43750,31.0,0,0.0
43751,15.0,0,3.0
43752,0.0,0,2.0
43753,14.0,0,3.0
43754,11.0,0,2.0
43755,19.0,0,-0.0
43756,11.0,0,4.0
43757,29.0,0,2.0
43758,29.0,0,2.0
43759,9.0,0,1.0
43760,0.0,0,6.0
43761,30.0,0,1.0
43762,31.0,0,0.0
43763,28.0,0,0.0
43764,31.0,0,0.0
43765,31.0,0,0.0
43766,31.0,1,1.0
43767,18.0,0,2.0
43768,20.0,1,0.0
43769,31.0,0,-0.0
43770,22.0,0,1.0
43771,28.0,0,3.0
43772,31.0,0,0.0
43773,0.0,0,1.0
43774,18.0,0,0.0
43775,22.0,1,2.0
43776,0.0,1,0.0
43777,28.0,0,-1.0
43778,28.0,0,2.0
43779,31.0,0,-1.0
43780,31.0,1,0.0
43781,10.0,0,2.0
43782,24.0,0,-2.0
43783,16.0,0,-1.0
43784,14.0,1,-1.0
43785,0.0,0,0.0
43786,27.0,0,1.0
43787,31.0,0,0.0
43788,0.0,0,3.0
43789,31.0,1,2.0
43790,28.0,0,0.0
43791,31.0,0,0.0
43792,21.0,0,0.0
43793,0.0,0,1.0
43794,0.0,0,0.0
43795,0.0,1,0.0
43796,0.0,0,0.0
43797,25.0,1,1.0
43798,0.0,0,0.0
43799,31.0,0,0.0
43800,29.0,0,-1.0
43801,30.0,0,-0.0
43802,26.0,0,-0.0
43803,0.0,0,2.0
43804,0.0,0,2.0
43805,8.0,0,1.0
43806,9.0,1,0.0
43807,31.0,1,2.0
43808,18.0,0,2.0
43809,21.0,0,3.0
43810,0.0,0,0.0
43811,0.0,0,0.0
43812,23.0,0,2.0
43813,0.0,0,0.0
43814,14.0,0,-1.0
43815,0.0,0,2.0
43816,31.0,0,0.0
43817,6.0,0,1.0
43818,25.0,0,1.0
43819,1.0,1,1.0
43820,17.0,0,2.0
43821,12.0,0,1.0
43822,0.0,0,2.0
43823,0.0,0,1.0
43824,24.0,0,3.0
43825,0.0,0,0.0
43826,30.0,0,-1.0
43827,31.0,0,-0.0
43828,31.0,0,0.0
43829,30.0,0,1.0
43830,31.0,0,0.0
43831,0.0,0,2.0
43832,0.0,0,0.0
43833,30.0,0,1.0
43834,31.0,0,0.0
43835,0.0,0,0.0
43836,1.0,1,1.0
43837,23.0,0,2.0
43838,27.0,0,3.0
43839,0.0,0,1.0
43840,0.0,0,0.0
43841,25.0,0,-0.0
43842,23.0,0,1.0
43843,31.0,0,-1.0
43844,25.0,0,3.0
43845,30.0,0,0.0
43846,0.0,0,1.0
43847,31.0,1,0.0
43848,31.0,1,0.0
43849,0.0,0,1.0
43850,12.0,0,3.0
43851,28.0,0,3.0
43852,31.0,0,0.0
43853,31.0,0,0.0
43854,19.0,0,-0.0
43855,31.0,0,0.0
43856,0.0,0,2.0
43857,13.0,0,-0.0
43858,12.0,0,5.0
43859,0.0,0,0.0
43860,0.0,0,0.0
43861,31.0,1,0.0
43862,2.0,1,2.0
43863,0.0,0,1.0
43864,0.0,0,0.0
43865,13.0,0,-1.0
43866,29.0,0,0.0
43867,22.0,0,1.0
43868,28.0,0,-0.0
43869,26.0,0,3.0
43870,0.0,0,0.0
43871,3.0,1,3.0
43872,31.0,0,-0.0
43873,22.0,0,3.0
43874,0.0,0,0.0
43875,0.0,1,0.0
43876,29.0,0,2.0
43877,31.0,0,-2.0
43878,25.0,0,1.0
43879,30.0,0,1.0
43880,30.0,1,1.0
43881,27.0,0,2.0
43882,25.0,0,1.0
43883,26.0,1,1.0
43884,16.0,0,1.0
43885,0.0,1,0.0
43886,0.0,0,0.0
43887,0.0,0,0.0
43888,0.0,1,0.0
43889,24.0,0,2.0
43890,17.0,0,1.0
43891,16.0,0,3.0
43892,0.0,0,4.0
43893,30.0,0,-1.0
43894,22.0,0,1.0
43895,0.0,0,2.0
43896,0.0,0,0.0
43897,28.0,0,1.0
43898,0.0,0,0.0
43899,26.0,0,3.0
43900,0.0,0,0.0
43901,15.0,0,1.0
43902,30.0,0,0.0
43903,0.0,0,0.0
43904,0.0,0,0.0
43905,6.0,0,2.0
43906,28.0,0,3.0
43907,20.0,0,3.0
43908,4.0,0,0.0
43909,21.0,0,2.0
43910,27.0,0,0.0
43911,0.0,0,0.0
43912,31.0,0,-0.0
43913,31.0,0,0.0
43914,4.0,1,4.0
43915,29.0,0,2.0
43916,31.0,0,0.0
43917,31.0,0,0.0
43918,27.0,0,-2.0
43919,19.0,0,4.0
43920,28.0,0,-1.0
43921,26.0,0,-1.0
43922,16.0,0,1.0
43923,30.0,0,1.0
43924,31.0,1,2.0
43925,20.0,0,-3.0
43926,23.0,0,2.0
43927,31.0,0,0.0
43928,14.0,0,0.0
43929,22.0,0,1.0
43930,0.0,0,0.0
43931,29.0,0,2.0
43932,31.0,0,0.0
43933,5.0,0,1.0
43934,31.0,0,0.0
43935,0.0,0,0.0
43936,17.0,1,-1.0
43937,24.0,0,2.0
43938,31.0,1,0.0
43939,0.0,0,5.0
43940,23.0,1,2.0
43941,24.0,0,3.0
43942,29.0,1,-2.0
43943,19.0,1,1.0
43944,0.0,0,0.0
43945,1.0,0,-1.0
43946,30.0,0,1.0
43947,28.0,0,1.0
43948,3.0,1,3.0
43949,23.0,0,5.0
43950,0.0,0,1.0
43951,31.0,1,1.0
43952,13.0,0,-2.0
43953,5.0,0,-0.0
43954,29.0,0,0.0
43955,31.0,1,0.0
43956,31.0,0,0.0
43957,24.0,0,5.0
43958,21.0,0,2.0
43959,31.0,0,0.0
43960,31.0,0,0.0
43961,26.0,0,4.0
43962,30.0,0,-0.0
43963,26.0,0,1.0
43964,0.0,0,1.0
43965,0.0,0,0.0
43966,30.0,0,1.0
43967,9.0,0,0.0
43968,23.0,0,2.0
43969,31.0,0,0.0
43970,22.0,0,5.0
43971,13.0,0,-1.0
43972,16.0,0,-1.0
43973,0.0,0,1.0
43974,18.0,1,0.0
43975,31.0,0,-0.0
43976,0.0,1,0.0
43977,25.0,1,3.0
43978,0.0,0,0.0
43979,31.0,0,-1.0
43980,31.0,1,0.0
43981,23.0,0,4.0
43982,1.0,1,1.0
43983,28.0,0,1.0
43984,0.0,0,0.0
43985,31.0,0,-1.0
43986,2.0,1,2.0
43987,0.0,0,0.0
43988,31.0,0,0.0
43989,0.0,0,0.0
43990,31.0,0,0.0
43991,26.0,0,-0.0
43992,28.0,0,-0.0
43993,29.0,1,2.0
43994,18.0,0,-2.0
43995,19.0,1,-1.0
43996,0.0,0,0.0
43997,2.0,0,2.0
43998,31.0,0,0.0
43999,0.0,0,0.0
44000,31.0,0,-1.0
44001,31.0,0,0.0
44002,31.0,0,0.0
44003,0.0,0,2.0
44004,0.0,0,4.0
44005,30.0,0,0.0
44006,0.0,0,5.0
44007,12.0,0,2.0
44008,27.0,0,4.0
44009,17.0,0,0.0
44010,28.0,0,3.0
44011,0.0,0,0.0
44012,0.0,0,0.0
44013,13.0,0,-2.0
44014,7.0,1,4.0
44015,14.0,0,2.0
44016,29.0,0,2.0
44017,14.0,0,1.0
44018,31.0,0,0.0
44019,26.0,0,1.0
44020,0.0,0,3.0
44021,0.0,0,1.0
44022,31.0,0,0.0
44023,25.0,0,2.0
44024,31.0,0,0.0
44025,1.0,0,1.0
44026,0.0,0,2.0
44027,21.0,1,2.0
44028,0.0,0,1.0
44029,25.0,0,-2.0
44030,18.0,0,3.0
44031,7.0,0,0.0
44032,0.0,0,2.0
44033,24.0,0,-1.0
44034,30.0,0,1.0
44035,8.0,0,1.0
44036,31.0,1,2.0
44037,20.0,0,2.0
44038,0.0,1,0.0
44039,31.0,0,0.0
44040,17.0,0,2.0
44041,18.0,0,4.0
44042,25.0,0,5.0
44043,31.0,0,0.0
44044,27.0,0,-3.0
44045,31.0,0,-1.0
44046,28.0,0,0.0
44047,6.0,0,-0.0
44048,20.0,0,4.0
44049,25.0,0,1.0
44050,4.0,1,4.0
44051,7.0,0,-4.0
44052,27.0,0,2.0
44053,26.0,0,2.0
44054,4.0,1,4.0
44055,30.0,0,1.0
44056,29.0,0,2.0
44057,21.0,0,1.0
44058,6.0,0,-0.0
44059,31.0,0,0.0
44060,24.0,1,3.0
44061,2.0,1,2.0
44062,31.0,0,0.0
44063,1.0,0,-1.0
44064,0.0,0,0.0
44065,31.0,0,0.0
44066,0.0,0,3.0
44067,6.0,0,1.0
44068,9.0,0,-2.0
44069,3.0,0,3.0
44070,31.0,1,0.0
44071,31.0,0,0.0
44072,31.0,1,0.0
44073,0.0,0,0.0
44074,27.0,1,4.0
44075,31.0,0,0.0
44076,22.0,0,2.0
44077,27.0,0,3.0
44078,23.0,0,3.0
44079,0.0,0,2.0
44080,30.0,1,-1.0
44081,31.0,0,0.0
44082,31.0,0,-1.0
44083,0.0,0,0.0
44084,5.0,0,-0.0
44085,26.0,0,1.0
44086,23.0,0,5.0
44087,0.0,1,0.0
44088,9.0,0,2.0
44089,0.0,0,1.0
44090,16.0,0,1.0
44091,10.0,0,0.0
44092,15.0,1,3.0
44093,24.0,0,1.0
44094,27.0,0,-3.0
44095,31.0,0,0.0
44096,22.0,1,-5.0
44097,23.0,1,1.0
44098,31.0,0,0.0
44099,20.0,0,0.0
44100,16.0,1,-0.0
44101,22.0,0,2.0
44102,27.0,0,0.0
44103,0.0,1,0.0
44104,0.0,0,0.0
44105,0.0,0,0.0
44106,29.0,0,2.0
44107,21.0,1,1.0
44108,9.0,0,2.0
44109,0.0,0,2.0
44110,31.0,0,0.0
44111,31.0,0,0.0
44112,26.0,0,4.0
44113,31.0,1,2.0
44114,16.0,1,0.0
44115,25.0,1,3.0
44116,9.0,0,-1.0
44117,28.0,0,2.0
44118,27.0,0,1.0
44119,18.0,0,2.0
44120,0.0,0,1.0
44121,22.0,1,2.0
44122,25.0,0,-1.0
44123,0.0,1,0.0
44124,31.0,0,0.0
44125,21.0,0,-1.0
44126,21.0,0,3.0
44127,22.0,1,1.0
44128,0.0,0,0.0
44129,0.0,0,1.0
44130,0.0,0,1.0
44131,0.0,0,3.0
44132,15.0,0,-1.0
44133,27.0,0,-0.0
44134,30.0,0,-1.0
44135,31.0,0,0.0
44136,11.0,0,1.0
44137,31.0,0,-0.0
44138,26.0,1,0.0
44139,30.0,0,1.0
44140,31.0,0,0.0
44141,26.0,0,0.0
44142,4.0,1,2.0
44143,18.0,0,-2.0
44144,22.0,0,-1.0
44145,21.0,0,-0.0
44146,0.0,1,0.0
44147,28.0,0,2.0
44148,30.0,0,1.0
44149,19.0,0,-3.0
44150,2.0,0,-2.0
44151,22.0,0,2.0
44152,26.0,0,2.0
44153,28.0,0,3.0
44154,31.0,0,0.0
44155,24.0,0,5.0
44156,0.0,0,0.0
44157,0.0,0,1.0
44158,14.0,0,3.0
44159,7.0,1,-1.0
44160,31.0,0,0.0
44161,24.0,1,1.0
44162,31.0,0,0.0
44163,1.0,1,1.0
44164,5.0,0,3.0
44165,13.0,0,-0.0
44166,25.0,0,2.0
44167,1.0,0,2.0
44168,0.0,0,0.0
44169,0.0,0,0.0
44170,20.0,1,2.0
44171,2.0,1,2.0
44172,27.0,0,2.0
44173,8.0,0,3.0
44174,31.0,1,1.0
44175,31.0,0,0.0
44176,18.0,0,-1.0
44177,26.0,0,3.0
44178,22.0,0,-2.0
44179,28.0,0,3.0
44180,31.0,0,0.0
44181,23.0,0,3.0
44182,29.0,1,3.0
44183,20.0,0,2.0
44184,0.0,0,2.0
44185,0.0,0,1.0
44186,0.0,0,0.0
44187,0.0,0,2.0
44188,31.0,1,0.0
44189,0.0,0,1.0
44190,0.0,0,1.0
44191,10.0,0,1.0
44192,4.0,0,2.0
44193,25.0,0,0.0
44194,31.0,0,0.0
44195,0.0,0,0.0
44196,24.0,0,2.0
44197,0.0,0,0.0
44198,31.0,1,-0.0
44199,31.0,1,0.0
44200,26.0,0,1.0
44201,18.0,0,1.0
44202,28.0,0,-0.0
44203,31.0,0,0.0
44204,24.0,0,1.0
44205,31.0,0,-0.0
44206,31.0,0,0.0
44207,26.0,0,3.0
44208,5.0,0,1.0
44209,0.0,0,1.0
44210,31.0,1,1.0
44211,0.0,0,1.0
44212,0.0,0,0.0
44213,27.0,0,1.0
44214,0.0,0,6.0
44215,15.0,0,0.0
44216,0.0,0,6.0
44217,29.0,1,2.0
44218,0.0,0,2.0
44219,31.0,0,-1.0
44220,0.0,0,2.0
44221,13.0,0,-0.0
44222,11.0,0,-0.0
44223,0.0,0,1.0
44224,25.0,0,-1.0
44225,23.0,0,-1.0
44226,0.0,0,3.0
44227,31.0,0,-1.0
44228,31.0,0,0.0
44229,0.0,0,3.0
44230,18.0,1,4.0
44231,0.0,0,1.0
44232,29.0,1,2.0
44233,31.0,0,0.0
44234,23.0,0,1.0
44235,17.0,0,-4.0
44236,31.0,0,0.0
44237,0.0,0,0.0
44238,29.0,0,-0.0
44239,28.0,0,-1.0
44240,17.0,1,2.0
44241,31.0,1,0.0
44242,0.0,0,2.0
44243,0.0,0,1.0
44244,0.0,0,4.0
44245,22.0,0,1.0
44246,0.0,0,2.0
44247,0.0,0,0.0
44248,15.0,0,0.0
44249,30.0,0,-1.0
44250,0.0,0,0.0
44251,31.0,1,0.0
44252,0.0,0,0.0
44253,30.0,0,1.0
44254,31.0,0,0.0
44255,0.0,0,0.0
44256,10.0,0,2.0
44257,18.0,1,3.0
44258,31.0,0,0.0
44259,1.0,0,1.0
44260,30.0,0,1.0
44261,27.0,0,0.0
44262,24.0,0,2.0
44263,0.0,0,2.0
44264,17.0,0,4.0
44265,13.0,0,3.0
44266,16.0,0,0.0
44267,30.0,0,1.0
44268,31.0,0,-1.0
44269,29.0,0,1.0
44270,0.0,0,1.0
44271,31.0,0,0.0
44272,28.0,0,1.0
44273,1.0,1,1.0
44274,3.0,0,-0.0
44275,29.0,1,-0.0
44276,29.0,0,2.0
44277,10.0,1,-4.0
44278,29.0,0,1.0
44279,0.0,0,0.0
44280,30.0,1,-1.0
44281,3.0,1,3.0
44282,25.0,0,3.0
44283,22.0,0,3.0
44284,16.0,0,-0.0
44285,21.0,0,1.0
44286,0.0,0,1.0
44287,8.0,0,2.0
44288,16.0,1,4.0
44289,29.0,0,2.0
44290,31.0,0,0.0
44291,21.0,0,2.0
44292,29.0,0,0.0
44293,29.0,0,-0.0
44294,31.0,1,1.0
44295,26.0,0,2.0
44296,31.0,1,-0.0
44297,0.0,0,0.0
44298,29.0,0,2.0
44299,25.0,0,3.0
44300,0.0,0,0.0
44301,0.0,0,0.0
44302,29.0,0,-2.0
44303,25.0,0,3.0
44304,0.0,0,0.0
44305,29.0,0,0.0
44306,26.0,1,4.0
44307,0.0,1,0.0
44308,19.0,0,1.0
44309,24.0,0,1.0
44310,19.0,0,-1.0
44311,17.0,1,3.0
44312,0.0,0,3.0
44313,19.0,0,-1.0
44314,28.0,0,-1.0
44315,24.0,0,3.0
44316,22.0,0,1.0
44317,16.0,0,1.0
44318,30.0,0,1.0
44319,25.0,0,2.0
44320,31.0,0,0.0
44321,17.0,0,-0.0
44322,14.0,0,-1.0
44323,0.0,0,0.0
44324,30.0,1,-1.0
44325,27.0,0,4.0
44326,10.0,0,-1.0
44327,11.0,0,-1.0
44328,0.0,0,3.0
44329,28.0,1,4.0
44330,31.0,1,-0.0
44331,0.0,0,0.0
44332,0.0,0,2.0
44333,27.0,0,1.0
44334,0.0,0,2.0
44335,27.0,1,-1.0
44336,0.0,0,0.0
44337,17.0,0,-1.0
44338,23.0,0,2.0
44339,31.0,0,0.0
44340,2.0,1,2.0
44341,21.0,0,0.0
44342,21.0,0,2.0
44343,0.0,0,3.0
44344,31.0,1,0.0
44345,20.0,0,-1.0
44346,26.0,0,-1.0
44347,31.0,0,-1.0
44348,0.0,0,0.0
44349,24.0,0,-1.0
44350,21.0,0,3.0
44351,0.0,0,0.0
44352,25.0,0,2.0
44353,31.0,0,0.0
44354,0.0,0,1.0
44355,31.0,1,1.0
44356,9.0,1,4.0
44357,1.0,0,0.0
44358,18.0,0,1.0
44359,19.0,0,1.0
44360,10.0,0,1.0
44361,31.0,0,0.0
44362,29.0,0,1.0
44363,0.0,0,2.0
44364,0.0,0,0.0
44365,21.0,0,-2.0
44366,0.0,0,3.0
44367,30.0,0,1.0
44368,31.0,0,0.0
44369,0.0,0,0.0
44370,12.0,0,-2.0
44371,0.0,0,3.0
44372,0.0,1,0.0
44373,27.0,0,-4.0
44374,24.0,1,0.0
44375,31.0,1,2.0
44376,17.0,0,-0.0
44377,0.0,0,0.0
44378,31.0,0,-0.0
44379,31.0,0,0.0
44380,0.0,0,0.0
44381,31.0,0,0.0
44382,0.0,0,0.0
44383,31.0,0,0.0
44384,27.0,0,2.0
44385,13.0,0,-0.0
44386,22.0,1,2.0
44387,0.0,0,0.0
44388,31.0,0,0.0
44389,26.0,0,3.0
44390,8.0,0,3.0
44391,9.0,0,2.0
44392,25.0,0,1.0
44393,22.0,0,2.0
44394,31.0,0,0.0
44395,26.0,0,2.0
44396,31.0,1,0.0
44397,30.0,1,1.0
44398,0.0,1,0.0
44399,0.0,0,0.0
44400,31.0,1,-0.0
44401,30.0,0,1.0
44402,25.0,0,1.0
44403,31.0,1,0.0
44404,31.0,1,0.0
44405,23.0,0,-0.0
44406,22.0,1,2.0
44407,29.0,0,2.0
44408,31.0,0,-0.0
44409,31.0,1,0.0
44410,0.0,0,0.0
44411,15.0,0,1.0
44412,16.0,1,3.0
44413,31.0,0,-0.0
44414,30.0,0,-1.0
44415,30.0,1,4.0
44416,0.0,0,1.0
44417,24.0,0,4.0
44418,31.0,1,5.0
44419,31.0,0,0.0
44420,11.0,0,1.0
44421,0.0,0,0.0
44422,29.0,0,2.0
44423,19.0,0,-0.0
44424,25.0,0,-2.0
44425,31.0,1,0.0
44426,0.0,0,0.0
44427,31.0,0,0.0
44428,0.0,0,0.0
44429,0.0,0,0.0
44430,24.0,0,-1.0
44431,29.0,0,-0.0
44432,5.0,0,-1.0
44433,5.0,0,-0.0
44434,25.0,1,1.0
44435,31.0,0,-1.0
44436,31.0,0,-0.0
44437,3.0,1,3.0
44438,0.0,0,2.0
44439,29.0,0,2.0
44440,17.0,0,0.0
44441,7.0,0,3.0
44442,14.0,0,4.0
44443,31.0,0,0.0
44444,31.0,1,1.0
44445,9.0,0,0.0
44446,25.0,0,-1.0
44447,28.0,1,0.0
44448,27.0,0,-1.0
44449,12.0,1,3.0
44450,0.0,0,1.0
44451,19.0,0,2.0
44452,23.0,0,1.0
44453,31.0,1,0.0
44454,18.0,0,-0.0
44455,25.0,0,-2.0
44456,28.0,0,0.0
44457,0.0,0,5.0
44458,0.0,0,2.0
44459,19.0,0,1.0
44460,30.0,0,1.0
44461,24.0,0,1.0
44462,23.0,0,3.0
44463,22.0,1,7.0
44464,30.0,1,-1.0
44465,29.0,0,-1.0
44466,28.0,0,1.0
44467,14.0,1,1.0
44468,31.0,1,0.0
44469,29.0,0,1.0
44470,31.0,1,0.0
44471,20.0,0,2.0
44472,14.0,0,-2.0
44473,3.0,1,3.0
44474,31.0,0,0.0
44475,4.0,0,2.0
44476,31.0,1,0.0
44477,31.0,0,0.0
44478,31.0,0,0.0
44479,29.0,0,2.0
44480,29.0,1,1.0
44481,31.0,1,0.0
44482,5.0,0,3.0
44483,0.0,0,1.0
44484,20.0,0,9.0
44485,0.0,0,1.0
44486,23.0,0,-0.0
44487,31.0,0,0.0
44488,31.0,0,-2.0
44489,24.0,0,4.0
44490,31.0,0,0.0
44491,20.0,0,1.0
44492,29.0,1,3.0
44493,26.0,0,2.0
44494,30.0,1,1.0
44495,2.0,0,-0.0
44496,23.0,0,2.0
44497,15.0,0,2.0
44498,18.0,1,4.0
44499,24.0,1,-0.0
44500,8.0,0,2.0
44501,28.0,0,2.0
44502,0.0,0,1.0
44503,0.0,1,0.0
44504,0.0,0,2.0
44505,2.0,0,1.0
44506,0.0,0,4.0
44507,0.0,0,4.0
44508,31.0,0,0.0
44509,30.0,0,1.0
44510,15.0,0,-2.0
44511,1.0,0,2.0
44512,29.0,0,2.0
44513,24.0,0,1.0
44514,30.0,0,1.0
44515,14.0,0,2.0
44516,27.0,1,3.0
44517,19.0,0,0.0
44518,0.0,0,0.0
44519,31.0,1,2.0
44520,30.0,0,1.0
44521,2.0,1,2.0
44522,0.0,0,1.0
44523,19.0,1,3.0
44524,0.0,0,0.0
44525,14.0,0,4.0
44526,28.0,0,3.0
44527,22.0,0,3.0
44528,31.0,1,0.0
44529,21.0,0,-1.0
44530,22.0,0,1.0
44531,21.0,0,3.0
44532,0.0,0,0.0
44533,31.0,0,-1.0
44534,19.0,0,1.0
44535,28.0,0,2.0
44536,31.0,1,0.0
44537,31.0,0,0.0
44538,0.0,0,0.0
44539,0.0,0,2.0
44540,0.0,0,1.0
44541,0.0,0,2.0
44542,25.0,0,2.0
44543,27.0,0,1.0
44544,26.0,1,2.0
44545,31.0,0,0.0
44546,16.0,0,-1.0
44547,27.0,0,-0.0
44548,21.0,0,-1.0
44549,22.0,1,-1.0
44550,22.0,0,1.0
44551,30.0,0,1.0
44552,28.0,0,2.0
44553,27.0,0,4.0
44554,28.0,0,0.0
44555,0.0,0,2.0
44556,30.0,0,1.0
44557,0.0,0,0.0
44558,0.0,0,4.0
44559,0.0,0,1.0
44560,12.0,0,0.0
44561,31.0,0,-0.0
44562,21.0,1,1.0
44563,0.0,0,2.0
44564,1.0,1,1.0
44565,27.0,0,1.0
44566,20.0,1,4.0
44567,0.0,0,1.0
44568,0.0,0,0.0
44569,18.0,0,1.0
44570,18.0,0,4.0
44571,14.0,0,2.0
44572,29.0,0,2.0
44573,31.0,0,-0.0
44574,28.0,0,3.0
44575,31.0,0,0.0
44576,2.0,0,0.0
44577,30.0,0,1.0
44578,31.0,0,0.0
44579,16.0,0,0.0
44580,8.0,0,3.0
44581,31.0,0,0.0
44582,5.0,1,5.0
44583,16.0,1,-2.0
44584,0.0,0,3.0
44585,0.0,0,7.0
44586,28.0,0,-2.0
44587,7.0,0,2.0
44588,17.0,0,1.0
44589,8.0,0,3.0
44590,0.0,0,0.0
44591,16.0,0,6.0
44592,30.0,1,2.0
44593,31.0,0,0.0
44594,21.0,0,2.0
44595,30.0,0,1.0
44596,8.0,0,-0.0
44597,30.0,0,-2.0
44598,31.0,1,2.0
44599,27.0,0,-1.0
44600,7.0,1,1.0
44601,30.0,1,0.0
44602,31.0,0,-1.0
44603,0.0,0,2.0
44604,12.0,0,1.0
44605,20.0,0,0.0
44606,0.0,0,0.0
44607,31.0,1,2.0
44608,31.0,0,0.0
44609,29.0,0,2.0
44610,30.0,0,-1.0
44611,24.0,0,1.0
44612,28.0,0,-1.0
44613,31.0,1,0.0
44614,26.0,0,-0.0
44615,28.0,1,1.0
44616,31.0,0,-0.0
44617,24.0,0,3.0
44618,14.0,0,1.0
44619,0.0,0,1.0
44620,31.0,0,0.0
44621,28.0,0,-0.0
44622,31.0,0,0.0
44623,27.0,0,-0.0
44624,16.0,1,0.0
44625,23.0,0,0.0
44626,6.0,0,-1.0
44627,27.0,0,2.0
44628,31.0,1,0.0
44629,28.0,0,0.0
44630,29.0,0,-2.0
44631,0.0,0,3.0
44632,26.0,0,-1.0
44633,24.0,0,2.0
44634,21.0,0,2.0
44635,31.0,0,-2.0
44636,31.0,0,0.0
44637,13.0,0,1.0
44638,9.0,0,5.0
44639,10.0,0,-0.0
44640,24.0,0,1.0
44641,0.0,0,0.0
44642,21.0,0,-3.0
44643,19.0,0,5.0
44644,29.0,1,-0.0
44645,2.0,0,-2.0
44646,23.0,0,4.0
44647,28.0,1,-0.0
44648,28.0,0,1.0
44649,4.0,0,1.0
44650,15.0,0,2.0
44651,30.0,0,1.0
44652,28.0,0,3.0
44653,18.0,0,1.0
44654,25.0,0,-2.0
44655,31.0,1,0.0
44656,0.0,0,3.0
44657,30.0,0,-2.0
44658,21.0,0,2.0
44659,31.0,0,0.0
44660,31.0,0,-0.0
44661,25.0,0,1.0
44662,31.0,0,0.0
44663,31.0,0,0.0
44664,19.0,0,-1.0
44665,25.0,0,-1.0
44666,24.0,0,-2.0
44667,25.0,1,0.0
44668,11.0,0,1.0
44669,10.0,0,-0.0
44670,0.0,0,1.0
44671,31.0,1,1.0
44672,31.0,0,0.0
44673,30.0,0,-0.0
44674,30.0,1,3.0
44675,0.0,0,3.0
44676,20.0,1,1.0
44677,16.0,0,3.0
44678,8.0,0,1.0
44679,31.0,0,-0.0
44680,24.0,1,2.0
44681,0.0,0,4.0
44682,29.0,1,0.0
44683,17.0,0,1.0
44684,30.0,1,3.0
44685,31.0,0,0.0
44686,31.0,0,0.0
44687,0.0,1,0.0
44688,31.0,0,0.0
44689,0.0,0,2.0
44690,27.0,0,-0.0
44691,20.0,1,1.0
44692,20.0,0,8.0
44693,29.0,0,1.0
44694,13.0,0,1.0
44695,0.0,0,1.0
44696,29.0,1,3.0
44697,15.0,1,2.0
44698,0.0,0,1.0
44699,31.0,0,0.0
44700,0.0,0,1.0
44701,29.0,0,2.0
44702,31.0,0,0.0
44703,27.0,0,-0.0
44704,2.0,1,2.0
44705,0.0,0,0.0
44706,0.0,0,7.0
44707,28.0,0,3.0
44708,18.0,0,1.0
44709,0.0,0,1.0
44710,30.0,0,-1.0
44711,29.0,0,2.0
44712,0.0,0,0.0
44713,30.0,0,0.0
44714,29.0,0,-1.0
44715,5.0,0,2.0
44716,23.0,0,-1.0
44717,30.0,1,-1.0
44718,31.0,0,-0.0
44719,0.0,0,2.0
44720,31.0,1,4.0
44721,0.0,0,6.0
44722,0.0,0,3.0
44723,31.0,0,0.0
44724,17.0,0,-2.0
44725,19.0,0,2.0
44726,9.0,1,-0.0
44727,9.0,0,2.0
44728,14.0,0,2.0
44729,17.0,0,2.0
44730,31.0,1,0.0
44731,19.0,0,0.0
44732,28.0,0,1.0
44733,18.0,0,-3.0
44734,30.0,0,1.0
44735,31.0,0,0.0
44736,15.0,1,1.0
44737,0.0,0,0.0
44738,29.0,1,-0.0
44739,28.0,0,2.0
44740,0.0,0,3.0
44741,25.0,0,3.0
44742,1.0,0,-1.0
44743,9.0,0,-0.0
44744,18.0,0,1.0
44745,28.0,1,1.0
44746,29.0,0,2.0
44747,0.0,0,0.0
44748,2.0,0,4.0
44749,0.0,0,2.0
44750,0.0,0,0.0
44751,31.0,0,0.0
44752,0.0,0,0.0
44753,0.0,1,0.0
44754,27.0,0,4.0
44755,31.0,0,0.0
44756,0.0,0,0.0
44757,23.0,1,1.0
44758,0.0,0,2.0
44759,31.0,0,0.0
44760,31.0,1,0.0
44761,0.0,0,0.0
44762,27.0,0,0.0
44763,31.0,1,3.0
44764,0.0,0,4.0
44765,0.0,0,2.0
44766,0.0,0,4.0
44767,10.0,0,1.0
44768,0.0,0,3.0
44769,11.0,0,2.0
44770,0.0,1,0.0
44771,27.0,0,-3.0
44772,26.0,0,3.0
44773,31.0,1,1.0
44774,7.0,1,0.0
44775,0.0,0,1.0
44776,30.0,0,1.0
44777,30.0,0,-1.0
44778,25.0,0,-1.0
44779,0.0,0,0.0
44780,29.0,1,-2.0
44781,29.0,1,3.0
44782,29.0,0,2.0
44783,2.0,1,2.0
44784,28.0,0,0.0
44785,0.0,0,0.0
44786,29.0,0,2.0
44787,26.0,0,2.0
44788,0.0,0,0.0
44789,26.0,0,-1.0
44790,5.0,1,5.0
44791,24.0,0,-2.0
44792,29.0,0,1.0
44793,29.0,0,-1.0
44794,20.0,0,1.0
44795,0.0,0,1.0
44796,21.0,0,-0.0
44797,0.0,0,0.0
44798,6.0,0,-0.0
44799,26.0,0,0.0
44800,31.0,0,0.0
44801,30.0,0,1.0
44802,30.0,0,-1.0
44803,16.0,0,2.0
44804,13.0,1,1.0
44805,10.0,0,-2.0
44806,0.0,0,2.0
44807,26.0,1,-1.0
44808,5.0,1,3.0
44809,23.0,0,2.0
44810,21.0,1,2.0
44811,31.0,1,1.0
44812,31.0,0,0.0
44813,31.0,0,0.0
44814,0.0,0,2.0
44815,31.0,0,0.0
44816,15.0,0,0.0
44817,31.0,1,8.0
44818,20.0,0,1.0
44819,31.0,0,0.0
44820,23.0,0,-3.0
44821,30.0,1,4.0
44822,27.0,0,-0.0
44823,12.0,0,1.0
44824,0.0,0,0.0
44825,31.0,1,0.0
44826,28.0,0,3.0
44827,13.0,0,2.0
44828,0.0,0,0.0
44829,31.0,0,0.0
44830,21.0,0,3.0
44831,28.0,0,3.0
44832,9.0,0,2.0
44833,30.0,0,-0.0
44834,25.0,0,2.0
44835,29.0,0,2.0
44836,29.0,0,2.0
44837,17.0,0,2.0
44838,20.0,1,2.0
44839,0.0,0,2.0
44840,0.0,0,1.0
44841,26.0,1,-0.0
44842,14.0,0,4.0
44843,30.0,0,1.0
44844,20.0,0,4.0
44845,0.0,0,1.0
44846,19.0,0,3.0
44847,0.0,0,2.0
44848,28.0,0,2.0
44849,30.0,0,1.0
44850,5.0,1,-1.0
44851,31.0,1,0.0
44852,0.0,0,1.0
44853,0.0,0,0.0
44854,31.0,0,0.0
44855,0.0,0,1.0
44856,16.0,0,-1.0
44857,31.0,0,0.0
44858,23.0,0,1.0
44859,24.0,0,4.0
44860,29.0,1,1.0
44861,29.0,0,1.0
44862,22.0,0,2.0
44863,31.0,0,0.0
44864,31.0,0,-0.0
44865,21.0,0,1.0
44866,3.0,0,0.0
44867,31.0,0,0.0
44868,9.0,1,-1.0
44869,28.0,1,1.0
44870,5.0,0,0.0
44871,13.0,0,1.0
44872,31.0,0,0.0
44873,12.0,1,-0.0
44874,29.0,0,1.0
44875,12.0,0,-1.0
44876,0.0,0,1.0
44877,21.0,0,0.0
44878,27.0,1,-3.0
44879,31.0,1,0.0
44880,0.0,0,0.0
44881,18.0,0,1.0
44882,11.0,0,-0.0
44883,16.0,0,1.0
44884,31.0,0,0.0
44885,0.0,1,0.0
44886,1.0,1,1.0
44887,30.0,0,1.0
44888,31.0,1,0.0
44889,0.0,0,2.0
44890,0.0,0,0.0
44891,0.0,0,3.0
44892,16.0,0,3.0
44893,8.0,0,1.0
44894,0.0,0,0.0
44895,5.0,1,0.0
44896,0.0,0,0.0
44897,0.0,0,3.0
44898,12.0,0,-1.0
44899,30.0,0,1.0
44900,0.0,0,3.0
44901,27.0,0,1.0
44902,31.0,1,0.0
44903,0.0,0,4.0
44904,28.0,0,3.0
44905,30.0,0,1.0
44906,14.0,1,2.0
44907,20.0,1,1.0
44908,31.0,0,0.0
44909,23.0,0,2.0
44910,31.0,0,-1.0
44911,31.0,0,-2.0
44912,0.0,0,1.0
44913,31.0,0,0.0
44914,1.0,1,1.0
44915,19.0,0,-2.0
44916,28.0,0,3.0
44917,14.0,0,4.0
44918,0.0,0,0.0
44919,30.0,0,1.0
44920,15.0,1,1.0
44921,0.0,0,1.0
44922,31.0,1,0.0
44923,6.0,1,1.0
44924,12.0,0,3.0
44925,0.0,0,3.0
44926,31.0,0,-1.0
44927,29.0,0,-1.0
44928,0.0,1,0.0
44929,30.0,1,3.0
44930,31.0,0,0.0
44931,18.0,0,2.0
44932,23.0,1,2.0
44933,23.0,1,-1.0
44934,0.0,0,0.0
44935,0.0,0,0.0
44936,28.0,0,3.0
44937,15.0,1,1.0
44938,9.0,0,-0.0
44939,0.0,0,1.0
44940,0.0,0,1.0
44941,29.0,0,2.0
44942,30.0,0,1.0
44943,31.0,0,0.0
44944,0.0,0,0.0
44945,28.0,0,1.0
44946,0.0,0,0.0
44947,16.0,0,2.0
44948,31.0,0,0.0
44949,16.0,1,2.0
44950,0.0,0,2.0
44951,31.0,0,-0.0
44952,0.0,0,0.0
44953,28.0,0,-4.0
44954,22.0,0,1.0
44955,9.0,0,3.0
44956,0.0,0,0.0
44957,16.0,0,3.0
44958,12.0,0,3.0
44959,26.0,0,-0.0
44960,20.0,0,5.0
44961,31.0,0,0.0
44962,30.0,1,2.0
44963,11.0,0,-0.0
44964,30.0,0,1.0
44965,21.0,0,4.0
44966,31.0,0,0.0
44967,23.0,0,1.0
44968,29.0,1,0.0
44969,29.0,1,3.0
44970,21.0,0,1.0
44971,23.0,0,0.0
44972,13.0,0,2.0
44973,30.0,0,-0.0
44974,31.0,1,0.0
44975,0.0,0,2.0
44976,15.0,0,2.0
44977,0.0,0,0.0
44978,23.0,0,1.0
44979,29.0,0,2.0
44980,15.0,0,3.0
44981,31.0,1,1.0
44982,29.0,0,2.0
44983,0.0,0,1.0
44984,17.0,0,3.0
44985,30.0,1,1.0
44986,12.0,0,2.0
44987,31.0,0,0.0
44988,23.0,0,2.0
44989,0.0,0,0.0
44990,11.0,1,1.0
44991,1.0,0,3.0
44992,27.0,0,0.0
44993,24.0,1,4.0
44994,9.0,0,2.0
44995,31.0,0,0.0
44996,31.0,0,0.0
44997,30.0,0,1.0
44998,23.0,0,2.0
44999,31.0,1,0.0
45000,29.0,0,2.0
45001,13.0,0,2.0
45002,23.0,1,0.0
45003,0.0,0,1.0
45004,14.0,0,1.0
45005,19.0,0,2.0
45006,26.0,0,5.0
45007,13.0,0,4.0
45008,29.0,0,2.0
45009,7.0,0,2.0
45010,23.0,0,2.0
45011,0.0,0,4.0
45012,31.0,0,0.0
45013,23.0,1,2.0
45014,0.0,0,2.0
45015,31.0,0,-1.0
45016,27.0,0,0.0
45017,0.0,0,0.0
45018,31.0,0,0.0
45019,27.0,0,1.0
45020,0.0,0,0.0
45021,31.0,0,0.0
45022,0.0,0,1.0
45023,31.0,0,0.0
45024,26.0,0,2.0
45025,0.0,0,2.0
45026,31.0,1,1.0
45027,29.0,0,1.0
45028,31.0,0,0.0
45029,20.0,0,1.0
45030,22.0,0,-3.0
45031,20.0,0,4.0
45032,16.0,0,1.0
45033,31.0,0,0.0
45034,31.0,0,0.0
45035,24.0,0,-1.0
45036,0.0,0,0.0
45037,21.0,0,3.0
45038,24.0,0,1.0
45039,31.0,0,0.0
45040,27.0,0,1.0
45041,0.0,0,4.0
45042,20.0,0,4.0
45043,20.0,0,2.0
45044,17.0,0,0.0
45045,30.0,0,-1.0
45046,25.0,1,-0.0
45047,30.0,0,1.0
45048,29.0,0,2.0
45049,6.0,0,-2.0
45050,31.0,1,2.0
45051,0.0,0,0.0
45052,27.0,0,3.0
45053,16.0,1,2.0
45054,11.0,1,2.0
45055,26.0,1,2.0
45056,23.0,0,-1.0
45057,28.0,1,-2.0
45058,10.0,1,-5.0
45059,31.0,0,-1.0
45060,19.0,0,-2.0
45061,31.0,0,0.0
45062,30.0,0,1.0
45063,31.0,1,1.0
45064,0.0,1,0.0
45065,17.0,0,-3.0
45066,28.0,0,2.0
45067,0.0,0,0.0
45068,0.0,0,0.0
45069,18.0,0,-3.0
45070,26.0,0,2.0
45071,0.0,0,1.0
45072,0.0,0,0.0
45073,0.0,0,1.0
45074,29.0,1,-1.0
45075,30.0,1,3.0
45076,0.0,1,0.0
45077,26.0,0,0.0
45078,18.0,0,0.0
45079,31.0,1,1.0
45080,0.0,0,1.0
45081,22.0,0,-2.0
45082,0.0,0,4.0
45083,29.0,0,1.0
45084,31.0,0,-1.0
45085,23.0,0,-1.0
45086,31.0,0,0.0
45087,0.0,0,2.0
45088,0.0,0,2.0
45089,30.0,0,1.0
45090,31.0,1,0.0
45091,2.0,1,2.0
45092,10.0,0,-1.0
45093,31.0,0,-0.0
45094,27.0,0,1.0
45095,0.0,0,1.0
45096,10.0,0,-3.0
45097,25.0,0,-4.0
45098,4.0,1,4.0
45099,22.0,0,1.0
45100,25.0,1,-2.0
45101,31.0,0,-3.0
45102,3.0,0,-0.0
45103,0.0,0,0.0
45104,27.0,1,-4.0
45105,31.0,0,0.0
45106,13.0,0,-2.0
45107,31.0,0,0.0
45108,0.0,0,0.0
45109,0.0,0,0.0
45110,0.0,0,2.0
45111,16.0,0,4.0
45112,25.0,0,-0.0
45113,31.0,0,-1.0
45114,30.0,0,1.0
45115,3.0,1,3.0
45116,26.0,0,2.0
45117,1.0,0,2.0
45118,28.0,0,3.0
45119,2.0,1,-1.0
45120,31.0,0,0.0
45121,0.0,0,0.0
45122,31.0,1,0.0
45123,31.0,0,0.0
45124,0.0,0,3.0
45125,6.0,1,3.0
45126,30.0,0,1.0
45127,0.0,0,4.0
45128,31.0,0,0.0
45129,0.0,0,3.0
45130,29.0,0,2.0
45131,31.0,1,3.0
45132,0.0,0,0.0
45133,12.0,0,4.0
45134,17.0,0,-2.0
45135,31.0,0,-1.0
45136,28.0,0,3.0
45137,11.0,0,2.0
45138,18.0,0,-3.0
45139,16.0,0,1.0
45140,16.0,0,-1.0
45141,19.0,1,3.0
45142,0.0,0,2.0
45143,31.0,1,3.0
45144,30.0,1,-1.0
45145,30.0,0,-0.0
45146,24.0,0,1.0
45147,26.0,0,2.0
45148,31.0,1,0.0
45149,23.0,1,0.0
45150,0.0,0,2.0
45151,28.0,0,3.0
45152,29.0,0,-1.0
45153,0.0,0,4.0
45154,0.0,0,0.0
45155,29.0,0,-0.0
45156,3.0,1,3.0
45157,31.0,0,0.0
45158,10.0,0,2.0
45159,28.0,0,-3.0
45160,0.0,0,1.0
45161,22.0,1,5.0
45162,15.0,0,2.0
45163,2.0,1,2.0
45164,20.0,0,3.0
45165,28.0,0,-0.0
45166,0.0,0,0.0
45167,31.0,0,0.0
45168,0.0,0,1.0
45169,24.0,0,3.0
45170,20.0,0,2.0
45171,0.0,0,0.0
45172,21.0,0,-2.0
45173,22.0,0,-0.0
45174,31.0,0,0.0
45175,0.0,0,2.0
45176,24.0,0,0.0
45177,9.0,1,3.0
45178,20.0,1,2.0
45179,9.0,1,2.0
45180,24.0,0,-3.0
45181,23.0,0,2.0
45182,0.0,0,4.0
45183,8.0,0,0.0
45184,11.0,0,3.0
45185,29.0,1,1.0
45186,0.0,0,1.0
45187,24.0,0,-0.0
45188,0.0,0,1.0
45189,15.0,0,0.0
45190,25.0,0,2.0
45191,0.0,0,0.0
45192,26.0,0,-2.0
45193,31.0,0,0.0
45194,25.0,0,0.0
45195,0.0,0,5.0
45196,26.0,0,3.0
45197,29.0,0,2.0
45198,31.0,0,0.0
45199,25.0,1,2.0
45200,6.0,1,6.0
45201,0.0,0,4.0
45202,17.0,0,-2.0
45203,31.0,0,0.0
45204,31.0,0,0.0
45205,31.0,0,0.0
45206,29.0,0,1.0
45207,27.0,0,1.0
45208,0.0,0,2.0
45209,0.0,0,1.0
45210,21.0,0,-0.0
45211,31.0,0,0.0
45212,23.0,0,-4.0
45213,21.0,0,3.0
45214,31.0,1,0.0
45215,31.0,0,-0.0
45216,0.0,0,7.0
45217,0.0,0,2.0
45218,28.0,0,2.0
45219,31.0,0,0.0
45220,0.0,0,2.0
45221,31.0,0,0.0
45222,0.0,0,1.0
45223,31.0,1,0.0
45224,31.0,0,-0.0
45225,24.0,0,-2.0
45226,0.0,0,1.0
45227,21.0,0,-1.0
45228,31.0,0,-1.0
45229,31.0,0,0.0
45230,12.0,0,1.0
45231,28.0,0,1.0
45232,0.0,0,3.0
45233,30.0,0,0.0
45234,31.0,1,0.0
45235,29.0,0,-0.0
45236,20.0,0,1.0
45237,0.0,0,0.0
45238,27.0,0,1.0
45239,14.0,0,0.0
45240,12.0,1,3.0
45241,31.0,0,-0.0
45242,0.0,0,0.0
45243,29.0,0,0.0
45244,28.0,0,1.0
45245,31.0,0,0.0
45246,23.0,0,4.0
45247,3.0,0,2.0
45248,22.0,0,4.0
45249,31.0,0,0.0
45250,31.0,0,0.0
45251,31.0,0,0.0
45252,0.0,0,0.0
45253,25.0,0,1.0
45254,23.0,0,0.0
45255,27.0,0,1.0
45256,31.0,0,0.0
45257,31.0,0,-0.0
45258,28.0,0,2.0
45259,0.0,0,2.0
45260,31.0,1,-0.0
45261,31.0,0,0.0
45262,26.0,1,-1.0
45263,0.0,0,0.0
45264,0.0,0,1.0
45265,18.0,0,4.0
45266,0.0,0,6.0
45267,0.0,0,1.0
45268,12.0,1,-0.0
45269,0.0,1,0.0
45270,0.0,1,0.0
45271,24.0,0,-1.0
45272,31.0,0,0.0
45273,0.0,0,0.0
45274,0.0,0,1.0
45275,26.0,0,3.0
45276,23.0,0,-1.0
45277,2.0,0,-1.0
45278,28.0,0,2.0
45279,0.0,0,2.0
45280,29.0,0,1.0
45281,27.0,0,0.0
45282,0.0,0,0.0
45283,0.0,0,0.0
45284,5.0,0,1.0
45285,30.0,1,1.0
45286,29.0,0,2.0
45287,28.0,0,3.0
45288,9.0,0,3.0
45289,31.0,1,0.0
45290,0.0,0,1.0
45291,0.0,0,2.0
45292,31.0,0,0.0
45293,27.0,0,2.0
45294,13.0,0,-0.0
45295,25.0,0,3.0
45296,31.0,0,0.0
45297,25.0,0,1.0
45298,13.0,0,3.0
45299,5.0,0,1.0
45300,28.0,0,2.0
45301,0.0,0,2.0
45302,0.0,0,0.0
45303,0.0,0,0.0
45304,0.0,0,0.0
45305,31.0,0,0.0
45306,0.0,0,2.0
45307,22.0,0,1.0
45308,30.0,1,1.0
45309,18.0,0,3.0
45310,24.0,1,3.0
45311,24.0,1,-2.0
45312,0.0,0,2.0
45313,27.0,1,4.0
45314,19.0,0,3.0
45315,29.0,0,2.0
45316,30.0,1,1.0
45317,23.0,0,2.0
45318,0.0,0,0.0
45319,0.0,0,0.0
45320,29.0,0,0.0
45321,6.0,0,1.0
45322,0.0,0,1.0
45323,26.0,0,3.0
45324,7.0,0,1.0
45325,22.0,0,3.0
45326,29.0,0,1.0
45327,0.0,0,0.0
45328,16.0,0,-1.0
45329,26.0,0,1.0
45330,0.0,0,3.0
45331,0.0,0,0.0
45332,30.0,1,2.0
45333,16.0,0,4.0
45334,14.0,0,1.0
45335,4.0,0,1.0
45336,27.0,0,1.0
45337,31.0,1,0.0
45338,24.0,0,0.0
45339,30.0,0,0.0
45340,0.0,0,2.0
45341,29.0,1,3.0
45342,31.0,0,0.0
45343,25.0,0,1.0
45344,11.0,0,-1.0
45345,31.0,0,0.0
45346,31.0,0,0.0
45347,0.0,0,1.0
45348,12.0,0,-0.0
45349,31.0,0,-5.0
45350,31.0,0,0.0
45351,18.0,0,3.0
45352,27.0,0,-3.0
45353,29.0,0,1.0
45354,20.0,1,-2.0
45355,5.0,0,1.0
45356,30.0,0,-2.0
45357,17.0,0,0.0
45358,26.0,0,1.0
45359,31.0,0,0.0
45360,0.0,0,3.0
45361,0.0,0,3.0
45362,19.0,0,2.0
45363,19.0,0,1.0
45364,31.0,0,0.0
45365,23.0,0,5.0
45366,17.0,0,2.0
45367,30.0,0,1.0
45368,30.0,0,-2.0
45369,28.0,1,1.0
45370,0.0,0,0.0
45371,23.0,0,1.0
45372,31.0,0,0.0
45373,24.0,0,3.0
45374,27.0,0,4.0
45375,0.0,0,2.0
45376,10.0,1,-1.0
45377,30.0,0,0.0
45378,0.0,0,1.0
45379,27.0,1,-2.0
45380,0.0,0,1.0
45381,31.0,0,0.0
45382,22.0,0,4.0
45383,30.0,1,-1.0
45384,0.0,0,3.0
45385,21.0,0,0.0
45386,4.0,1,4.0
45387,11.0,0,2.0
45388,31.0,0,0.0
45389,31.0,1,0.0
45390,30.0,1,-1.0
45391,27.0,0,2.0
45392,29.0,0,1.0
45393,0.0,0,0.0
45394,25.0,1,1.0
45395,19.0,1,-1.0
45396,30.0,0,1.0
45397,28.0,0,0.0
45398,29.0,0,2.0
45399,1.0,0,0.0
45400,8.0,0,0.0
45401,26.0,0,-1.0
45402,24.0,0,1.0
45403,13.0,0,1.0
45404,26.0,0,3.0
45405,31.0,1,0.0
45406,7.0,0,-1.0
45407,0.0,0,2.0
45408,31.0,0,0.0
45409,31.0,0,-1.0
45410,1.0,1,1.0
45411,31.0,0,-4.0
45412,31.0,0,0.0
45413,0.0,0,1.0
45414,26.0,1,-1.0
45415,30.0,0,0.0
45416,23.0,0,1.0
45417,14.0,0,3.0
45418,31.0,0,-0.0
45419,30.0,0,1.0
45420,29.0,1,1.0
45421,1.0,1,1.0
45422,30.0,0,1.0
45423,31.0,1,0.0
45424,5.0,0,3.0
45425,2.0,0,-0.0
45426,4.0,0,1.0
45427,31.0,0,0.0
45428,19.0,1,2.0
45429,31.0,0,0.0
45430,2.0,1,2.0
45431,0.0,0,0.0
45432,16.0,0,-0.0
45433,22.0,0,-2.0
45434,31.0,0,0.0
45435,2.0,1,2.0
45436,31.0,0,0.0
45437,24.0,0,2.0
45438,11.0,0,2.0
45439,24.0,0,1.0
45440,21.0,1,1.0
45441,0.0,1,0.0
45442,31.0,1,1.0
45443,1.0,0,-1.0
45444,31.0,0,0.0
45445,12.0,0,1.0
45446,17.0,0,1.0
45447,31.0,0,0.0
45448,21.0,0,-3.0
45449,0.0,0,2.0
45450,0.0,0,3.0
45451,5.0,0,1.0
45452,30.0,0,1.0
45453,4.0,0,2.0
45454,0.0,0,1.0
45455,0.0,0,1.0
45456,25.0,0,-4.0
45457,14.0,0,1.0
45458,0.0,0,3.0
45459,31.0,0,0.0
45460,0.0,0,0.0
45461,27.0,1,3.0
45462,29.0,1,1.0
45463,21.0,0,1.0
45464,16.0,0,2.0
45465,0.0,0,0.0
45466,14.0,0,0.0
45467,0.0,0,0.0
45468,30.0,1,-1.0
45469,31.0,0,0.0
45470,27.0,0,2.0
45471,5.0,1,5.0
45472,23.0,0,-0.0
45473,0.0,0,1.0
45474,31.0,1,0.0
45475,29.0,0,2.0
45476,0.0,0,6.0
45477,22.0,0,2.0
45478,0.0,0,1.0
45479,0.0,0,5.0
45480,31.0,0,0.0
45481,28.0,0,-1.0
45482,21.0,1,-1.0
45483,31.0,0,0.0
45484,7.0,0,1.0
45485,29.0,0,2.0
45486,2.0,0,-1.0
45487,31.0,0,0.0
45488,31.0,0,0.0
45489,0.0,0,0.0
45490,0.0,0,0.0
45491,31.0,1,2.0
45492,31.0,0,-1.0
45493,26.0,1,-5.0
45494,26.0,0,-1.0
45495,28.0,0,-0.0
45496,0.0,0,1.0
45497,0.0,0,0.0
45498,16.0,0,2.0
45499,28.0,0,2.0
45500,29.0,0,2.0
45501,0.0,0,0.0
45502,28.0,0,3.0
45503,26.0,0,3.0
45504,27.0,0,-2.0
45505,15.0,0,0.0
45506,17.0,0,1.0
45507,23.0,0,2.0
45508,31.0,0,0.0
45509,25.0,1,0.0
45510,0.0,0,0.0
45511,24.0,0,5.0
45512,0.0,0,3.0
45513,31.0,0,0.0
45514,26.0,0,2.0
45515,31.0,0,0.0
45516,31.0,0,0.0
45517,29.0,0,2.0
45518,0.0,0,3.0
45519,16.0,0,-5.0
45520,31.0,0,0.0
45521,31.0,0,0.0
45522,23.0,0,1.0
45523,2.0,0,2.0
45524,30.0,0,1.0
45525,27.0,1,5.0
45526,31.0,0,0.0
45527,31.0,0,0.0
45528,29.0,0,2.0
45529,12.0,0,4.0
45530,11.0,0,3.0
45531,23.0,0,-1.0
45532,0.0,0,0.0
45533,31.0,0,0.0
45534,31.0,0,0.0
45535,31.0,0,-1.0
45536,30.0,0,-0.0
45537,30.0,0,1.0
45538,31.0,0,0.0
45539,20.0,0,-1.0
45540,27.0,0,4.0
45541,27.0,0,1.0
45542,23.0,0,-0.0
45543,10.0,1,-2.0
45544,0.0,0,1.0
45545,27.0,0,-0.0
45546,31.0,0,0.0
45547,2.0,1,2.0
45548,2.0,0,-2.0
45549,25.0,0,2.0
45550,17.0,0,2.0
45551,29.0,0,-1.0
45552,15.0,0,1.0
45553,25.0,0,1.0
45554,28.0,1,3.0
45555,25.0,0,2.0
45556,23.0,0,-0.0
45557,24.0,0,0.0
45558,20.0,0,2.0
45559,20.0,0,4.0
45560,0.0,0,2.0
45561,24.0,0,2.0
45562,31.0,0,-0.0
45563,30.0,1,-1.0
45564,0.0,0,0.0
45565,28.0,0,0.0
45566,25.0,0,3.0
45567,31.0,0,0.0
45568,0.0,0,2.0
45569,15.0,0,-2.0
45570,28.0,0,2.0
45571,26.0,1,1.0
45572,2.0,1,2.0
45573,5.0,1,-1.0
45574,23.0,1,4.0
45575,31.0,1,5.0
45576,0.0,1,0.0
45577,19.0,1,-1.0
45578,14.0,0,2.0
45579,27.0,0,4.0
45580,31.0,0,0.0
45581,24.0,1,3.0
45582,1.0,1,1.0
45583,9.0,1,5.0
45584,27.0,0,2.0
45585,26.0,0,2.0
45586,0.0,0,0.0
45587,27.0,0,1.0
45588,13.0,0,-0.0
45589,0.0,1,0.0
45590,31.0,0,0.0
45591,31.0,1,0.0
45592,0.0,0,1.0
45593,31.0,1,1.0
45594,16.0,0,0.0
45595,29.0,0,2.0
45596,19.0,0,1.0
45597,9.0,0,1.0
45598,22.0,0,2.0
45599,27.0,0,4.0
45600,26.0,0,2.0
45601,1.0,1,-1.0
45602,15.0,0,-1.0
45603,31.0,0,0.0
45604,31.0,1,0.0
45605,26.0,1,0.0
45606,31.0,0,0.0
45607,31.0,0,0.0
45608,11.0,0,2.0
45609,0.0,0,0.0
45610,31.0,0,0.0
45611,0.0,0,0.0
45612,18.0,0,2.0
45613,22.0,0,-2.0
45614,31.0,0,0.0
45615,6.0,0,2.0
45616,31.0,0,0.0
45617,7.0,0,-0.0
45618,25.0,1,3.0
45619,0.0,0,0.0
45620,0.0,0,1.0
45621,11.0,0,-3.0
45622,31.0,1,0.0
45623,31.0,0,0.0
45624,12.0,1,3.0
45625,17.0,0,1.0
45626,31.0,1,0.0
45627,28.0,0,-0.0
45628,9.0,0,-0.0
45629,23.0,0,4.0
45630,31.0,0,0.0
45631,0.0,0,1.0
45632,31.0,0,0.0
45633,9.0,0,2.0
45634,29.0,0,1.0
45635,30.0,1,2.0
45636,31.0,1,2.0
45637,0.0,0,3.0
45638,2.0,1,2.0
45639,31.0,0,0.0
45640,31.0,0,-0.0
45641,21.0,1,1.0
45642,0.0,0,0.0
45643,26.0,0,1.0
45644,0.0,0,1.0
45645,31.0,0,0.0
45646,0.0,0,0.0
45647,28.0,1,0.0
45648,31.0,0,0.0
45649,31.0,0,0.0
45650,0.0,0,2.0
45651,21.0,0,0.0
45652,8.0,0,-0.0
45653,31.0,0,0.0
45654,15.0,0,0.0
45655,1.0,0,1.0
45656,16.0,1,2.0
45657,2.0,1,2.0
45658,22.0,0,0.0
45659,31.0,0,-0.0
45660,10.0,0,-0.0
45661,1.0,1,1.0
45662,31.0,0,-1.0
45663,31.0,1,0.0
45664,0.0,0,1.0
45665,15.0,0,0.0
45666,31.0,0,0.0
45667,31.0,0,0.0
45668,24.0,0,1.0
45669,22.0,0,1.0
45670,20.0,1,1.0
45671,31.0,0,0.0
45672,29.0,0,0.0
45673,14.0,1,3.0
45674,7.0,0,1.0
45675,19.0,0,1.0
45676,0.0,0,2.0
45677,5.0,0,-0.0
45678,22.0,1,2.0
45679,28.0,1,4.0
45680,30.0,1,0.0
45681,0.0,0,3.0
45682,26.0,0,3.0
45683,16.0,0,1.0
45684,0.0,0,1.0
45685,28.0,1,2.0
45686,13.0,0,3.0
45687,31.0,0,-1.0
45688,1.0,1,1.0
45689,0.0,0,0.0
45690,31.0,0,-1.0
45691,0.0,0,3.0
45692,31.0,0,-0.0
45693,30.0,0,-0.0
45694,31.0,0,-1.0
45695,29.0,0,2.0
45696,15.0,1,2.0
45697,0.0,0,2.0
45698,15.0,0,4.0
45699,0.0,0,3.0
45700,31.0,1,1.0
45701,31.0,0,-1.0
45702,30.0,0,1.0
45703,30.0,0,0.0
45704,3.0,0,2.0
45705,3.0,1,3.0
45706,29.0,0,2.0
45707,27.0,0,4.0
45708,31.0,0,0.0
45709,30.0,0,1.0
45710,0.0,0,0.0
45711,6.0,0,3.0
45712,16.0,0,-1.0
45713,0.0,0,0.0
45714,31.0,0,0.0
45715,0.0,0,0.0
45716,0.0,0,0.0
45717,26.0,0,2.0
45718,1.0,1,1.0
45719,19.0,0,-3.0
45720,31.0,0,0.0
45721,27.0,0,-0.0
45722,31.0,0,-1.0
45723,12.0,0,2.0
45724,12.0,0,2.0
45725,28.0,0,1.0
45726,13.0,1,2.0
45727,0.0,1,0.0
45728,12.0,0,-0.0
45729,0.0,0,0.0
45730,31.0,0,-0.0
45731,20.0,0,4.0
45732,24.0,0,2.0
45733,2.0,1,2.0
45734,0.0,1,0.0
45735,19.0,0,1.0
45736,29.0,0,2.0
45737,29.0,0,1.0
45738,31.0,1,1.0
45739,31.0,0,0.0
45740,28.0,0,3.0
45741,14.0,0,-1.0
45742,15.0,1,-1.0
45743,2.0,0,-0.0
45744,31.0,0,0.0
45745,31.0,0,0.0
45746,0.0,0,0.0
45747,30.0,0,1.0
45748,21.0,0,-0.0
45749,0.0,0,0.0
45750,17.0,0,1.0
45751,22.0,0,2.0
45752,4.0,0,-1.0
45753,0.0,0,0.0
45754,10.0,0,-0.0
45755,14.0,1,5.0
45756,0.0,0,3.0
45757,31.0,0,-0.0
45758,28.0,0,-0.0
45759,21.0,0,-0.0
45760,15.0,0,2.0
45761,10.0,1,0.0
45762,0.0,0,2.0
45763,28.0,0,3.0
45764,5.0,0,3.0
45765,0.0,1,0.0
45766,11.0,0,2.0
45767,1.0,0,-0.0
45768,31.0,0,0.0
45769,17.0,0,3.0
45770,31.0,0,-3.0
45771,2.0,1,2.0
45772,18.0,0,3.0
45773,31.0,0,0.0
45774,24.0,0,1.0
45775,31.0,0,0.0
45776,1.0,0,2.0
45777,29.0,0,2.0
45778,29.0,1,-2.0
45779,1.0,0,5.0
45780,0.0,0,1.0
45781,0.0,0,2.0
45782,0.0,0,1.0
45783,31.0,0,-1.0
45784,31.0,0,0.0
45785,31.0,0,0.0
45786,0.0,0,0.0
45787,30.0,0,1.0
45788,30.0,0,0.0
45789,0.0,0,0.0
45790,28.0,0,-1.0
45791,29.0,0,2.0
45792,5.0,1,5.0
45793,19.0,0,4.0
45794,27.0,0,3.0
45795,23.0,0,2.0
45796,15.0,1,3.0
45797,31.0,0,-1.0
45798,30.0,0,-1.0
45799,8.0,0,1.0
45800,30.0,0,1.0
45801,24.0,0,-1.0
45802,0.0,0,0.0
45803,31.0,0,0.0
45804,3.0,1,-1.0
45805,0.0,0,1.0
45806,0.0,0,0.0
45807,31.0,1,0.0
45808,31.0,0,0.0
45809,25.0,0,2.0
45810,11.0,0,4.0
45811,23.0,0,0.0
45812,10.0,1,0.0
45813,31.0,1,1.0
45814,18.0,0,3.0
45815,0.0,0,0.0
45816,0.0,0,0.0
45817,31.0,1,0.0
45818,17.0,1,-1.0
45819,31.0,0,0.0
45820,31.0,0,0.0
45821,0.0,0,0.0
45822,0.0,0,1.0
45823,1.0,1,1.0
45824,29.0,0,2.0
45825,5.0,0,4.0
45826,30.0,0,1.0
45827,17.0,0,-1.0
45828,31.0,0,0.0
45829,0.0,0,1.0
45830,0.0,0,4.0
45831,7.0,0,0.0
45832,31.0,0,0.0
45833,0.0,0,0.0
45834,22.0,0,1.0
45835,31.0,1,0.0
45836,0.0,0,1.0
45837,24.0,0,0.0
45838,30.0,0,0.0
45839,31.0,1,2.0
45840,29.0,0,2.0
45841,23.0,0,-2.0
45842,25.0,1,0.0
45843,31.0,1,2.0
45844,27.0,0,1.0
45845,22.0,0,3.0
45846,29.0,1,4.0
45847,28.0,0,3.0
45848,28.0,0,2.0
45849,30.0,0,1.0
45850,28.0,0,3.0
45851,0.0,0,0.0
45852,8.0,1,1.0
45853,0.0,0,2.0
45854,0.0,0,1.0
45855,0.0,0,0.0
45856,31.0,0,-0.0
45857,30.0,0,1.0
45858,22.0,1,3.0
45859,27.0,0,-0.0
45860,5.0,0,1.0
45861,0.0,0,0.0
45862,0.0,0,0.0
45863,0.0,0,0.0
45864,7.0,0,1.0
45865,27.0,0,2.0
45866,0.0,0,2.0
45867,31.0,0,-0.0
45868,31.0,1,0.0
45869,0.0,0,2.0
45870,0.0,0,0.0
45871,19.0,0,2.0
45872,1.0,0,3.0
45873,30.0,0,1.0
45874,0.0,0,3.0
45875,23.0,0,3.0
45876,23.0,0,2.0
45877,31.0,0,0.0
45878,24.0,0,2.0
45879,31.0,0,0.0
45880,0.0,0,0.0
45881,26.0,0,4.0
45882,7.0,0,2.0
45883,0.0,0,1.0
45884,0.0,0,0.0
45885,31.0,0,0.0
45886,1.0,1,1.0
45887,23.0,0,1.0
45888,22.0,0,3.0
45889,28.0,0,2.0
45890,28.0,0,-0.0
45891,21.0,0,5.0
45892,5.0,0,1.0
45893,31.0,0,0.0
45894,0.0,0,0.0
45895,17.0,0,-1.0
45896,29.0,0,2.0
45897,19.0,0,1.0
45898,16.0,0,-2.0
45899,27.0,0,-2.0
45900,19.0,0,1.0
45901,31.0,1,1.0
45902,17.0,0,0.0
45903,6.0,1,0.0
45904,1.0,1,1.0
45905,0.0,0,0.0
45906,7.0,0,1.0
45907,31.0,0,0.0
45908,31.0,1,0.0
45909,31.0,0,-2.0
45910,0.0,0,4.0
45911,31.0,0,-1.0
45912,28.0,1,-1.0
45913,14.0,0,2.0
45914,25.0,0,2.0
45915,22.0,0,5.0
45916,31.0,0,0.0
45917,26.0,0,0.0
45918,31.0,0,0.0
45919,9.0,1,0.0
45920,27.0,0,4.0
45921,30.0,0,1.0
45922,19.0,0,-1.0
45923,31.0,0,0.0
45924,0.0,0,0.0
45925,17.0,0,-2.0
45926,31.0,0,0.0
45927,0.0,0,0.0
45928,23.0,0,2.0
45929,0.0,0,0.0
45930,31.0,0,-2.0
45931,31.0,0,-1.0
45932,31.0,0,0.0
45933,0.0,0,1.0
45934,0.0,0,0.0
45935,0.0,0,0.0
45936,26.0,0,3.0
45937,30.0,0,1.0
45938,11.0,0,3.0
45939,1.0,0,2.0
45940,28.0,0,1.0
45941,16.0,1,2.0
45942,28.0,0,0.0
45943,30.0,0,1.0
45944,0.0,0,0.0
45945,29.0,0,-2.0
45946,17.0,0,7.0
45947,31.0,0,0.0
45948,29.0,0,2.0
45949,23.0,0,2.0
45950,31.0,0,0.0
45951,26.0,0,5.0
45952,9.0,0,1.0
45953,0.0,0,2.0
45954,28.0,0,-3.0
45955,18.0,0,2.0
45956,31.0,0,-2.0
45957,27.0,0,2.0
45958,29.0,0,-3.0
45959,0.0,0,3.0
45960,28.0,1,-2.0
45961,2.0,1,1.0
45962,0.0,0,1.0
45963,31.0,0,0.0
45964,16.0,0,0.0
45965,0.0,1,0.0
45966,9.0,0,1.0
45967,2.0,1,2.0
45968,13.0,0,2.0
45969,31.0,1,0.0
45970,31.0,0,0.0
45971,25.0,0,2.0
45972,12.0,0,-0.0
45973,0.0,0,0.0
45974,1.0,1,1.0
45975,31.0,0,0.0
45976,31.0,1,0.0
45977,16.0,0,2.0
45978,14.0,0,2.0
45979,28.0,0,3.0
45980,23.0,0,1.0
45981,28.0,1,-3.0
45982,31.0,0,0.0
45983,0.0,1,0.0
45984,0.0,0,2.0
45985,0.0,0,1.0
45986,31.0,1,2.0
45987,28.0,0,1.0
45988,30.0,0,1.0
45989,31.0,0,0.0
45990,0.0,0,0.0
45991,29.0,1,2.0
45992,27.0,0,3.0
45993,26.0,0,-1.0
45994,16.0,0,-0.0
45995,22.0,0,-1.0
45996,22.0,0,3.0
45997,31.0,0,0.0
45998,27.0,0,3.0
45999,29.0,0,2.0
46000,0.0,0,3.0
46001,0.0,0,1.0
46002,30.0,0,1.0
46003,26.0,0,2.0
46004,25.0,0,2.0
46005,26.0,0,-1.0
46006,0.0,0,0.0
46007,30.0,0,1.0
46008,30.0,0,1.0
46009,31.0,1,0.0
46010,29.0,0,2.0
46011,13.0,0,2.0
46012,0.0,0,2.0
46013,0.0,1,0.0
46014,5.0,0,0.0
46015,27.0,0,1.0
46016,29.0,0,2.0
46017,31.0,0,0.0
46018,31.0,0,0.0
46019,28.0,0,2.0
46020,20.0,0,1.0
46021,31.0,0,-0.0
46022,0.0,0,2.0
46023,29.0,0,2.0
46024,27.0,0,2.0
46025,12.0,0,3.0
46026,22.0,0,0.0
46027,21.0,1,-0.0
46028,31.0,0,0.0
46029,16.0,0,4.0
46030,0.0,0,0.0
46031,31.0,0,0.0
46032,19.0,0,1.0
46033,5.0,0,3.0
46034,12.0,0,2.0
46035,0.0,0,3.0
46036,0.0,0,0.0
46037,14.0,0,1.0
46038,31.0,0,0.0
46039,0.0,0,0.0
46040,12.0,0,2.0
46041,31.0,1,0.0
46042,31.0,0,0.0
46043,16.0,0,2.0
46044,0.0,0,0.0
46045,0.0,0,1.0
46046,31.0,0,-2.0
46047,8.0,0,-1.0
46048,31.0,1,0.0
46049,31.0,1,0.0
46050,16.0,0,3.0
46051,28.0,0,-0.0
46052,9.0,0,3.0
46053,18.0,0,1.0
46054,31.0,0,0.0
46055,31.0,0,-0.0
46056,0.0,0,1.0
46057,21.0,0,-1.0
46058,0.0,0,1.0
46059,31.0,0,0.0
46060,0.0,1,0.0
46061,31.0,0,0.0
46062,31.0,1,0.0
46063,31.0,0,0.0
46064,31.0,0,0.0
46065,0.0,0,5.0
46066,31.0,0,0.0
46067,26.0,1,2.0
46068,0.0,0,0.0
46069,0.0,0,0.0
46070,0.0,0,1.0
46071,28.0,1,1.0
46072,16.0,0,3.0
46073,30.0,0,1.0
46074,12.0,0,1.0
46075,29.0,0,1.0
46076,29.0,0,-0.0
46077,30.0,0,0.0
46078,8.0,1,-0.0
46079,31.0,1,0.0
46080,0.0,0,2.0
46081,0.0,0,0.0
46082,0.0,0,2.0
46083,13.0,0,1.0
46084,15.0,0,4.0
46085,30.0,1,1.0
46086,29.0,0,2.0
46087,15.0,0,-1.0
46088,31.0,0,0.0
46089,28.0,1,1.0
46090,0.0,1,0.0
46091,22.0,0,-2.0
46092,5.0,1,5.0
46093,0.0,0,0.0
46094,18.0,0,1.0
46095,0.0,1,-1.0
46096,31.0,0,0.0
46097,23.0,0,2.0
46098,0.0,1,0.0
46099,30.0,0,1.0
46100,25.0,0,3.0
46101,8.0,0,3.0
46102,27.0,1,2.0
46103,10.0,1,-1.0
46104,26.0,0,-0.0
46105,31.0,0,0.0
46106,1.0,1,1.0
46107,31.0,0,0.0
46108,30.0,0,-3.0
46109,8.0,0,1.0
46110,28.0,0,-2.0
46111,0.0,0,0.0
46112,31.0,0,-1.0
46113,9.0,0,3.0
46114,0.0,0,0.0
46115,31.0,1,0.0
46116,28.0,0,3.0
46117,7.0,0,1.0
46118,29.0,0,2.0
46119,16.0,0,-2.0
46120,0.0,0,0.0
46121,0.0,0,0.0
46122,18.0,0,-0.0
46123,1.0,1,1.0
46124,30.0,0,-1.0
46125,0.0,0,2.0
46126,28.0,1,-1.0
46127,0.0,0,2.0
46128,18.0,0,1.0
46129,0.0,0,0.0
46130,14.0,0,0.0
46131,28.0,0,2.0
46132,13.0,0,1.0
46133,22.0,0,2.0
46134,0.0,0,3.0
46135,18.0,0,1.0
46136,22.0,1,5.0
46137,29.0,0,-0.0
46138,15.0,1,5.0
46139,21.0,1,1.0
46140,7.0,0,1.0
46141,0.0,0,0.0
46142,31.0,0,0.0
46143,26.0,0,0.0
46144,5.0,0,-0.0
46145,2.0,0,2.0
46146,0.0,0,0.0
46147,0.0,0,0.0
46148,25.0,0,1.0
46149,4.0,1,4.0
46150,19.0,0,1.0
46151,11.0,0,-1.0
46152,11.0,0,-2.0
46153,23.0,1,1.0
46154,31.0,1,0.0
46155,2.0,1,2.0
46156,22.0,0,-2.0
46157,29.0,0,2.0
46158,20.0,0,0.0
46159,0.0,0,1.0
46160,14.0,1,0.0
46161,0.0,0,2.0
46162,27.0,0,-4.0
46163,0.0,0,1.0
46164,8.0,0,2.0
46165,2.0,1,2.0
46166,22.0,0,6.0
46167,31.0,0,0.0
46168,22.0,1,0.0
46169,31.0,0,0.0
46170,31.0,0,0.0
46171,24.0,1,1.0
46172,31.0,1,0.0
46173,11.0,0,3.0
46174,31.0,0,0.0
46175,24.0,0,-0.0
46176,11.0,0,-2.0
46177,31.0,0,0.0
46178,22.0,0,1.0
46179,0.0,0,0.0
46180,27.0,0,-0.0
46181,16.0,0,2.0
46182,0.0,0,1.0
46183,3.0,1,3.0
46184,31.0,0,0.0
46185,31.0,0,0.0
46186,31.0,0,0.0
46187,30.0,0,1.0
46188,23.0,0,-1.0
46189,19.0,0,-1.0
46190,20.0,0,-0.0
46191,31.0,0,-1.0
46192,3.0,0,1.0
46193,28.0,1,2.0
46194,31.0,0,0.0
46195,31.0,0,-2.0
46196,28.0,0,3.0
46197,5.0,1,1.0
46198,15.0,0,1.0
46199,31.0,0,0.0
46200,22.0,0,3.0
46201,23.0,0,-0.0
46202,31.0,0,0.0
46203,31.0,1,0.0
46204,2.0,1,-0.0
46205,0.0,0,0.0
46206,30.0,0,-0.0
46207,28.0,0,2.0
46208,18.0,0,4.0
46209,0.0,0,0.0
46210,0.0,0,1.0
46211,31.0,0,0.0
46212,6.0,0,-0.0
46213,8.0,0,2.0
46214,0.0,0,0.0
46215,30.0,1,2.0
46216,0.0,1,0.0
46217,25.0,1,-4.0
46218,11.0,0,1.0
46219,20.0,1,1.0
46220,0.0,0,0.0
46221,0.0,1,0.0
46222,30.0,0,1.0
46223,18.0,0,3.0
46224,20.0,0,3.0
46225,29.0,0,2.0
46226,23.0,0,1.0
46227,24.0,0,0.0
46228,0.0,0,1.0
46229,29.0,0,0.0
46230,30.0,0,-0.0
46231,24.0,1,-1.0
46232,13.0,0,1.0
46233,0.0,0,0.0
46234,0.0,0,0.0
46235,27.0,0,3.0
46236,0.0,0,1.0
46237,28.0,0,1.0
46238,0.0,0,2.0
46239,14.0,0,-1.0
46240,12.0,0,1.0
46241,28.0,0,3.0
46242,29.0,1,5.0
46243,29.0,0,-2.0
46244,31.0,0,0.0
46245,31.0,1,0.0
46246,0.0,0,2.0
46247,31.0,1,0.0
46248,31.0,0,-0.0
46249,31.0,0,-0.0
46250,31.0,0,-2.0
46251,8.0,0,0.0
46252,29.0,0,1.0
46253,23.0,0,1.0
46254,31.0,0,0.0
46255,23.0,1,2.0
46256,0.0,1,0.0
46257,31.0,0,0.0
46258,31.0,0,0.0
46259,31.0,0,0.0
46260,0.0,0,4.0
46261,21.0,0,1.0
46262,23.0,0,1.0
46263,0.0,0,1.0
46264,28.0,0,-2.0
46265,0.0,1,0.0
46266,29.0,0,1.0
46267,20.0,0,1.0
46268,4.0,1,-2.0
46269,10.0,0,1.0
46270,31.0,1,0.0
46271,0.0,0,2.0
46272,0.0,1,0.0
46273,0.0,0,0.0
46274,31.0,1,0.0
46275,25.0,0,1.0
46276,0.0,0,0.0
46277,2.0,0,2.0
46278,25.0,0,2.0
46279,31.0,0,0.0
46280,21.0,0,-0.0
46281,0.0,0,4.0
46282,0.0,0,8.0
46283,6.0,0,2.0
46284,31.0,0,0.0
46285,26.0,0,0.0
46286,31.0,0,0.0
46287,31.0,0,0.0
46288,18.0,1,-3.0
46289,20.0,0,1.0
46290,17.0,1,-1.0
46291,30.0,1,-0.0
46292,18.0,0,1.0
46293,31.0,0,-2.0
46294,25.0,0,4.0
46295,30.0,0,1.0
46296,14.0,0,3.0
46297,26.0,0,1.0
46298,26.0,0,-3.0
46299,0.0,0,0.0
46300,24.0,0,2.0
46301,0.0,0,0.0
46302,31.0,1,4.0
46303,26.0,0,-0.0
46304,11.0,0,3.0
46305,31.0,0,0.0
46306,7.0,0,3.0
46307,28.0,0,-2.0
46308,2.0,1,1.0
46309,0.0,0,1.0
46310,31.0,0,0.0
46311,25.0,1,2.0
46312,31.0,1,0.0
46313,0.0,1,0.0
46314,29.0,0,2.0
46315,0.0,0,1.0
46316,1.0,1,1.0
46317,25.0,0,3.0
46318,25.0,1,1.0
46319,31.0,0,0.0
46320,0.0,0,1.0
46321,0.0,0,4.0
46322,4.0,0,-4.0
46323,31.0,0,0.0
46324,22.0,0,1.0
46325,31.0,0,0.0
46326,0.0,0,1.0
46327,29.0,0,0.0
46328,31.0,0,0.0
46329,0.0,0,2.0
46330,0.0,0,2.0
46331,22.0,0,-2.0
46332,31.0,0,0.0
46333,29.0,0,2.0
46334,23.0,1,0.0
46335,0.0,0,1.0
46336,30.0,0,1.0
46337,1.0,1,1.0
46338,21.0,0,2.0
46339,1.0,0,-1.0
46340,0.0,0,1.0
46341,0.0,0,2.0
46342,0.0,0,1.0
46343,4.0,1,4.0
46344,28.0,0,-0.0
46345,23.0,0,4.0
46346,13.0,0,2.0
46347,31.0,0,-0.0
46348,31.0,0,-0.0
46349,0.0,0,0.0
46350,9.0,0,1.0
46351,29.0,0,2.0
46352,26.0,0,-0.0
46353,30.0,0,-1.0
46354,26.0,0,1.0
46355,0.0,0,2.0
46356,22.0,0,1.0
46357,29.0,0,2.0
46358,31.0,0,0.0
46359,0.0,1,0.0
46360,0.0,0,0.0
46361,24.0,0,6.0
46362,23.0,1,1.0
46363,28.0,0,2.0
46364,11.0,1,2.0
46365,0.0,0,2.0
46366,29.0,0,2.0
46367,31.0,0,0.0
46368,30.0,0,1.0
46369,31.0,0,0.0
46370,30.0,0,1.0
46371,24.0,0,2.0
46372,0.0,0,3.0
46373,31.0,0,0.0
46374,0.0,0,2.0
46375,0.0,0,1.0
46376,2.0,0,1.0
46377,27.0,0,4.0
46378,25.0,0,3.0
46379,30.0,0,1.0
46380,31.0,1,0.0
46381,18.0,0,4.0
46382,9.0,0,2.0
46383,30.0,0,1.0
46384,21.0,0,4.0
46385,26.0,1,2.0
46386,0.0,0,5.0
46387,23.0,0,1.0
46388,25.0,0,-1.0
46389,0.0,0,3.0
46390,18.0,0,2.0
46391,23.0,1,1.0
46392,0.0,0,0.0
46393,0.0,0,2.0
46394,30.0,0,1.0
46395,21.0,0,3.0
46396,31.0,0,-1.0
46397,0.0,0,0.0
46398,31.0,0,0.0
46399,31.0,0,-0.0
46400,0.0,0,3.0
46401,31.0,0,0.0
46402,0.0,0,0.0
46403,28.0,0,2.0
46404,27.0,0,1.0
46405,27.0,0,4.0
46406,22.0,0,1.0
46407,1.0,1,1.0
46408,0.0,0,0.0
46409,16.0,0,0.0
46410,27.0,0,2.0
46411,31.0,0,0.0
46412,26.0,1,-0.0
46413,31.0,0,-2.0
46414,15.0,0,2.0
46415,29.0,0,0.0
46416,0.0,0,2.0
46417,19.0,0,3.0
46418,21.0,0,2.0
46419,30.0,0,1.0
46420,31.0,0,0.0
46421,3.0,0,1.0
46422,0.0,0,4.0
46423,28.0,0,2.0
46424,31.0,1,0.0
46425,12.0,0,1.0
46426,31.0,0,-0.0
46427,0.0,0,3.0
46428,18.0,1,-1.0
46429,26.0,0,2.0
46430,11.0,0,2.0
46431,27.0,0,-3.0
46432,31.0,1,1.0
46433,0.0,0,0.0
46434,9.0,0,0.0
46435,0.0,0,3.0
46436,0.0,1,0.0
46437,17.0,0,-1.0
46438,31.0,0,0.0
46439,26.0,0,1.0
46440,24.0,0,1.0
46441,0.0,0,0.0
46442,0.0,0,0.0
46443,25.0,0,0.0
46444,17.0,0,1.0
46445,27.0,0,2.0
46446,25.0,0,2.0
46447,31.0,0,0.0
46448,17.0,0,3.0
46449,1.0,1,1.0
46450,30.0,0,1.0
46451,0.0,0,3.0
46452,30.0,0,1.0
46453,0.0,0,4.0
46454,0.0,0,3.0
46455,0.0,0,4.0
46456,28.0,0,1.0
46457,20.0,0,2.0
46458,31.0,0,-1.0
46459,31.0,0,0.0
46460,0.0,0,2.0
46461,5.0,0,2.0
46462,31.0,0,0.0
46463,2.0,1,2.0
46464,31.0,0,-2.0
46465,31.0,1,1.0
46466,0.0,0,0.0
46467,31.0,1,1.0
46468,0.0,0,0.0
46469,31.0,1,2.0
46470,25.0,1,-4.0
46471,29.0,0,0.0
46472,31.0,1,0.0
46473,4.0,0,2.0
46474,7.0,0,0.0
46475,31.0,0,-1.0
46476,31.0,0,0.0
46477,28.0,0,0.0
46478,31.0,0,0.0
46479,1.0,1,1.0
46480,31.0,0,0.0
46481,14.0,0,-1.0
46482,0.0,0,2.0
46483,23.0,0,-1.0
46484,29.0,1,-1.0
46485,31.0,1,3.0
46486,17.0,0,6.0
46487,31.0,0,0.0
46488,29.0,0,2.0
46489,16.0,0,5.0
46490,30.0,1,0.0
46491,31.0,1,0.0
46492,27.0,0,-0.0
46493,25.0,1,2.0
46494,28.0,1,0.0
46495,24.0,1,1.0
46496,24.0,0,2.0
46497,23.0,0,1.0
46498,29.0,0,1.0
46499,20.0,0,3.0
46500,0.0,0,0.0
46501,19.0,0,1.0
46502,21.0,1,2.0
46503,20.0,0,0.0
46504,3.0,0,2.0
46505,30.0,1,2.0
46506,18.0,0,0.0
46507,1.0,1,1.0
46508,0.0,0,1.0
46509,0.0,0,2.0
46510,0.0,0,0.0
46511,0.0,0,1.0
46512,31.0,0,0.0
46513,21.0,1,-2.0
46514,27.0,0,1.0
46515,27.0,0,4.0
46516,18.0,0,-0.0
46517,27.0,0,3.0
46518,31.0,0,0.0
46519,31.0,0,0.0
46520,2.0,1,2.0
46521,31.0,1,4.0
46522,8.0,1,3.0
46523,0.0,0,1.0
46524,0.0,0,4.0
46525,20.0,0,1.0
46526,28.0,0,2.0
46527,31.0,0,0.0
46528,30.0,0,1.0
46529,31.0,1,3.0
46530,0.0,0,0.0
46531,5.0,1,5.0
46532,20.0,1,1.0
46533,21.0,0,2.0
46534,30.0,0,1.0
46535,31.0,0,0.0
46536,11.0,0,3.0
46537,3.0,0,1.0
46538,24.0,0,0.0
46539,0.0,0,5.0
46540,31.0,0,0.0
46541,30.0,0,0.0
46542,30.0,1,2.0
46543,2.0,1,2.0
46544,11.0,0,-4.0
46545,0.0,0,2.0
46546,4.0,0,1.0
46547,29.0,0,1.0
46548,3.0,1,3.0
46549,30.0,0,1.0
46550,31.0,0,0.0
46551,31.0,0,0.0
46552,0.0,0,3.0
46553,29.0,0,-0.0
46554,26.0,0,5.0
46555,22.0,1,0.0
46556,27.0,0,1.0
46557,30.0,0,-0.0
46558,0.0,0,3.0
46559,25.0,0,1.0
46560,29.0,1,3.0
46561,31.0,1,1.0
46562,31.0,0,0.0
46563,0.0,0,2.0
46564,31.0,1,0.0
46565,27.0,0,4.0
46566,31.0,0,0.0
46567,0.0,1,0.0
46568,31.0,0,-1.0
46569,26.0,0,-0.0
46570,30.0,0,1.0
46571,29.0,1,-2.0
46572,0.0,0,0.0
46573,19.0,0,3.0
46574,3.0,1,-1.0
46575,17.0,0,3.0
46576,6.0,0,0.0
46577,31.0,0,-0.0
46578,27.0,0,4.0
46579,0.0,0,2.0
46580,27.0,1,1.0
46581,0.0,0,0.0
46582,0.0,1,0.0
46583,0.0,1,0.0
46584,21.0,0,2.0
46585,0.0,1,0.0
46586,31.0,0,0.0
46587,21.0,0,1.0
46588,0.0,0,0.0
46589,10.0,0,4.0
46590,30.0,0,0.0
46591,23.0,1,1.0
46592,0.0,0,0.0
46593,18.0,0,1.0
46594,4.0,0,0.0
46595,21.0,1,2.0
46596,0.0,0,0.0
46597,4.0,1,1.0
46598,24.0,0,-0.0
46599,12.0,0,2.0
46600,10.0,1,1.0
46601,19.0,1,4.0
46602,15.0,0,1.0
46603,20.0,0,-2.0
46604,9.0,0,1.0
46605,30.0,0,1.0
46606,22.0,0,4.0
46607,31.0,1,0.0
46608,31.0,0,0.0
46609,30.0,0,0.0
46610,26.0,0,1.0
46611,18.0,1,4.0
46612,30.0,0,1.0
46613,0.0,0,2.0
46614,24.0,0,-0.0
46615,30.0,0,1.0
46616,31.0,0,0.0
46617,31.0,0,-1.0
46618,4.0,0,1.0
46619,19.0,0,2.0
46620,31.0,0,0.0
46621,2.0,1,2.0
46622,31.0,0,0.0
46623,23.0,0,-2.0
46624,23.0,0,2.0
46625,31.0,0,0.0
46626,3.0,1,2.0
46627,31.0,0,-0.0
46628,29.0,0,2.0
46629,30.0,0,-0.0
46630,0.0,0,2.0
46631,31.0,0,0.0
46632,18.0,0,2.0
46633,31.0,1,0.0
46634,28.0,0,-3.0
46635,0.0,0,0.0
46636,8.0,0,3.0
46637,29.0,0,-1.0
46638,0.0,0,2.0
46639,25.0,0,-0.0
46640,29.0,0,2.0
46641,0.0,0,0.0
46642,31.0,0,0.0
46643,20.0,0,2.0
46644,29.0,0,1.0
46645,30.0,0,1.0
46646,0.0,0,0.0
46647,0.0,0,0.0
46648,0.0,0,0.0
46649,31.0,0,0.0
46650,27.0,0,-2.0
46651,31.0,0,0.0
46652,8.0,1,1.0
46653,15.0,1,-0.0
46654,0.0,1,0.0
46655,30.0,0,1.0
46656,29.0,0,2.0
46657,0.0,0,0.0
46658,21.0,0,5.0
46659,7.0,0,1.0
46660,0.0,0,1.0
46661,19.0,0,2.0
46662,16.0,0,3.0
46663,31.0,1,0.0
46664,15.0,0,4.0
46665,14.0,0,2.0
46666,0.0,0,0.0
46667,31.0,1,1.0
46668,0.0,0,1.0
46669,17.0,0,1.0
46670,0.0,1,0.0
46671,18.0,0,1.0
46672,13.0,1,1.0
46673,14.0,0,1.0
46674,31.0,0,-0.0
46675,31.0,1,1.0
46676,13.0,0,2.0
46677,30.0,1,-1.0
46678,31.0,0,-1.0
46679,19.0,0,1.0
46680,0.0,0,1.0
46681,25.0,0,3.0
46682,5.0,1,2.0
46683,24.0,0,1.0
46684,6.0,0,2.0
46685,31.0,0,0.0
46686,0.0,0,1.0
46687,0.0,0,0.0
46688,31.0,0,0.0
46689,4.0,0,4.0
46690,8.0,0,-0.0
46691,26.0,1,3.0
46692,31.0,0,0.0
46693,29.0,0,0.0
46694,31.0,1,1.0
46695,18.0,0,3.0
46696,24.0,0,-1.0
46697,31.0,1,0.0
46698,31.0,0,0.0
46699,24.0,0,2.0
46700,26.0,1,3.0
46701,31.0,0,0.0
46702,31.0,0,0.0
46703,0.0,0,0.0
46704,4.0,1,4.0
46705,31.0,1,-0.0
46706,0.0,1,0.0
46707,22.0,0,2.0
46708,31.0,0,0.0
46709,0.0,0,2.0
46710,31.0,0,0.0
46711,31.0,0,0.0
46712,0.0,0,0.0
46713,21.0,0,3.0
46714,10.0,0,-4.0
46715,31.0,0,0.0
46716,0.0,0,2.0
46717,31.0,0,0.0
46718,31.0,0,0.0
46719,0.0,0,1.0
46720,28.0,1,1.0
46721,29.0,0,-0.0
46722,27.0,0,2.0
46723,0.0,0,0.0
46724,31.0,1,0.0
46725,31.0,0,-1.0
46726,30.0,0,1.0
46727,8.0,0,-1.0
46728,28.0,0,2.0
46729,0.0,0,2.0
46730,23.0,0,1.0
46731,31.0,0,0.0
46732,0.0,0,3.0
46733,0.0,0,2.0
46734,8.0,0,4.0
46735,11.0,0,1.0
46736,2.0,0,6.0
46737,24.0,0,4.0
46738,31.0,0,-3.0
46739,22.0,0,1.0
46740,30.0,0,1.0
46741,31.0,0,0.0
46742,31.0,0,0.0
46743,20.0,0,0.0
46744,26.0,0,-1.0
46745,31.0,0,0.0
46746,31.0,0,0.0
46747,31.0,0,0.0
46748,12.0,0,1.0
46749,31.0,0,0.0
46750,0.0,0,3.0
46751,31.0,0,0.0
46752,0.0,0,0.0
46753,28.0,1,2.0
46754,26.0,0,-0.0
46755,16.0,0,-1.0
46756,29.0,0,1.0
46757,24.0,1,-0.0
46758,12.0,0,-1.0
46759,22.0,0,4.0
46760,0.0,0,4.0
46761,31.0,0,0.0
46762,5.0,0,-0.0
46763,30.0,0,1.0
46764,23.0,0,1.0
46765,0.0,0,2.0
46766,31.0,0,-4.0
46767,0.0,0,2.0
46768,31.0,0,0.0
46769,0.0,0,3.0
46770,31.0,0,-1.0
46771,30.0,1,-1.0
46772,26.0,0,0.0
46773,20.0,0,2.0
46774,26.0,0,-0.0
46775,16.0,1,1.0
46776,25.0,0,0.0
46777,31.0,1,0.0
46778,31.0,0,0.0
46779,0.0,0,3.0
46780,31.0,0,0.0
46781,15.0,0,0.0
46782,20.0,1,1.0
46783,31.0,0,0.0
46784,30.0,0,1.0
46785,0.0,0,2.0
46786,31.0,0,0.0
46787,31.0,0,0.0
46788,26.0,0,2.0
46789,26.0,0,-2.0
46790,2.0,0,-1.0
46791,0.0,0,2.0
46792,31.0,1,1.0
46793,30.0,0,1.0
46794,0.0,0,2.0
46795,0.0,0,5.0
46796,30.0,0,1.0
46797,31.0,0,0.0
46798,0.0,0,0.0
46799,23.0,0,1.0
46800,0.0,0,0.0
46801,19.0,0,4.0
46802,20.0,0,4.0
46803,14.0,0,2.0
46804,31.0,0,0.0
46805,0.0,0,0.0
46806,27.0,0,1.0
46807,24.0,0,3.0
46808,27.0,0,-0.0
46809,28.0,1,1.0
46810,31.0,0,0.0
46811,22.0,1,1.0
46812,24.0,0,1.0
46813,31.0,0,0.0
46814,4.0,1,-1.0
46815,30.0,0,1.0
46816,9.0,0,0.0
46817,0.0,0,3.0
46818,31.0,0,0.0
46819,19.0,0,-1.0
46820,31.0,0,0.0
46821,31.0,0,0.0
46822,29.0,0,0.0
46823,30.0,0,-1.0
46824,0.0,0,2.0
46825,0.0,0,1.0
46826,31.0,0,0.0
46827,26.0,0,-1.0
46828,20.0,1,0.0
46829,25.0,0,1.0
46830,10.0,0,1.0
46831,31.0,0,0.0
46832,0.0,0,2.0
46833,0.0,0,4.0
46834,27.0,0,1.0
46835,15.0,0,-1.0
46836,0.0,0,0.0
46837,31.0,1,0.0
46838,25.0,0,-1.0
46839,12.0,0,-2.0
46840,31.0,0,-0.0
46841,31.0,0,0.0
46842,8.0,0,-2.0
46843,20.0,1,0.0
46844,30.0,1,1.0
46845,0.0,0,4.0
46846,0.0,0,1.0
46847,31.0,0,-0.0
46848,22.0,0,1.0
46849,17.0,1,1.0
46850,0.0,0,0.0
46851,3.0,1,-0.0
46852,0.0,0,0.0
46853,26.0,0,-0.0
46854,0.0,0,1.0
46855,31.0,1,0.0
46856,31.0,0,0.0
46857,31.0,1,0.0
46858,17.0,0,-0.0
46859,16.0,0,2.0
46860,31.0,0,0.0
46861,22.0,0,0.0
46862,29.0,0,1.0
46863,0.0,0,1.0
46864,27.0,0,2.0
46865,22.0,0,-0.0
46866,0.0,0,1.0
46867,27.0,0,-0.0
46868,0.0,0,0.0
46869,0.0,0,1.0
46870,0.0,0,1.0
46871,27.0,0,1.0
46872,22.0,1,-1.0
46873,30.0,0,1.0
46874,12.0,0,2.0
46875,31.0,0,0.0
46876,3.0,1,3.0
46877,31.0,0,0.0
46878,30.0,0,1.0
46879,31.0,1,0.0
46880,0.0,0,1.0
46881,18.0,0,7.0
46882,27.0,0,2.0
46883,30.0,1,1.0
46884,21.0,0,1.0
46885,18.0,0,-4.0
46886,31.0,0,0.0
46887,25.0,1,1.0
46888,27.0,0,2.0
46889,13.0,0,1.0
46890,31.0,1,0.0
46891,2.0,1,2.0
46892,19.0,0,-1.0
46893,0.0,0,1.0
46894,1.0,1,1.0
46895,29.0,0,2.0
46896,0.0,0,0.0
46897,26.0,0,-2.0
46898,30.0,0,1.0
46899,22.0,0,-0.0
46900,0.0,0,0.0
46901,31.0,0,0.0
46902,2.0,1,2.0
46903,24.0,0,2.0
46904,0.0,0,1.0
46905,8.0,0,-1.0
46906,0.0,0,0.0
46907,12.0,0,2.0
46908,31.0,0,-0.0
46909,11.0,0,-1.0
46910,15.0,0,2.0
46911,13.0,0,2.0
46912,31.0,0,0.0
46913,17.0,1,0.0
46914,30.0,0,1.0
46915,21.0,0,1.0
46916,16.0,0,2.0
46917,31.0,0,0.0
46918,31.0,1,0.0
46919,12.0,0,2.0
46920,0.0,0,0.0
46921,18.0,0,-3.0
46922,0.0,0,3.0
46923,13.0,0,4.0
46924,31.0,1,2.0
46925,31.0,0,-1.0
46926,31.0,1,1.0
46927,21.0,0,3.0
46928,27.0,0,-1.0
46929,19.0,0,4.0
46930,8.0,0,-1.0
46931,29.0,0,-0.0
46932,29.0,0,2.0
46933,27.0,0,-1.0
46934,12.0,0,2.0
46935,19.0,1,1.0
46936,0.0,0,0.0
46937,30.0,0,1.0
46938,0.0,0,0.0
46939,2.0,1,2.0
46940,0.0,1,0.0
46941,0.0,0,3.0
46942,0.0,0,1.0
46943,7.0,0,-1.0
46944,12.0,0,-2.0
46945,3.0,0,2.0
46946,30.0,0,1.0
46947,27.0,0,2.0
46948,10.0,0,3.0
46949,31.0,0,0.0
46950,0.0,0,1.0
46951,31.0,0,0.0
46952,0.0,0,0.0
46953,31.0,0,-1.0
46954,30.0,0,-0.0
46955,26.0,1,1.0
46956,0.0,0,0.0
46957,27.0,0,1.0
46958,31.0,0,0.0
46959,0.0,0,2.0
46960,26.0,0,-2.0
46961,15.0,0,-1.0
46962,24.0,1,3.0
46963,30.0,0,1.0
46964,0.0,0,1.0
46965,6.0,0,1.0
46966,31.0,0,-4.0
46967,19.0,1,3.0
46968,24.0,0,3.0
46969,6.0,0,1.0
46970,0.0,0,1.0
46971,27.0,1,0.0
46972,16.0,0,0.0
46973,31.0,0,0.0
46974,30.0,0,0.0
46975,29.0,0,-2.0
46976,1.0,0,1.0
46977,30.0,0,1.0
46978,21.0,0,2.0
46979,31.0,0,0.0
46980,20.0,0,3.0
46981,30.0,0,1.0
46982,9.0,0,1.0
46983,0.0,0,2.0
46984,6.0,0,3.0
46985,30.0,0,1.0
46986,27.0,0,2.0
46987,3.0,0,2.0
46988,0.0,0,0.0
46989,12.0,0,3.0
46990,22.0,0,2.0
46991,10.0,0,-1.0
46992,21.0,0,0.0
46993,10.0,0,-1.0
46994,29.0,0,1.0
46995,17.0,1,2.0
46996,31.0,0,-0.0
46997,25.0,0,1.0
46998,0.0,0,7.0
46999,31.0,0,0.0
47000,27.0,1,-1.0
47001,31.0,0,-0.0
47002,22.0,1,2.0
47003,18.0,0,-1.0
47004,24.0,1,2.0
47005,27.0,1,0.0
47006,8.0,1,3.0
47007,12.0,1,1.0
47008,21.0,0,1.0
47009,4.0,0,3.0
47010,24.0,0,2.0
47011,5.0,1,-1.0
47012,31.0,0,0.0
47013,31.0,0,-1.0
47014,31.0,0,0.0
47015,25.0,0,-0.0
47016,2.0,1,2.0
47017,31.0,1,1.0
47018,29.0,0,2.0
47019,0.0,0,1.0
47020,31.0,1,1.0
47021,31.0,0,0.0
47022,28.0,0,3.0
47023,3.0,0,-3.0
47024,31.0,1,0.0
47025,24.0,0,1.0
47026,26.0,1,5.0
47027,31.0,1,1.0
47028,31.0,0,-1.0
47029,27.0,0,-0.0
47030,0.0,0,0.0
47031,30.0,0,-1.0
47032,0.0,0,5.0
47033,27.0,1,-0.0
47034,0.0,0,0.0
47035,26.0,0,4.0
47036,21.0,0,1.0
47037,31.0,0,0.0
47038,24.0,0,4.0
47039,31.0,0,0.0
47040,26.0,0,-0.0
47041,31.0,0,0.0
47042,0.0,0,2.0
47043,31.0,0,0.0
47044,11.0,0,1.0
47045,29.0,0,2.0
47046,15.0,0,3.0
47047,31.0,0,0.0
47048,12.0,0,1.0
47049,31.0,0,0.0
47050,0.0,0,1.0
47051,5.0,0,-1.0
47052,30.0,0,0.0
47053,31.0,1,1.0
47054,31.0,0,0.0
47055,31.0,0,-4.0
47056,27.0,0,4.0
47057,0.0,0,2.0
47058,6.0,0,1.0
47059,1.0,1,1.0
47060,6.0,0,-1.0
47061,30.0,0,1.0
47062,0.0,0,2.0
47063,19.0,0,0.0
47064,20.0,0,2.0
47065,0.0,0,9.0
47066,16.0,0,5.0
47067,0.0,0,0.0
47068,0.0,1,0.0
47069,31.0,0,0.0
47070,0.0,0,1.0
47071,0.0,0,0.0
47072,29.0,0,-1.0
47073,27.0,0,2.0
47074,0.0,0,0.0
47075,25.0,0,1.0
47076,31.0,0,0.0
47077,31.0,0,0.0
47078,18.0,0,-1.0
47079,3.0,1,3.0
47080,31.0,1,0.0
47081,7.0,0,1.0
47082,31.0,1,-0.0
47083,0.0,0,0.0
47084,20.0,0,-0.0
47085,31.0,0,-1.0
47086,19.0,0,2.0
47087,28.0,1,2.0
47088,23.0,0,3.0
47089,21.0,0,2.0
47090,15.0,0,-1.0
47091,22.0,0,0.0
47092,16.0,0,2.0
47093,25.0,1,1.0
47094,31.0,1,1.0
47095,28.0,0,3.0
47096,0.0,1,0.0
47097,0.0,0,3.0
47098,0.0,0,0.0
47099,11.0,0,2.0
47100,30.0,0,1.0
47101,28.0,0,-0.0
47102,5.0,0,-1.0
47103,14.0,0,1.0
47104,31.0,0,0.0
47105,25.0,0,-1.0
47106,31.0,0,0.0
47107,29.0,0,-0.0
47108,30.0,0,-1.0
47109,0.0,0,0.0
47110,31.0,0,0.0
47111,26.0,0,1.0
47112,29.0,1,0.0
47113,31.0,0,0.0
47114,0.0,0,1.0
47115,18.0,0,2.0
47116,30.0,1,-1.0
47117,31.0,0,0.0
47118,21.0,0,-0.0
47119,31.0,0,0.0
47120,25.0,0,4.0
47121,1.0,0,-1.0
47122,22.0,0,-0.0
47123,31.0,0,0.0
47124,31.0,0,0.0
47125,6.0,1,1.0
47126,18.0,0,-0.0
47127,30.0,1,-0.0
47128,0.0,0,3.0
47129,31.0,0,-0.0
47130,0.0,0,2.0
47131,27.0,0,1.0
47132,30.0,0,1.0
47133,0.0,0,4.0
47134,29.0,0,2.0
47135,31.0,0,0.0
47136,26.0,1,2.0
47137,20.0,0,4.0
47138,31.0,1,0.0
47139,19.0,0,-2.0
47140,31.0,0,0.0
47141,23.0,0,0.0
47142,11.0,0,-1.0
47143,31.0,1,0.0
47144,18.0,0,1.0
47145,15.0,1,-1.0
47146,0.0,0,3.0
47147,25.0,0,1.0
47148,23.0,0,1.0
47149,27.0,0,0.0
47150,22.0,0,4.0
47151,31.0,0,0.0
47152,6.0,0,1.0
47153,31.0,0,0.0
47154,31.0,0,0.0
47155,31.0,1,3.0
47156,20.0,0,2.0
47157,31.0,0,0.0
47158,18.0,1,2.0
47159,0.0,1,0.0
47160,29.0,0,2.0
47161,30.0,0,1.0
47162,28.0,1,-0.0
47163,0.0,0,2.0
47164,31.0,0,-6.0
47165,31.0,0,0.0
47166,31.0,0,0.0
47167,0.0,0,3.0
47168,10.0,0,0.0
47169,6.0,0,-0.0
47170,5.0,0,-1.0
47171,0.0,0,4.0
47172,28.0,1,1.0
47173,0.0,0,0.0
47174,31.0,0,0.0
47175,30.0,1,-0.0
47176,0.0,0,2.0
47177,19.0,0,3.0
47178,23.0,0,-2.0
47179,10.0,0,1.0
47180,8.0,0,2.0
47181,31.0,0,0.0
47182,27.0,0,3.0
47183,27.0,0,2.0
47184,0.0,0,0.0
47185,29.0,1,-2.0
47186,5.0,0,5.0
47187,3.0,0,-1.0
47188,8.0,1,-0.0
47189,17.0,0,-0.0
47190,15.0,0,1.0
47191,20.0,0,1.0
47192,0.0,0,0.0
47193,30.0,0,0.0
47194,31.0,0,0.0
47195,31.0,0,-0.0
47196,31.0,0,-4.0
47197,5.0,0,0.0
47198,1.0,0,-1.0
47199,0.0,0,0.0
47200,31.0,1,2.0
47201,3.0,0,0.0
47202,11.0,0,1.0
47203,27.0,0,2.0
47204,0.0,0,4.0
47205,31.0,1,-0.0
47206,31.0,0,0.0
47207,31.0,0,0.0
47208,18.0,0,1.0
47209,26.0,0,1.0
47210,0.0,0,1.0
47211,31.0,1,2.0
47212,0.0,0,0.0
47213,0.0,0,2.0
47214,30.0,0,1.0
47215,14.0,1,1.0
47216,27.0,0,1.0
47217,0.0,0,4.0
47218,18.0,0,0.0
47219,31.0,0,0.0
47220,29.0,0,0.0
47221,19.0,0,0.0
47222,0.0,0,0.0
47223,22.0,0,3.0
47224,0.0,0,2.0
47225,31.0,0,-0.0
47226,0.0,0,0.0
47227,30.0,0,1.0
47228,31.0,0,0.0
47229,8.0,0,1.0
47230,31.0,0,0.0
47231,31.0,1,1.0
47232,4.0,0,2.0
47233,31.0,0,-2.0
47234,0.0,1,0.0
47235,24.0,0,-2.0
47236,31.0,0,0.0
47237,30.0,0,1.0
47238,0.0,0,0.0
47239,30.0,0,1.0
47240,18.0,0,0.0
47241,10.0,0,1.0
47242,31.0,0,0.0
47243,12.0,0,-1.0
47244,15.0,0,1.0
47245,27.0,0,1.0
47246,31.0,0,0.0
47247,21.0,1,2.0
47248,23.0,0,1.0
47249,13.0,0,-0.0
47250,29.0,0,1.0
47251,27.0,0,-0.0
47252,27.0,0,1.0
47253,31.0,0,0.0
47254,28.0,0,0.0
47255,30.0,0,0.0
47256,21.0,0,-0.0
47257,29.0,0,2.0
47258,20.0,0,0.0
47259,0.0,0,7.0
47260,17.0,1,2.0
47261,11.0,0,6.0
47262,28.0,0,-1.0
47263,16.0,0,5.0
47264,0.0,0,1.0
47265,31.0,0,-0.0
47266,15.0,0,-1.0
47267,14.0,0,3.0
47268,23.0,0,2.0
47269,31.0,1,0.0
47270,31.0,0,0.0
47271,0.0,0,2.0
47272,0.0,0,0.0
47273,18.0,0,2.0
47274,29.0,0,-1.0
47275,11.0,0,2.0
47276,31.0,0,0.0
47277,29.0,0,1.0
47278,29.0,1,-1.0
47279,11.0,0,-2.0
47280,26.0,0,-0.0
47281,18.0,0,2.0
47282,31.0,0,0.0
47283,19.0,0,-0.0
47284,12.0,0,2.0
47285,31.0,0,0.0
47286,28.0,0,-1.0
47287,0.0,0,2.0
47288,1.0,1,1.0
47289,30.0,0,0.0
47290,0.0,0,1.0
47291,31.0,0,0.0
47292,0.0,0,0.0
47293,30.0,1,2.0
47294,4.0,0,1.0
47295,0.0,0,2.0
47296,0.0,0,4.0
47297,16.0,0,2.0
47298,29.0,0,2.0
47299,0.0,0,0.0
47300,31.0,0,-0.0
47301,31.0,0,-1.0
47302,31.0,0,0.0
47303,20.0,0,5.0
47304,27.0,0,-1.0
47305,19.0,0,-4.0
47306,22.0,0,1.0
47307,26.0,0,-0.0
47308,5.0,0,2.0
47309,29.0,0,1.0
47310,31.0,1,1.0
47311,0.0,0,0.0
47312,30.0,0,1.0
47313,26.0,0,2.0
47314,24.0,0,2.0
47315,18.0,1,-0.0
47316,0.0,0,2.0
47317,30.0,0,1.0
47318,31.0,0,0.0
47319,24.0,0,2.0
47320,20.0,0,0.0
47321,30.0,0,0.0
47322,29.0,0,1.0
47323,0.0,0,0.0
47324,0.0,1,0.0
47325,31.0,0,-1.0
47326,21.0,0,-3.0
47327,31.0,0,-1.0
47328,21.0,0,2.0
47329,0.0,0,0.0
47330,31.0,0,0.0
47331,31.0,0,0.0
47332,28.0,1,-1.0
47333,0.0,0,0.0
47334,31.0,1,1.0
47335,0.0,0,5.0
47336,31.0,0,0.0
47337,22.0,0,-2.0
47338,24.0,0,1.0
47339,0.0,0,0.0
47340,25.0,0,0.0
47341,17.0,0,-1.0
47342,29.0,0,2.0
47343,28.0,0,-0.0
47344,20.0,0,1.0
47345,29.0,0,-6.0
47346,16.0,0,1.0
47347,0.0,0,3.0
47348,31.0,0,0.0
47349,0.0,0,2.0
47350,23.0,1,2.0
47351,29.0,0,1.0
47352,30.0,1,0.0
47353,30.0,1,1.0
47354,31.0,0,0.0
47355,22.0,0,1.0
47356,24.0,0,0.0
47357,31.0,0,0.0
47358,0.0,0,0.0
47359,25.0,0,4.0
47360,31.0,1,1.0
47361,23.0,0,1.0
47362,15.0,0,3.0
47363,28.0,0,-2.0
47364,0.0,0,0.0
47365,29.0,0,-0.0
47366,31.0,0,0.0
47367,0.0,0,3.0
47368,30.0,0,1.0
47369,31.0,1,-0.0
47370,0.0,0,0.0
47371,0.0,0,0.0
47372,31.0,0,0.0
47373,27.0,1,2.0
47374,30.0,0,1.0
47375,30.0,0,1.0
47376,24.0,0,3.0
47377,13.0,0,2.0
47378,23.0,0,3.0
47379,18.0,1,2.0
47380,29.0,0,1.0
47381,6.0,0,-0.0
47382,3.0,0,-1.0
47383,31.0,0,0.0
47384,16.0,1,0.0
47385,6.0,0,-0.0
47386,31.0,0,-0.0
47387,26.0,0,2.0
47388,29.0,0,2.0
47389,0.0,0,1.0
47390,31.0,0,0.0
47391,17.0,0,-1.0
47392,0.0,0,0.0
47393,0.0,0,2.0
47394,31.0,0,-1.0
47395,31.0,0,-0.0
47396,25.0,0,2.0
47397,31.0,0,0.0
47398,25.0,0,2.0
47399,2.0,1,2.0
47400,31.0,0,0.0
47401,22.0,0,-1.0
47402,25.0,0,-2.0
47403,27.0,0,-0.0
47404,29.0,1,2.0
47405,24.0,0,0.0
47406,26.0,0,1.0
47407,30.0,0,-0.0
47408,26.0,0,1.0
47409,26.0,0,1.0
47410,25.0,0,2.0
47411,0.0,0,0.0
47412,30.0,1,1.0
47413,31.0,0,-2.0
47414,27.0,0,-1.0
47415,31.0,0,0.0
47416,27.0,0,3.0
47417,31.0,0,0.0
47418,17.0,0,1.0
47419,13.0,0,-0.0
47420,31.0,1,0.0
47421,29.0,0,1.0
47422,31.0,0,0.0
47423,30.0,1,1.0
47424,27.0,0,1.0
47425,24.0,0,2.0
47426,31.0,0,0.0
47427,5.0,0,7.0
47428,20.0,1,0.0
47429,31.0,0,0.0
47430,26.0,0,4.0
47431,30.0,1,2.0
47432,31.0,0,0.0
47433,6.0,0,3.0
47434,30.0,0,0.0
47435,0.0,1,0.0
47436,28.0,0,3.0
47437,6.0,1,6.0
47438,21.0,0,-1.0
47439,12.0,0,1.0
47440,26.0,0,2.0
47441,31.0,0,0.0
47442,17.0,1,3.0
47443,0.0,1,0.0
47444,19.0,0,2.0
47445,0.0,0,0.0
47446,28.0,0,0.0
47447,30.0,1,0.0
47448,1.0,1,1.0
47449,29.0,0,2.0
47450,28.0,1,0.0
47451,29.0,1,3.0
47452,27.0,0,4.0
47453,6.0,0,-0.0
47454,31.0,0,0.0
47455,31.0,0,0.0
47456,31.0,0,0.0
47457,31.0,1,0.0
47458,8.0,0,1.0
47459,30.0,0,-1.0
47460,26.0,0,2.0
47461,22.0,1,0.0
47462,23.0,0,1.0
47463,31.0,0,0.0
47464,26.0,0,-2.0
47465,29.0,0,2.0
47466,31.0,0,0.0
47467,23.0,0,-1.0
47468,31.0,0,-1.0
47469,29.0,0,2.0
47470,30.0,0,1.0
47471,27.0,0,2.0
47472,26.0,0,3.0
47473,25.0,0,1.0
47474,8.0,0,0.0
47475,28.0,1,-1.0
47476,30.0,0,-1.0
47477,31.0,0,0.0
47478,0.0,0,1.0
47479,31.0,0,-1.0
47480,0.0,0,1.0
47481,10.0,0,0.0
47482,29.0,0,1.0
47483,31.0,0,0.0
47484,20.0,0,1.0
47485,9.0,0,1.0
47486,31.0,0,-1.0
47487,21.0,0,1.0
47488,18.0,0,-0.0
47489,31.0,1,1.0
47490,14.0,0,0.0
47491,27.0,0,3.0
47492,0.0,0,1.0
47493,31.0,0,0.0
47494,31.0,0,0.0
47495,16.0,0,3.0
47496,0.0,0,0.0
47497,0.0,0,1.0
47498,12.0,0,4.0
47499,31.0,0,0.0
47500,31.0,0,0.0
47501,0.0,0,0.0
47502,28.0,1,1.0
47503,24.0,1,-1.0
47504,16.0,0,1.0
47505,2.0,1,2.0
47506,24.0,0,1.0
47507,0.0,0,4.0
47508,27.0,0,3.0
47509,31.0,0,0.0
47510,25.0,0,0.0
47511,29.0,0,2.0
47512,28.0,0,0.0
47513,27.0,1,-1.0
47514,0.0,0,0.0
47515,31.0,1,0.0
47516,29.0,0,2.0
47517,27.0,0,2.0
47518,31.0,0,0.0
47519,18.0,1,2.0
47520,27.0,0,-1.0
47521,31.0,1,0.0
47522,14.0,0,-3.0
47523,31.0,0,-1.0
47524,16.0,0,1.0
47525,29.0,0,-1.0
47526,0.0,0,3.0
47527,29.0,0,1.0
47528,0.0,0,0.0
47529,31.0,0,-0.0
47530,3.0,1,3.0
47531,0.0,0,2.0
47532,27.0,0,4.0
47533,24.0,0,4.0
47534,29.0,1,5.0
47535,0.0,0,0.0
47536,31.0,0,-2.0
47537,0.0,0,0.0
47538,29.0,0,2.0
47539,12.0,0,1.0
47540,14.0,1,1.0
47541,28.0,0,-0.0
47542,19.0,0,-3.0
47543,0.0,0,1.0
47544,22.0,0,-0.0
47545,18.0,0,2.0
47546,31.0,0,-1.0
47547,31.0,0,-1.0
47548,20.0,0,1.0
47549,26.0,0,1.0
47550,1.0,0,1.0
47551,14.0,0,-1.0
47552,0.0,0,0.0
47553,30.0,0,0.0
47554,31.0,0,-0.0
47555,30.0,0,1.0
47556,21.0,0,0.0
47557,11.0,0,1.0
47558,21.0,0,1.0
47559,20.0,0,1.0
47560,0.0,0,0.0
47561,31.0,0,0.0
47562,31.0,0,0.0
47563,1.0,0,3.0
47564,30.0,0,1.0
47565,28.0,0,1.0
47566,31.0,1,3.0
47567,21.0,1,1.0
47568,15.0,0,2.0
47569,0.0,0,0.0
47570,10.0,0,2.0
47571,1.0,1,1.0
47572,0.0,0,1.0
47573,31.0,0,0.0
47574,30.0,0,1.0
47575,20.0,0,1.0
47576,30.0,0,-1.0
47577,25.0,0,1.0
47578,5.0,1,2.0
47579,0.0,0,0.0
47580,22.0,0,2.0
47581,0.0,0,0.0
47582,13.0,0,2.0
47583,0.0,0,3.0
47584,29.0,0,2.0
47585,31.0,0,0.0
47586,24.0,1,3.0
47587,21.0,0,2.0
47588,3.0,0,0.0
47589,19.0,0,1.0
47590,31.0,0,-1.0
47591,7.0,0,-1.0
47592,0.0,0,1.0
47593,29.0,0,-1.0
47594,9.0,0,-0.0
47595,16.0,0,-1.0
47596,6.0,0,2.0
47597,0.0,0,2.0
47598,18.0,0,4.0
47599,0.0,0,3.0
47600,31.0,1,4.0
47601,31.0,0,-0.0
47602,6.0,0,2.0
47603,0.0,0,2.0
47604,21.0,0,1.0
47605,18.0,0,1.0
47606,31.0,0,0.0
47607,28.0,0,-0.0
47608,21.0,0,3.0
47609,17.0,0,-1.0
47610,15.0,0,-1.0
47611,30.0,0,-0.0
47612,30.0,0,1.0
47613,23.0,0,1.0
47614,0.0,0,3.0
47615,29.0,0,-1.0
47616,14.0,0,-2.0
47617,31.0,0,0.0
47618,26.0,0,2.0
47619,0.0,0,0.0
47620,4.0,0,3.0
47621,31.0,1,0.0
47622,31.0,0,0.0
47623,29.0,0,2.0
47624,31.0,0,-1.0
47625,28.0,0,0.0
47626,0.0,0,0.0
47627,29.0,0,2.0
47628,31.0,0,0.0
47629,29.0,0,-1.0
47630,26.0,0,-0.0
47631,28.0,0,1.0
47632,0.0,0,0.0
47633,0.0,0,2.0
47634,30.0,0,-0.0
47635,0.0,0,2.0
47636,30.0,0,1.0
47637,28.0,0,1.0
47638,23.0,0,-1.0
47639,0.0,0,0.0
47640,20.0,0,5.0
47641,25.0,0,3.0
47642,31.0,0,-0.0
47643,0.0,0,0.0
47644,30.0,0,1.0
47645,21.0,1,-2.0
47646,12.0,0,2.0
47647,27.0,0,1.0
47648,28.0,1,1.0
47649,26.0,1,1.0
47650,0.0,0,1.0
47651,0.0,0,1.0
47652,24.0,0,0.0
47653,2.0,0,3.0
47654,21.0,0,-1.0
47655,22.0,0,1.0
47656,0.0,0,3.0
47657,27.0,0,2.0
47658,17.0,0,3.0
47659,25.0,1,0.0
47660,7.0,0,1.0
47661,0.0,0,3.0
47662,0.0,0,2.0
47663,0.0,0,0.0
47664,26.0,0,1.0
47665,31.0,0,-3.0
47666,27.0,0,4.0
47667,0.0,1,0.0
47668,21.0,0,1.0
47669,30.0,0,1.0
47670,25.0,0,-1.0
47671,0.0,0,0.0
47672,28.0,0,1.0
47673,0.0,0,2.0
47674,15.0,1,-2.0
47675,31.0,0,0.0
47676,31.0,0,0.0
47677,25.0,0,1.0
47678,15.0,0,1.0
47679,0.0,0,3.0
47680,0.0,0,0.0
47681,0.0,0,2.0
47682,6.0,0,3.0
47683,26.0,0,3.0
